-1
-1
-1
-1
-1
0
0
0
-1
1
1
1
-1
-1
-1
2
2
2
3
3
3
3
3
3
3
3
-1
4
4
4
5
5
5
5
5
5
5
6
6
6
6
7
7
8
8
8
8
8
8
8
8
-1
9
9
9
-1
10
10
-1
-1
-1
-1
-1
11
11
11
12
12
12
12
12
12
13
13
13
14
14
14
14
-1
15
15
15
-1
16
16
16
-1
17
17
17
-1
18
18
-1
19
19
19
-1
20
20
20
21
21
21
22
22
22
22
22
22
22
-1
23
23
23
24
24
24
24
25
25
25
25
26
26
26
26
27
27
27
28
28
28
28
28
28
28
29
29
29
29
29
29
29
30
30
30
30
31
31
31
31
31
32
32
32
32
33
33
33
33
-1
34
34
34
35
35
35
35
-1
-1
36
36
-1
-1
37
37
38
38
38
38
38
39
39
39
39
40
40
40
40
41
41
41
41
42
42
42
43
43
43
44
44
44
45
45
45
45
45
45
46
46
46
46
47
47
47
48
48
48
48
48
48
49
49
49
49
49
49
49
50
50
50
50
50
50
-1
-1
51
51
51
52
52
52
52
53
53
53
53
54
54
54
54
54
54
55
55
55
55
55
55
-1
56
56
56
56
56
57
57
57
57
57
57
57
-1
58
58
58
59
59
59
59
59
59
59
60
60
60
60
-1
61
61
61
62
62
62
62
62
62
62
63
63
63
63
63
63
64
64
64
64
64
64
-1
65
65
65
-1
66
66
66
-1
67
67
67
68
68
68
68
68
69
69
69
69
70
70
70
70
71
71
71
71
72
72
72
72
72
72
72
73
73
73
73
74
74
74
74
74
74
74
75
75
75
75
76
76
76
76
77
77
77
77
77
77
77
77
78
78
78
78
79
79
79
79
80
80
80
80
81
81
81
81
82
82
82
82
83
83
83
83
84
84
84
84
84
84
84
85
85
85
85
85
86
86
86
86
86
86
86
87
87
87
87
88
88
88
88
89
89
89
89
90
90
90
90
91
91
91
91
92
92
92
92
93
93
93
93
94
94
94
94
94
95
95
95
95
96
96
96
96
97
97
97
97
98
98
98
98
98
99
99
99
99
99
99
99
100
100
100
100
100
100
101
101
101
102
102
102
102
102
102
102
102
-1
103
103
103
104
104
104
104
-1
105
105
105
105
105
106
106
106
106
107
107
107
108
108
108
-1
109
109
109
109
109
110
110
110
110
110
110
110
111
111
111
111
111
112
112
112
113
113
113
113
114
114
114
114
115
115
115
115
116
116
116
116
117
117
117
117
118
118
118
118
119
119
119
119
-1
120
120
120
121
121
121
121
122
122
122
122
-1
123
123
123
-1
124
124
124
125
125
125
125
125
125
125
126
126
126
126
127
127
127
127
128
128
128
128
129
129
129
129
130
130
130
130
-1
131
131
131
-1
132
132
132
132
132
132
132
-1
133
133
133
134
134
134
134
134
134
-1
135
135
135
-1
136
136
136
-1
137
137
137
-1
138
138
138
139
139
139
139
139
139
139
140
140
140
140
141
141
-1
-1
142
142
142
-1
143
143
143
-1
144
144
144
145
145
145
145
145
145
146
146
146
146
147
147
147
147
147
147
147
-1
148
148
148
149
149
149
149
150
150
150
-1
151
151
151
152
152
152
152
152
153
153
153
153
153
153
153
154
154
154
154
154
155
155
155
155
155
155
155
155
156
156
156
156
-1
157
157
157
158
158
158
158
159
159
-1
-1
160
160
160
161
161
161
161
162
162
163
163
163
163
-1
164
164
164
-1
165
165
165
166
166
166
166
166
167
167
167
167
-1
168
168
168
169
169
169
170
170
170
170
171
171
172
172
172
172
-1
-1
173
173
174
174
174
174
174
174
174
-1
-1
175
175
-1
176
176
176
176
-1
-1
-1
-1
177
177
178
178
178
179
179
179
179
180
180
180
180
181
181
181
181
182
182
182
182
183
183
183
183
184
184
184
184
184
184
185
185
185
185
186
186
186
186
186
-1
187
187
187
187
188
188
188
188
189
189
189
189
189
189
190
190
190
190
191
191
191
191
192
192
192
192
193
193
194
194
194
194
195
195
195
195
196
196
196
-1
197
197
197
198
198
198
198
198
198
-1
199
199
199
-1
200
200
200
-1
201
201
201
202
202
202
202
202
202
202
202
-1
203
203
203
-1
204
204
204
-1
205
205
205
206
206
206
207
207
207
207
207
207
207
208
208
208
209
209
209
210
210
210
210
-1
211
211
-1
212
212
212
212
212
-1
213
213
213
213
214
214
214
214
214
214
214
-1
-1
215
215
216
216
216
216
216
216
216
-1
217
217
217
-1
-1
218
218
-1
-1
219
219
-1
-1
220
220
-1
221
221
221
-1
-1
222
222
-1
-1
-1
-1
-1
-1
223
223
223
224
224
224
225
225
225
225
225
226
226
226
226
226
-1
-1
-1
227
227
227
227
227
227
228
228
228
228
229
229
229
229
230
230
230
230
231
231
231
232
232
233
233
233
233
234
234
234
235
235
235
236
236
236
237
237
237
238
238
239
239
240
240
240
240
240
-1
241
241
241
-1
242
242
242
-1
243
243
243
244
244
244
244
245
245
-1
-1
246
246
246
-1
247
247
247
-1
248
248
248
-1
249
249
249
250
250
250
250
250
250
250
251
251
251
251
251
251
-1
252
252
252
-1
253
253
253
-1
254
254
254
-1
255
255
255
256
256
256
256
256
256
256
257
257
257
257
-1
258
258
259
259
259
259
259
259
259
259
260
260
260
261
261
261
261
261
261
-1
262
262
262
263
263
263
264
264
264
264
265
265
265
265
265
265
265
266
266
266
266
267
267
267
-1
268
268
268
-1
269
269
269
-1
270
270
270
271
271
271
271
271
271
271
-1
272
272
272
-1
-1
273
273
273
-1
274
274
274
275
275
275
275
276
276
276
276
276
276
276
277
277
277
277
277
277
277
278
278
278
278
279
279
279
279
280
280
280
280
281
281
281
281
282
282
282
282
282
282
283
283
283
283
283
283
283
284
284
284
284
284
285
285
285
285
285
285
286
286
286
286
286
286
287
287
287
287
288
288
289
289
289
289
-1
-1
290
290
290
290
290
290
290
291
291
291
291
291
291
291
291
292
292
292
292
292
292
293
293
293
293
294
294
294
294
295
295
295
295
296
296
296
296
297
297
297
297
298
298
298
298
299
299
299
299
299
299
300
300
300
300
301
301
301
301
302
302
302
302
302
302
302
302
-1
303
303
303
304
304
304
304
-1
305
305
305
-1
306
306
306
307
307
307
307
307
307
307
307
308
308
308
308
308
309
309
309
310
310
310
310
310
-1
311
311
311
311
312
312
312
312
313
313
313
313
314
314
314
314
314
314
315
315
315
315
316
316
316
316
317
317
317
317
317
-1
318
318
318
318
-1
319
319
319
-1
320
320
320
-1
321
321
321
322
322
322
322
323
323
323
323
323
323
324
324
324
324
324
325
325
325
325
325
325
325
326
326
326
327
327
327
327
327
327
327
328
328
328
328
328
329
329
329
329
330
330
331
331
331
331
332
332
332
333
333
333
333
333
333
333
333
334
334
334
334
334
334
334
335
335
335
335
-1
336
336
336
-1
-1
337
337
337
337
-1
338
338
-1
-1
-1
-1
339
339
-1
-1
-1
340
340
-1
-1
341
341
-1
-1
342
342
-1
343
343
343
-1
344
344
-1
345
345
345
-1
346
346
346
-1
-1
347
347
-1
-1
348
348
-1
-1
349
349
350
350
350
350
350
350
350
351
351
351
351
351
-1
-1
352
352
352
352
353
353
353
354
354
354
354
354
354
355
355
355
355
-1
356
356
-1
357
357
357
-1
358
358
358
-1
359
359
359
360
360
360
360
361
361
362
362
362
362
362
362
362
-1
363
363
363
-1
364
364
364
-1
365
365
365
-1
366
366
366
367
367
367
367
-1
368
368
368
369
369
369
369
369
369
369
370
370
370
370
371
371
-1
372
372
372
-1
373
373
373
-1
374
374
374
-1
375
375
375
-1
376
376
376
377
377
377
377
378
378
378
378
379
379
379
379
379
380
380
380
380
380
380
380
381
381
381
381
381
381
381
382
382
382
382
382
382
382
-1
383
383
383
383
383
383
383
384
384
384
384
384
384
384
-1
385
385
385
386
386
386
386
387
387
387
388
388
388
388
388
389
389
389
389
390
390
390
390
390
390
390
-1
-1
391
391
391
392
392
392
392
392
392
393
393
394
394
394
394
395
395
395
219
396
396
396
396
397
397
397
397
397
397
397
398
398
398
398
398
398
398
399
399
399
399
400
400
400
400
400
400
400
401
401
401
401
402
402
402
402
402
403
403
403
403
403
404
404
404
404
405
405
405
406
406
406
406
407
407
407
407
408
408
408
408
409
409
409
409
410
410
410
410
410
411
411
411
411
412
412
412
412
413
413
413
413
413
414
414
414
414
414
414
414
415
415
415
415
415
415
415
416
416
416
416
416
416
416
416
417
417
417
417
417
417
417
418
418
418
418
418
418
418
419
419
419
419
419
419
419
420
420
420
420
420
420
421
421
-1
422
422
422
-1
423
423
423
424
424
424
424
424
424
424
425
425
425
425
425
425
425
425
426
426
-1
-1
-1
427
427
427
428
428
428
428
429
429
429
429
430
430
430
430
430
430
430
431
431
431
431
431
431
431
432
432
432
432
432
432
432
-1
433
433
433
-1
434
434
434
-1
435
435
436
436
436
436
-1
437
437
437
-1
438
438
438
439
439
-1
440
440
440
440
441
441
441
441
441
441
442
442
442
442
442
442
442
443
443
443
443
443
443
444
444
444
444
-1
445
445
445
446
446
446
446
-1
447
447
447
448
448
448
448
448
448
448
-1
449
449
449
450
450
450
450
-1
-1
451
451
451
452
452
452
452
453
453
453
453
453
453
453
454
454
454
454
455
455
455
455
456
456
456
456
457
457
457
457
457
458
458
458
458
458
458
458
459
459
459
459
459
459
459
460
460
460
461
461
461
461
462
462
462
462
463
463
463
463
464
464
464
464
465
465
465
466
466
466
467
467
467
467
467
467
468
468
468
468
469
469
469
469
470
470
470
470
470
470
471
471
471
471
472
472
472
472
472
472
472
473
473
473
473
473
473
473
474
474
474
474
474
474
475
475
475
475
475
476
476
476
476
476
476
476
477
477
477
477
477
477
477
-1
-1
478
478
-1
479
479
479
480
480
480
480
480
480
480
-1
481
481
481
481
481
482
482
482
-1
483
483
483
-1
484
484
484
-1
485
485
485
486
486
486
486
487
487
488
488
488
488
488
488
488
489
489
489
489
489
489
490
490
490
490
491
491
491
492
492
492
493
493
493
494
494
494
494
494
494
494
495
495
495
495
495
495
495
496
496
496
496
496
497
497
-1
498
498
498
499
499
499
499
500
500
500
-1
501
501
501
-1
502
502
502
503
503
503
503
503
-1
-1
504
504
504
-1
505
505
505
506
506
506
506
507
507
507
508
508
508
508
508
508
509
509
509
509
509
509
509
-1
510
510
510
510
511
511
512
512
512
512
512
512
512
513
513
513
513
513
513
513
513
-1
514
514
514
-1
515
515
515
-1
516
516
516
517
517
517
518
518
518
518
518
518
518
519
519
520
520
520
520
521
521
521
521
522
522
522
523
523
523
523
523
523
524
524
524
524
524
524
525
525
525
525
525
526
526
526
526
526
527
527
527
527
528
528
528
528
529
529
529
529
530
530
531
531
531
531
532
532
533
533
533
533
533
533
533
