0
0
0
0
1
1
1
1
2
2
2
2
3
3
3
4
4
4
4
5
5
5
5
5
6
6
6
7
7
7
7
8
8
8
8
9
9
9
9
10
10
10
10
11
11
11
11
12
12
12
12
12
12
12
13
13
13
13
14
14
14
14
14
15
15
15
15
15
15
15
16
16
16
16
16
16
16
17
17
17
17
17
17
17
18
18
18
18
18
18
18
18
19
19
19
19
19
19
20
20
20
20
20
20
21
21
21
21
22
22
22
22
22
23
23
23
23
24
24
24
24
25
25
25
25
26
26
26
26
27
27
27
27
28
28
28
28
28
28
29
29
30
30
30
30
30
30
30
-1
31
31
31
31
32
32
32
32
33
33
33
33
-1
-1
-1
-1
34
34
34
34
35
35
35
35
36
36
36
36
37
37
37
37
38
-1
-1
-1
39
39
39
39
40
38
38
38
41
41
41
41
42
42
43
43
43
43
-1
44
44
44
45
45
45
45
45
46
46
46
46
47
47
47
47
47
47
47
48
48
48
48
48
48
49
49
49
49
50
50
50
51
51
51
51
51
51
51
52
52
52
-1
53
53
53
54
54
54
54
54
54
54
-1
55
55
55
-1
56
56
56
57
57
57
57
-1
58
58
58
59
59
59
59
60
60
60
60
61
61
61
61
61
61
61
62
62
62
62
62
62
62
63
63
63
63
63
63
63
-1
64
64
64
65
65
65
65
65
65
66
66
66
66
67
67
67
67
67
67
67
-1
68
68
68
69
69
69
69
70
70
70
70
71
71
71
71
71
71
71
72
72
72
72
73
73
73
73
74
74
74
74
75
75
75
75
75
75
75
76
76
76
76
77
77
77
77
78
78
78
79
79
79
79
79
79
80
80
80
80
80
81
81
81
81
81
81
81
82
82
82
82
83
83
83
83
84
84
85
85
85
86
86
86
86
87
87
87
87
88
88
88
88
89
89
89
89
89
89
89
90
90
91
91
91
91
91
92
92
92
92
93
93
93
93
94
94
94
95
95
95
96
96
96
96
96
96
96
97
97
98
98
98
98
98
98
98
99
99
99
99
100
100
100
101
101
101
102
102
102
102
103
103
103
103
104
104
104
104
105
105
105
105
106
106
106
106
107
107
107
107
108
108
108
108
109
109
109
109
109
109
109
110
110
110
110
111
111
111
111
112
112
112
112
113
113
113
113
114
114
114
114
114
114
114
115
115
115
115
115
116
116
116
117
117
117
118
118
118
-1
-1
-1
119
119
119
120
120
120
121
121
121
121
122
122
122
122
122
122
122
-1
123
123
123
124
124
124
125
125
125
125
125
126
126
126
126
126
126
127
127
127
127
127
128
128
128
128
128
128
129
129
129
-1
130
130
131
131
131
131
132
132
132
132
133
133
133
133
133
-1
134
134
-1
135
135
135
136
136
136
136
136
137
137
137
137
138
138
138
138
139
139
139
139
139
139
139
140
140
140
140
141
141
141
142
142
142
143
143
143
143
144
144
144
144
144
144
144
145
145
145
145
145
145
146
146
146
146
-1
147
147
147
-1
148
148
148
149
149
149
149
149
149
149
-1
150
150
150
151
151
151
151
151
152
152
152
152
-1
153
153
153
-1
154
154
154
154
154
155
155
155
155
155
155
-1
156
156
156
-1
157
157
157
158
158
158
158
159
159
159
159
159
159
159
159
160
160
160
160
160
-1
161
161
161
162
162
162
162
162
162
162
163
163
163
163
163
163
163
164
164
164
164
165
165
165
-1
166
166
166
-1
167
167
167
-1
168
168
168
-1
169
169
169
170
170
170
170
171
171
171
171
-1
172
172
-1
173
173
173
174
174
174
174
174
174
-1
175
175
175
-1
176
176
176
177
177
177
177
177
177
177
-1
178
178
178
179
179
179
179
179
179
180
180
180
180
180
180
181
181
181
181
-1
182
182
182
-1
-1
183
183
183
-1
184
184
184
-1
185
185
185
-1
186
186
186
-1
187
187
187
-1
188
188
188
-1
-1
189
189
189
189
190
190
190
190
191
191
191
191
191
192
192
192
192
192
192
192
193
193
193
193
193
193
193
194
194
-1
195
195
195
195
196
196
196
196
197
197
197
197
197
-1
198
198
198
198
198
198
199
199
199
199
200
200
200
200
201
201
201
201
-1
-1
-1
-1
202
202
203
203
203
203
203
203
203
204
204
204
205
205
205
205
205
205
205
205
-1
206
206
206
207
207
207
207
207
207
207
208
208
208
208
209
209
210
210
210
210
210
210
210
211
211
211
211
211
211
211
212
212
212
212
212
212
212
-1
-1
213
213
-1
214
214
214
-1
215
215
214
-1
216
216
216
217
217
217
217
218
218
218
218
218
218
218
219
219
219
219
219
219
-1
-1
220
220
221
221
222
222
222
223
223
223
223
223
223
223
224
224
224
224
224
225
225
225
225
226
226
226
226
227
227
227
227
228
228
228
228
229
229
229
229
230
230
230
230
231
231
231
231
232
232
232
232
233
233
233
234
234
234
235
235
235
235
236
236
236
236
237
237
237
237
237
238
238
238
238
239
239
239
239
240
240
240
241
241
241
241
-1
-1
-1
242
242
243
243
243
-1
244
244
244
-1
245
245
245
-1
246
246
246
-1
247
247
247
-1
248
248
248
-1
249
249
249
-1
250
250
250
-1
251
251
251
-1
252
252
252
-1
253
253
253
-1
254
254
254
-1
255
255
255
-1
256
256
256
-1
257
257
257
-1
258
258
258
-1
259
259
259
260
260
260
261
261
261
261
262
262
262
262
-1
263
263
263
-1
264
264
264
-1
265
265
265
-1
266
266
266
267
267
267
267
268
268
268
268
268
-1
269
269
269
-1
270
270
270
271
271
271
271
271
-1
272
272
272
-1
273
273
273
274
274
275
275
275
275
275
275
275
275
276
276
277
277
277
277
277
277
277
-1
278
278
278
-1
279
279
279
-1
280
280
280
-1
281
281
281
-1
282
282
282
-1
-1
-1
-1
-1
-1
283
283
283
283
284
284
284
284
284
284
284
285
285
285
200
286
286
286
286
286
286
286
286
-1
287
287
287
288
288
288
288
289
289
289
289
289
290
290
290
290
290
-1
291
291
291
292
292
292
292
292
292
292
293
293
-1
294
294
294
294
294
294
294
295
295
295
295
296
296
296
297
297
-1
298
298
298
298
299
299
299
299
-1
-1
300
300
300
300
300
301
301
301
301
-1
302
302
302
303
303
303
303
304
304
304
304
304
304
304
305
305
305
305
306
306
306
306
306
306
306
307
307
307
307
308
308
308
308
-1
309
309
309
-1
310
310
310
-1
311
311
311
-1
312
312
312
312
312
312
312
313
313
313
313
313
313
313
314
314
314
314
315
315
315
316
316
316
316
316
317
317
317
317
317
318
318
318
318
318
318
319
319
319
319
319
320
320
320
321
321
321
322
322
322
322
322
322
322
323
323
323
323
323
324
324
324
324
325
325
325
325
326
326
326
326
327
327
327
328
328
328
328
329
329
329
329
329
329
329
330
330
-1
331
331
331
331
-1
332
332
332
333
333
333
334
334
334
-1
335
335
335
336
336
336
336
336
336
-1
337
337
337
338
338
338
338
339
339
339
339
339
339
339
340
340
340
340
340
340
341
341
341
341
341
341
341
342
342
342
342
342
342
342
343
343
343
-1
344
344
344
-1
345
345
345
-1
346
346
346
347
347
347
347
347
347
347
348
348
348
348
349
349
349
349
-1
350
350
350
351
351
351
351
352
352
352
352
352
352
353
353
353
353
-1
-1
-1
354
354
354
-1
355
355
355
356
356
356
356
357
357
357
357
358
358
359
359
359
360
360
360
-1
361
361
361
-1
362
362
362
363
363
363
363
363
363
363
364
364
364
364
365
365
365
365
366
366
366
367
368
368
368
369
369
370
370
370
370
371
371
371
-1
372
372
372
-1
88
88
88
373
373
373
-1
374
374
374
-1
375
375
375
376
376
376
376
376
376
376
-1
377
377
377
378
378
378
378
379
379
379
379
-1
380
380
380
381
381
381
381
382
382
382
383
383
383
383
383
384
384
384
384
385
385
385
385
-1
386
386
-1
387
387
387
-1
388
388
388
389
389
389
389
390
390
390
390
-1
391
391
391
392
392
392
392
392
393
393
394
394
394
394
395
395
395
396
396
396
397
397
397
397
397
397
397
-1
398
398
398
-1
-1
399
399
399
-1
400
400
400
-1
-1
401
401
-1
-1
402
402
-1
403
403
403
-1
404
404
404
-1
-1
405
405
-1
406
406
406
-1
407
407
407
-1
-1
408
408
409
409
409
409
409
409
409
410
410
411
411
411
412
412
412
412
412
-1
413
413
413
-1
414
414
414
415
415
415
415
415
415
415
-1
416
416
416
417
417
417
417
418
418
418
418
-1
419
419
419
420
420
420
420
420
421
421
421
421
422
422
422
422
422
423
423
423
-1
424
424
424
424
424
424
424
-1
425
425
426
426
426
426
426
426
426
427
427
427
428
428
428
428
429
429
429
430
430
430
-1
431
431
431
431
431
431
431
432
432
432
432
432
432
433
433
433
433
433
434
434
434
434
434
434
-1
435
435
435
-1
436
436
436
437
437
437
438
438
438
438
-1
439
439
439
439
-1
440
440
440
441
441
441
-1
442
442
442
-1
443
443
443
444
444
444
444
444
444
-1
445
445
445
-1
446
446
446
446
446
446
446
447
447
447
448
448
448
449
449
449
449
449
-1
-1
450
450
450
-1
451
451
451
452
452
452
452
452
452
452
453
453
453
454
454
454
-1
455
455
455
456
456
457
457
457
457
458
458
458
458
458
459
459
459
459
459
459
459
-1
460
460
461
461
461
461
461
461
-1
462
462
462
463
463
463
463
463
463
463
464
464
464
464
464
464
464
465
465
466
466
466
466
466
467
467
467
467
467
468
468
468
468
469
469
470
470
470
470
470
470
470
471
471
471
471
472
472
472
472
472
472
472
473
473
473
473
-1
474
474
474
475
475
475
475
476
476
476
476
476
477
477
477
477
477
477
478
478
479
479
479
479
479
-1
480
480
480
480
481
481
481
481
481
481
481
482
482
482
482
482
482
482
483
483
483
483
483
483
483
484
484
484
484
485
485
485
485
485
485
485
486
486
486
486
486
486
486
-1
487
487
487
488
488
488
488
489
489
489
489
490
490
490
491
491
491
491
492
492
492
492
493
493
493
493
493
493
494
494
494
494
494
494
494
495
495
495
495
496
496
496
496
497
497
497
497
498
498
498
498
499
499
499
499
499
499
499
500
500
500
500
500
-1
501
501
501
501
501
501
501
502
502
502
502
502
502
502
503
503
503
503
504
504
504
504
505
505
505
505
505
505
505
-1
506
506
506
507
507
507
507
507
507
507
508
508
508
508
509
509
509
509
510
510
510
510
511
511
511
511
512
512
512
512
513
513
513
513
514
514
514
514
514
514
514
514
515
-1
516
516
516
516
516
517
517
517
517
518
518
518
518
518
518
518
519
519
519
519
520
520
520
520
520
520
520
521
521
521
521
521
521
521
522
522
522
522
523
523
523
523
523
524
524
524
524
524
525
525
525
525
526
526
526
526
526
527
527
527
527
527
527
528
528
528
528
529
529
529
529
529
529
529
530
530
530
530
530
530
530
531
531
531
531
531
532
532
532
532
532
532
532
533
533
534
534
534
535
535
535
536
536
536
536
536
536
537
537
537
537
537
537
537
538
538
538
538
539
539
539
540
540
540
540
540
540
541
541
542
542
542
542
543
543
543
543
544
544
544
378
545
36
36
36
546
546
546
546
547
547
547
547
548
548
548
548
549
549
549
549
550
550
550
551
551
551
551
551
551
552
552
552
552
552
552
553
553
553
553
554
554
554
554
554
554
554
555
555
555
555
555
555
555
556
556
556
556
556
556
556
557
557
557
557
557
557
557
558
558
558
558
558
558
559
559
559
559
559
559
560
560
560
560
561
561
561
561
562
562
562
562
562
563
563
563
563
564
564
564
564
565
565
565
565
566
566
566
566
567
567
568
568
568
568
568
569
569
569
36
570
570
570
570
-1
571
571
572
572
572
572
573
573
573
573
574
574
574
574
574
575
575
575
575
575
575
575
576
576
576
576
576
576
576
577
577
577
577
577
577
578
578
578
579
579
579
580
580
580
581
581
581
582
582
582
582
582
583
583
583
583
584
584
585
585
586
586
586
586
587
587
587
587
588
588
588
588
589
589
589
589
590
590
590
590
591
591
591
591
592
592
592
592
593
593
593
593
594
594
594
594
595
595
595
595
595
595
595
596
596
596
596
597
597
597
597
598
598
598
598
599
599
599
599
600
600
600
600
601
601
601
601
602
602
602
602
602
602
602
603
603
603
604
604
604
604
605
605
605
605
606
606
606
606
607
607
607
608
608
608
-1
609
609
609
-1
610
610
610
-1
611
611
611
612
612
612
612
612
612
612
-1
613
613
613
614
614
614
614
614
615
615
615
615
615
615
615
616
616
616
616
616
616
616
617
617
617
-1
618
618
618
618
619
619
619
619
619
620
620
620
620
-1
621
621
621
622
260
-1
623
623
623
-1
624
624
624
338
625
625
626
626
626
626
626
626
626
627
627
627
627
627
627
627
628
628
628
629
629
629
630
630
630
630
631
631
632
632
632
632
632
632
632
633
633
633
633
633
633
633
634
634
634
634
635
635
635
635
-1
636
636
636
636
636
636
636
637
637
637
637
638
638
638
639
639
639
639
640
640
640
640
640
640
640
641
641
642
642
642
642
643
643
643
643
644
644
644
644
645
645
645
645
645
645
-1
-1
646
646
646
646
646
646
-1
-1
-1
647
647
647
648
648
648
648
648
648
649
649
650
650
650
651
651
651
651
652
652
652
652
653
653
653
653
653
653
653
654
654
654
654
654
654
655
655
655
655
656
656
656
656
656
657
657
657
657
658
658
658
658
658
659
659
659
659
659
659
659
660
660
660
660
660
660
660
661
661
661
661
661
661
-1
662
662
662
663
663
663
663
-1
664
664
664
665
665
665
665
665
665
665
666
666
666
666
667
667
667
668
668
668
-1
669
669
669
-1
670
670
670
-1
671
671
460
-1
672
672
672
-1
673
673
673
674
674
674
674
674
674
675
675
675
675
676
676
676
676
677
677
677
677
678
678
678
678
679
679
679
679
680
680
680
680
680
680
680
681
681
681
681
681
681
681
682
682
682
682
683
683
683
683
683
684
684
684
684
685
685
686
686
686
686
686
686
686
686
687
687
687
687
687
688
688
688
688
689
689
689
689
689
689
689
690
690
690
690
690
690
690
691
691
692
692
692
692
-1
693
693
693
-1
694
694
694
-1
695
695
695
696
696
696
696
697
697
697
697
698
698
698
698
698
698
698
699
699
699
699
699
699
699
700
700
700
700
700
700
700
701
701
701
701
702
702
702
702
703
703
703
703
704
704
704
704
704
704
704
704
705
705
705
705
706
706
-1
707
707
707
707
707
707
707
707
708
708
708
708
709
709
709
709
710
710
710
711
711
711
711
712
712
712
712
712
712
712
713
713
713
713
714
714
714
714
714
714
714
715
715
715
715
716
716
716
717
717
717
717
718
718
718
718
719
719
719
719
720
720
720
720
721
721
721
721
721
721
721
722
722
722
722
722
722
722
723
723
723
723
723
723
-1
724
724
724
724
724
724
724
724
725
725
725
725
725
726
726
726
726
726
726
726
-1
727
727
727
-1
-1
728
728
-1
729
729
729
-1
-1
730
730
731
731
731
731
732
732
732
732
732
732
732
733
733
733
733
733
733
733
734
734
734
734
734
735
735
735
735
736
736
737
737
737
737
737
737
738
738
738
738
739
739
739
739
739
739
739
740
740
740
740
740
740
740
741
741
741
742
742
742
-1
-1
-1
743
743
743
743
744
744
744
744
-1
745
745
745
745
745
746
746
746
746
747
747
747
747
748
748
748
748
749
749
749
749
749
749
750
750
750
750
-1
751
751
752
752
752
752
753
753
753
753
753
753
753
754
754
754
754
755
755
755
755
755
755
756
756
756
757
757
757
757
758
758
758
758
758
758
758
-1
759
759
759
759
759
759
760
760
760
760
761
761
761
761
762
762
762
762
763
763
763
-1
-1
367
367
367
764
764
764
764
764
764
764
765
765
765
765
765
765
765
-1
766
766
766
767
767
767
767
767
768
768
768
768
769
769
769
769
-1
1033
770
770
770
770
771
771
771
771
771
772
772
772
772
-1
773
773
773
774
774
774
775
775
775
775
775
776
776
776
776
776
776
777
777
777
777
778
778
778
778
779
779
779
779
779
-1
780
780
780
-1
781
781
781
782
782
782
782
782
782
782
783
783
783
783
783
783
783
784
784
784
784
785
785
785
785
785
786
786
786
786
786
786
786
787
787
787
787
-1
788
788
788
-1
-1
789
789
790
790
790
790
790
791
791
791
791
791
791
791
792
792
792
792
792
792
793
793
793
793
793
793
793
-1
-1
794
794
-1
-1
795
795
795
796
797
797
797
798
798
799
799
799
-1
800
800
800
-1
801
801
801
802
802
802
802
802
802
802
803
803
803
803
803
803
803
804
804
804
804
804
804
804
805
805
805
805
805
805
805
-1
806
806
806
-1
-1
-1
25
-1
807
807
807
808
808
808
808
809
809
809
809
810
810
810
810
811
811
811
811
811
812
812
812
812
812
812
813
813
813
813
813
813
813
814
814
814
814
814
814
-1
815
815
815
816
816
816
816
816
816
816
817
817
817
817
-1
818
818
818
-1
819
819
819
-1
-1
820
820
-1
821
821
821
-1
-1
822
822
-1
823
823
823
-1
824
824
824
-1
-1
825
825
-1
826
826
827
827
827
828
828
828
828
828
829
829
829
830
830
830
830
831
831
831
831
832
832
832
832
833
833
833
833
833
833
834
834
834
834
835
835
835
835
835
836
836
836
836
836
-1
837
837
837
419
838
838
838
839
839
839
839
840
840
840
840
841
841
842
842
-1
-1
843
843
843
844
844
844
844
844
844
844
845
845
845
845
845
846
846
846
846
846
846
846
846
847
847
847
847
847
847
848
848
848
848
849
849
849
849
850
850
850
850
851
851
851
852
852
852
852
852
852
852
852
853
853
853
853
-1
854
854
854
855
855
855
855
856
856
856
856
856
856
857
857
857
857
857
857
857
858
858
858
858
859
859
859
859
860
860
860
860
860
860
860
861
861
861
861
-1
862
862
862
863
863
863
864
864
864
864
864
864
865
865
865
865
865
865
865
-1
866
866
866
866
867
867
867
867
867
867
867
867
868
868
868
868
868
868
868
869
869
869
869
869
869
869
-1
870
870
870
871
871
871
871
872
872
872
872
872
872
873
873
874
874
874
874
874
874
874
875
875
875
875
875
876
876
876
876
876
876
-1
877
877
877
-1
878
878
878
879
879
879
879
880
880
-1
881
881
881
-1
882
882
882
883
883
883
884
884
884
884
884
884
884
885
885
885
885
885
885
885
886
886
886
886
886
886
887
887
887
887
887
888
888
888
888
888
888
888
889
889
889
889
889
889
889
890
890
890
890
890
-1
891
891
891
892
892
892
892
892
892
-1
893
893
893
-1
894
894
894
-1
895
895
895
896
897
897
897
-1
898
898
898
899
899
899
899
900
900
900
900
900
900
900
901
901
901
901
901
901
901
-1
902
902
902
903
903
903
903
903
904
904
904
904
904
904
-1
905
905
905
-1
906
906
906
-1
907
907
907
-1
908
908
908
-1
909
909
909
910
910
910
910
-1
911
911
911
-1
912
912
912
-1
913
913
913
-1
914
914
915
915
915
915
916
916
916
916
916
916
916
917
917
917
917
917
917
917
918
918
918
918
918
918
918
919
919
919
919
919
919
919
-1
920
920
920
-1
921
921
921
-1
-1
922
922
-1
-1
923
923
924
924
924
924
-1
-1
-1
-1
925
925
925
925
926
926
926
926
926
926
926
-1
-1
927
927
-1
-1
928
928
-1
929
929
929
-1
-1
930
930
931
931
931
931
931
931
932
932
932
932
932
932
932
933
933
933
933
934
934
-1
935
935
935
935
-1
-1
936
936
-1
-1
937
937
-1
938
938
938
-1
939
939
939
940
940
940
940
940
941
941
941
941
942
942
942
942
942
943
943
943
943
944
944
944
944
945
946
946
946
946
946
946
947
947
947
947
947
947
947
-1
948
948
948
949
949
949
949
949
949
-1
-1
950
950
950
951
951
951
951
952
952
952
952
952
952
-1
953
953
953
-1
954
954
954
955
955
955
955
956
956
956
956
957
957
957
957
958
958
958
958
959
959
959
959
960
960
960
960
960
960
961
961
961
961
961
962
962
962
962
963
963
963
963
963
963
964
964
964
964
965
965
965
965
966
966
966
967
967
967
967
967
967
968
968
968
968
969
969
969
969
969
969
969
970
970
970
970
970
971
971
971
971
-1
972
972
972
973
973
973
973
973
973
973
974
974
974
974
974
974
974
975
975
975
975
975
976
976
976
976
976
977
977
977
977
977
977
977
978
978
978
978
978
978
979
979
979
979
980
980
980
980
980
980
980
-1
981
981
590
-1
982
982
982
-1
983
983
984
984
984
984
984
984
-1
985
985
985
-1
986
986
986
987
987
987
987
987
988
988
988
988
988
989
989
989
989
989
990
990
990
990
990
990
990
991
991
991
991
991
991
991
992
992
992
992
993
993
993
993
993
993
994
994
994
994
995
995
995
995
995
995
-1
996
996
996
-1
997
997
997
998
998
998
998
998
998
998
998
-1
999
999
999
-1
1000
1000
1000
-1
1001
1001
345
-1
1002
1002
1002
1003
1003
1003
1003
1003
1003
1003
-1
1004
1004
1004
1005
1005
1005
1005
1005
1005
1005
-1
1006
1006
1006
-1
1007
1007
1007
-1
1008
1008
1008
-1
1009
1009
1009
-1
-1
1010
1010
-1
1011
1011
1011
-1
-1
1012
1012
1012
1013
1013
1013
1013
1013
1013
1013
1014
1014
1014
1014
1014
1014
-1
1015
1015
1015
1016
1016
1017
1017
1017
1017
1017
1017
1017
-1
1018
1018
1018
-1
1019
1019
1019
1020
1020
1021
1021
1021
1022
1022
1022
1022
1022
1022
1022
-1
945
945
945
-1
1023
1023
1023
1024
1024
1024
1024
1024
1024
1024
1025
1025
1025
1025
1025
1025
1025
1026
1026
1026
1026
1026
1026
1026
1027
1027
1027
1028
1028
1028
-1
1029
1029
1029
-1
1030
1030
1030
-1
1031
1031
1031
-1
1032
1032
1032
1033
1033
1033
1034
1034
1034
1034
1034
1035
1035
1035
1035
1035
1035
1036
1036
1036
1036
1037
1037
1037
1037
1037
1038
1038
1038
1038
1038
1038
1038
1039
1039
1039
1039
1039
1039
1039
1040
1040
1040
1040
1040
-1
1041
1041
1041
-1
1042
1042
1042
-1
1043
1043
1043
1044
538
538
538
1045
1045
1045
1045
1045
1045
1045
1046
1046
1046
1046
1046
1046
1046
1047
1047
1047
1048
1048
1048
1049
1049
1049
1049
1050
1050
1050
1050
1050
1050
1050
1051
1051
1051
1051
1051
1051
1051
-1
1052
1052
1052
-1
1053
1053
1053
-1
1054
1054
1054
-1
1055
1055
1055
-1
1056
1056
1056
-1
1057
1057
1057
-1
1058
1058
220
1059
1059
1059
1059
1060
1060
1060
1060
1060
1061
1061
1061
1061
1061
1062
1062
1062
1062
1062
1062
1062
1063
1063
1063
1063
1063
1063
1063
1063
1064
1064
1064
1064
1064
1064
1065
1065
1065
1065
-1
1066
1066
1066
-1
1067
1067
1067
-1
1068
1068
1068
1069
1069
1069
1069
1070
1070
1070
1071
1071
1071
1071
1071
1071
1071
1072
1073
1073
1073
-1
1074
1074
1074
-1
1075
1075
1075
1076
1076
1076
1076
459
459
459
459
459
-1
1077
1077
1077
1078
1078
1078
1078
1079
1079
1079
1080
1080
1080
1080
1081
1081
1081
1081
1082
1082
1082
1082
1083
1083
1083
1083
1084
1084
1084
1084
1084
1084
1084
-1
1085
1085
1085
1085
-1
1086
1086
1086
1087
1087
1087
1087
1087
1088
1088
1088
1088
1088
1088
1089
1089
1089
1089
1090
1090
1090
1090
-1
1091
1091
1091
-1
1092
1092
1092
1092
1092
1092
1092
1092
-1
-1
-1
-1
1093
1093
1093
1093
1093
1093
1093
1093
-1
1094
1094
1094
-1
1095
1095
1095
1096
1096
1096
1096
1096
-1
1097
1097
1097
-1
1098
1098
1098
1099
1099
1099
1099
1099
1099
1099
1100
1100
1100
1100
-1
1101
1101
1101
-1
1102
1102
1102
-1
1103
1103
1103
1104
1104
1104
1104
1105
1105
1105
1106
1106
1106
1106
1106
1106
1107
1107
1107
1107
1107
1107
1107
-1
1108
1108
1108
-1
1109
1109
1110
1110
1110
1110
1110
1110
1110
1111
1111
1111
1111
1112
1112
1112
1113
1113
1113
1114
1114
1114
1114
1115
1115
1115
1115
1115
1115
1115
1116
1116
1116
1116
1116
1116
1116
1116
1117
1117
1117
1117
1117
1117
1117
-1
1118
1118
1118
-1
1119
1119
1119
-1
1120
1120
1120
-1
1121
1121
1121
1122
1122
1122
1123
1123
1123
1123
1123
1123
1123
-1
1124
1124
1124
-1
1125
1125
1125
1126
1126
1126
1126
1126
1126
1126
1127
1127
1127
1127
1127
1127
1127
1128
1128
1128
1128
1128
1128
1128
1129
1129
1129
1129
1129
1129
1130
1130
1130
1130
1131
1131
1131
1131
-1
1132
1132
1132
-1
1133
1133
1133
1134
1134
1134
1134
1134
1134
-1
1135
1135
1135
1136
1136
1136
1136
1136
1137
1137
1138
1138
1138
1138
1138
1138
1138
1139
1139
1139
1140
1140
1140
1140
1140
1140
-1
-1
1141
1141
-1
1142
1142
1142
-1
1143
1143
1143
-1
-1
1144
1144
-1
589
1145
1145
-1
-1
1146
1146
-1
-1
38
38
1147
1147
1147
1147
1147
1148
1148
1148
1148
1148
1148
1148
1149
1149
1149
1149
1149
1149
1149
1150
1150
1150
1150
1150
-1
1151
1151
1151
-1
1152
1152
1152
-1
-1
1153
1153
-1
-1
1154
1154
1155
1155
1155
1155
1155
1155
1155
1155
1156
1156
1156
1156
1156
-1
-1
1157
923
1158
1158
1158
1158
-1
1159
1159
-1
1160
1160
1160
1160
1160
1160
1160
1161
1161
1161
1162
1162
1162
1163
1163
1163
1163
1164
1164
1164
1164
1165
1165
1165
1165
1166
1166
1166
1166
1166
1166
1166
1166
1167
1167
1167
1167
1167
1168
1168
1168
1168
1168
1168
1168
1169
1169
1169
1169
1170
1170
1170
1171
1171
1171
1171
-1
1172
1172
1172
1172
-1
1173
1173
1173
1174
1174
1174
1174
-1
1175
1175
1175
1176
1176
1176
1176
1176
1176
1176
1177
1177
1177
1177
-1
1178
1178
1178
1179
1179
1179
1179
1179
1179
1179
-1
1180
1180
1180
1181
1181
1181
1181
1182
1182
1182
1182
1183
1183
1183
1183
1184
1184
1184
1185
1185
1185
1185
1185
1185
1186
1186
1186
1186
1186
1186
1186
1187
1187
1187
1187
1187
1187
1187
1188
1188
1188
1188
1188
1188
1188
1189
1189
1189
1190
1190
1190
1190
1191
1191
1191
1191
1192
1192
1192
1192
1193
1193
1194
1194
1194
1195
1195
1195
1195
1196
1196
1196
1196
1197
1197
1197
1197
1198
1198
1198
1198
1199
1199
1199
1199
1199
1199
1199
1200
1200
1200
1200
1200
1200
1201
1201
1201
1201
1201
1201
1201
1202
1202
1202
1202
1202
1202
1202
1203
1203
1203
1203
1204
1204
1204
1205
1205
1205
1205
1206
1206
1206
1206
1206
1206
1207
1207
1207
1207
1207
1208
1208
1208
1208
1209
1209
1209
1209
-1
1210
1210
1211
1211
1211
-1
-1
1212
1212
1212
1213
1213
1213
1213
835
-1
1214
1214
1214
1215
1215
1215
1215
1215
1215
1216
1216
1216
1216
1216
1216
1216
1217
1217
1217
1217
1217
1217
1217
1218
1218
1218
1218
1219
1219
1219
1219
1220
1220
1220
1220
1221
1221
1221
1221
1221
1221
1221
1222
1222
1222
1222
-1
1223
1223
1223
1224
1224
1224
1224
1224
1225
1225
1225
1225
1226
1226
1226
1226
1226
1227
1227
1227
1227
1227
1227
1228
1228
1228
1228
1228
-1
1229
1229
1229
-1
-1
1230
1230
-1
1231
1231
1231
-1
1232
1232
1232
-1
1233
1233
-1
1234
1234
1234
-1
-1
1235
1235
-1
-1
1236
1236
-1
-1
1237
1237
-1
-1
1238
1238
1239
1239
1239
1239
1239
1239
1239
-1
-1
-1
1240
1240
1241
1242
1242
1242
1242
1242
1242
1243
1243
1243
1243
1243
1243
1243
-1
-1
1244
1244
-1
1245
1245
1245
-1
1246
1246
1247
1247
1247
1247
1247
1247
1247
1248
1248
1248
1248
1248
1248
1248
1249
1249
1249
1249
1249
-1
-1
1250
1250
1251
1251
1251
1251
1251
1251
1251
-1
-1
1252
1252
-1
-1
1253
1253
-1
-1
1254
1254
-1
1255
1255
-1
1256
1256
1256
-1
-1
1257
1257
1258
1258
1258
1258
1258
1259
1259
1259
1259
1259
1259
1259
1260
1260
1260
1260
1260
1260
1260
-1
1261
1261
1261
-1
1262
1262
1262
1262
1262
1262
1262
1262
-1
1263
1263
1263
-1
1264
1264
1264
-1
1265
1265
1265
-1
1266
1266
1266
-1
661
661
661
661
661
661
1267
1267
-1
1268
1268
1268
1268
-1
-1
1269
1269
1270
1270
1270
1270
1270
1270
1270
1271
1271
1271
1271
1271
1271
1271
1272
1272
1272
1272
1272
1272
1272
1273
1273
1273
1273
1273
1274
1274
1274
1274
1274
1274
1274
1275
1275
1275
1275
1275
1275
1275
1275
1276
65
65
65
65
65
1277
1277
1277
1277
1277
1277
1277
1278
1278
1278
1278
1278
1279
1279
1279
1279
1279
1279
1280
1280
1280
1280
1281
1281
1281
1282
1282
1282
1282
1282
1282
1282
1283
340
340
340
340
340
340
