0
0
0
0
1
1
1
1
2
2
2
2
3
3
3
4
4
4
4
5
5
5
5
5
6
6
6
7
7
7
7
8
8
8
8
9
9
9
9
10
10
10
10
11
11
11
11
12
12
12
12
12
12
12
13
13
13
13
14
14
14
14
14
14
14
15
15
15
15
16
16
16
16
16
17
17
17
17
18
18
18
18
19
19
19
19
20
20
20
20
21
21
21
21
21
21
21
22
22
22
22
22
23
23
23
23
23
23
23
24
24
24
24
24
24
24
25
25
25
25
25
25
26
26
26
26
26
26
26
26
27
27
27
27
27
28
28
28
28
29
29
29
29
29
29
30
30
30
30
30
30
31
31
31
31
31
31
31
31
32
32
32
32
33
33
33
33
33
34
34
34
34
35
35
35
35
36
36
36
36
37
37
37
37
38
38
38
38
39
39
39
39
40
40
40
40
41
41
41
41
42
42
42
42
42
42
43
43
44
44
44
44
45
45
45
45
45
45
45
45
46
46
46
46
47
47
47
47
48
48
48
48
48
48
48
-1
49
49
49
49
49
49
50
50
50
50
51
51
51
51
51
51
51
52
52
52
52
53
53
53
53
54
54
54
54
-1
146
-1
-1
55
55
55
55
56
56
56
56
56
56
57
57
57
57
58
58
58
58
59
59
59
59
60
-1
-1
-1
61
61
61
61
62
60
60
60
63
63
63
63
61
59
64
64
64
64
-1
65
65
65
-1
66
66
66
67
67
67
67
67
68
68
68
68
69
69
69
69
-1
70
70
70
71
71
71
71
72
72
72
72
72
72
72
73
73
73
73
73
73
73
74
74
74
74
74
74
75
75
75
75
76
76
76
77
77
77
77
78
78
78
79
79
79
79
80
80
80
80
81
81
81
81
81
81
81
82
82
82
82
83
83
84
84
84
84
84
84
84
85
85
85
85
85
85
85
86
86
86
87
87
87
-1
88
88
88
89
89
89
89
89
89
89
90
90
90
90
91
91
91
91
91
91
91
-1
92
92
92
-1
93
93
93
-1
94
94
94
-1
95
95
95
96
96
96
96
-1
97
97
97
98
99
99
99
100
100
100
100
101
101
101
101
101
101
-1
102
102
102
-1
-1
103
103
103
103
104
104
104
104
104
104
104
105
105
105
105
105
105
105
106
106
106
106
107
107
107
107
107
107
107
-1
108
108
108
109
109
109
-1
110
110
111
111
111
112
112
112
112
112
112
-1
113
113
113
-1
114
114
114
115
116
116
116
117
117
117
117
118
118
118
118
118
118
118
-1
119
119
119
-1
-1
120
120
120
120
121
121
121
121
122
122
122
122
122
122
122
123
123
123
123
124
124
124
124
125
125
125
125
125
125
126
126
126
126
127
127
127
127
127
127
127
128
128
128
128
129
129
129
129
130
130
130
130
131
131
131
132
132
132
132
132
132
133
133
133
133
134
134
134
135
135
135
135
135
136
136
136
136
136
136
136
137
137
137
137
138
138
138
138
139
139
139
140
140
140
140
140
-1
141
141
141
141
141
141
142
142
142
142
143
143
144
144
144
145
145
145
145
146
146
146
146
147
147
147
147
148
148
148
148
148
148
148
149
149
150
150
150
150
150
151
151
151
151
151
151
151
152
152
152
152
153
153
153
153
154
154
154
154
155
155
155
155
156
156
156
156
157
157
157
157
158
158
158
159
159
159
160
160
160
161
161
161
162
162
162
162
162
162
162
163
163
163
163
163
163
163
164
164
164
164
164
164
164
165
165
165
165
166
166
166
166
166
166
166
167
167
168
168
168
168
168
168
168
169
169
169
169
170
170
170
170
170
170
171
171
171
172
172
172
173
173
173
173
173
173
173
173
174
174
174
174
175
175
175
175
176
176
176
176
177
177
177
177
178
178
178
178
179
179
179
179
180
180
180
180
181
181
181
181
182
182
182
182
183
183
183
183
184
184
184
184
185
185
185
185
186
186
186
186
186
186
186
187
187
187
187
188
188
188
188
189
189
189
189
190
190
190
190
191
191
191
191
192
192
192
192
193
193
193
193
194
194
194
194
194
194
194
195
195
195
195
196
196
196
196
197
197
197
197
198
198
198
198
199
199
199
199
199
-1
200
200
200
200
200
201
201
201
-1
202
202
203
203
203
204
204
204
-1
-1
-1
205
205
205
206
206
206
207
207
207
207
-1
208
208
208
209
209
209
209
209
209
209
-1
210
210
210
-1
211
211
211
212
212
212
213
213
213
214
214
214
214
214
214
215
215
215
215
216
216
216
216
216
-1
217
217
218
218
218
218
218
218
218
219
219
219
219
219
220
220
220
220
220
220
220
221
221
221
221
221
221
222
222
222
222
223
223
223
223
224
224
224
224
224
224
-1
225
225
225
226
226
226
226
226
227
227
227
227
228
228
228
228
228
228
228
-1
229
229
229
229
229
230
230
230
230
230
230
231
231
231
-1
232
232
232
-1
233
233
233
-1
234
234
-1
-1
235
235
235
235
-1
236
236
236
237
237
237
237
237
238
238
238
238
-1
239
239
239
240
240
240
240
241
241
241
241
241
242
242
242
242
242
242
-1
243
243
244
244
244
245
246
246
246
247
247
247
247
248
248
248
248
248
248
248
248
249
249
249
249
249
250
250
250
250
-1
251
251
251
252
252
252
252
253
253
253
253
-1
254
254
254
255
255
255
255
255
255
255
256
256
256
256
256
256
256
-1
257
257
257
258
258
258
258
258
259
259
259
259
260
260
260
-1
261
261
261
262
262
262
263
263
263
-1
264
264
264
265
265
265
265
266
266
266
266
267
267
267
267
268
268
268
-1
269
269
269
-1
-1
270
270
270
270
270
270
270
271
271
271
271
271
271
272
272
272
272
272
272
272
273
273
273
273
-1
274
274
274
-1
275
275
275
-1
276
276
276
277
277
277
277
277
277
277
-1
278
278
278
279
279
279
279
279
280
280
280
280
280
280
280
281
281
281
281
-1
282
282
282
-1
283
283
283
-1
284
284
284
284
284
285
285
285
285
285
285
285
286
286
286
286
286
286
-1
287
264
264
-1
288
288
288
-1
289
289
289
290
290
290
290
291
291
291
291
291
291
291
292
292
292
292
292
292
292
293
293
293
293
293
293
293
293
294
294
294
294
294
-1
295
295
295
296
296
296
296
296
296
296
297
297
297
297
297
297
297
298
298
298
298
299
299
299
-1
300
274
274
-1
301
301
301
-1
302
302
302
-1
303
303
303
-1
304
304
304
-1
305
305
305
306
306
306
306
307
307
307
307
308
308
27
27
27
-1
309
309
-1
310
310
310
311
311
311
311
311
311
312
312
312
312
312
312
313
314
314
314
-1
315
315
315
316
316
316
316
316
316
316
317
317
317
317
317
-1
318
318
318
319
319
319
319
320
320
320
320
321
321
321
321
321
321
322
322
322
322
322
322
323
323
323
323
323
323
323
323
324
324
324
324
-1
325
325
325
326
326
326
326
326
326
326
-1
-1
327
327
327
-1
328
328
328
-1
329
329
329
-1
330
330
330
-1
331
331
331
-1
332
332
332
-1
222
222
222
-1
333
333
333
-1
334
334
334
335
335
335
335
335
335
335
-1
336
336
336
337
337
337
337
337
337
-1
338
338
338
-1
339
339
339
-1
-1
340
340
340
340
341
341
341
341
342
342
342
342
342
343
343
343
343
343
344
344
344
344
344
344
344
-1
345
345
345
-1
-1
346
347
347
347
347
347
347
347
348
348
348
348
348
348
348
-1
349
349
349
-1
350
350
350
351
351
-1
352
352
352
352
353
353
353
353
354
354
354
354
355
355
355
355
356
356
356
356
356
-1
357
357
357
357
358
358
359
359
359
359
359
359
360
360
360
360
361
361
361
361
361
361
362
362
362
362
363
363
363
363
364
364
364
364
-1
365
365
365
366
366
366
366
367
367
367
367
367
367
367
368
368
368
368
368
368
368
-1
369
-1
-1
370
370
371
371
371
371
371
371
371
372
372
372
373
373
373
373
373
373
373
374
374
374
374
374
374
374
374
-1
375
375
375
376
376
376
376
376
376
376
377
377
377
377
378
378
379
379
379
379
379
379
379
380
380
380
380
380
380
380
381
381
381
381
381
381
381
-1
382
382
-1
-1
383
383
-1
-1
384
384
-1
385
385
385
386
386
386
386
386
-1
387
387
387
-1
388
388
-1
389
389
387
390
390
390
390
390
390
-1
391
391
391
392
392
392
392
393
393
393
393
393
393
394
394
394
395
395
395
396
396
396
396
396
396
396
397
397
397
397
397
397
397
398
398
398
398
398
398
398
399
399
399
399
399
399
-1
-1
400
400
401
401
401
401
401
401
401
402
402
402
402
402
403
403
403
403
403
403
404
403
405
405
405
406
406
406
406
406
406
406
407
407
407
407
407
407
408
408
408
408
408
408
408
409
409
409
409
409
409
409
410
410
410
410
410
410
411
411
411
411
411
411
411
412
412
412
412
412
413
413
413
413
414
414
414
414
415
415
415
415
416
416
416
416
417
417
417
418
418
418
418
419
419
419
419
420
420
420
420
421
421
421
421
422
422
422
422
423
423
423
423
424
424
424
424
425
425
425
425
425
426
426
426
426
427
427
427
428
428
428
429
429
429
429
430
430
430
430
430
430
430
431
431
431
431
432
432
432
432
433
433
433
433
434
434
434
434
435
435
435
435
435
435
435
436
436
436
436
436
436
436
437
437
437
437
437
438
438
438
438
438
438
438
439
439
439
439
440
440
440
440
441
441
441
441
442
442
442
442
-1
443
443
443
444
444
444
444
445
445
445
446
446
446
446
447
447
447
447
447
447
447
448
448
448
448
448
449
449
449
449
449
449
449
450
450
450
-1
451
451
451
451
-1
-1
-1
452
452
452
452
453
453
454
454
454
245
245
245
455
455
455
455
455
455
455
-1
456
456
456
-1
457
457
457
-1
458
458
458
-1
459
459
459
-1
460
460
460
-1
461
461
461
-1
462
462
462
463
463
463
463
-1
464
464
464
-1
465
465
465
-1
466
466
466
-1
467
467
467
-1
468
468
468
-1
469
469
469
-1
470
470
470
-1
471
471
471
472
472
472
472
472
472
472
473
473
473
-1
474
474
474
-1
475
325
325
-1
476
476
476
-1
477
477
477
-1
478
478
478
-1
479
479
355
480
480
480
480
481
481
481
482
482
482
482
483
483
483
483
483
-1
484
484
484
485
485
485
485
485
486
486
486
486
-1
487
487
487
488
488
488
488
488
489
489
489
489
-1
490
490
490
-1
491
491
491
-1
492
492
492
-1
-1
493
493
-1
494
494
494
-1
495
495
495
-1
496
496
496
497
498
498
498
-1
-1
1750
-1
499
499
499
500
500
500
500
501
501
501
501
501
502
502
502
502
-1
-1
503
503
-1
504
504
504
-1
505
505
505
506
506
506
506
506
-1
507
507
507
508
508
508
508
508
508
508
508
-1
509
509
509
-1
510
510
510
511
511
512
31
31
31
31
31
31
31
513
513
513
-1
514
514
514
515
515
-1
516
516
516
-1
-1
517
517
-1
518
-1
519
519
519
519
519
519
519
520
520
520
520
520
521
522
522
523
523
523
523
523
523
523
524
524
524
524
524
524
524
-1
525
525
525
526
526
526
526
526
526
526
526
527
527
527
527
528
528
528
528
528
-1
529
529
529
-1
530
530
530
531
531
531
531
531
531
531
531
532
532
532
532
532
532
532
-1
533
533
533
-1
534
534
534
-1
535
535
535
-1
536
536
536
537
537
537
537
537
537
537
-1
-1
-1
-1
-1
-1
-1
538
538
538
539
539
539
539
539
539
540
540
540
540
540
541
541
541
541
542
542
542
542
542
542
542
543
543
543
543
544
544
544
544
545
545
545
545
545
545
546
546
547
547
547
547
548
548
548
548
549
549
549
549
549
549
549
550
550
550
550
551
551
551
551
552
552
552
363
553
553
553
553
554
554
554
554
554
555
555
555
555
555
555
556
556
556
556
556
556
556
557
557
557
557
557
557
557
557
558
558
558
558
-1
559
559
559
560
560
560
560
561
561
561
561
561
562
562
562
562
562
-1
563
563
563
564
564
564
564
564
564
564
565
565
565
565
565
565
565
566
566
566
566
566
566
566
567
567
-1
568
568
568
569
569
569
569
569
569
569
570
570
570
570
571
571
571
572
572
-1
573
573
573
573
574
574
574
574
574
574
574
575
575
575
575
576
576
576
576
577
577
577
577
577
-1
-1
578
578
578
578
578
579
579
579
579
580
580
580
580
-1
581
581
581
582
582
582
582
-1
583
583
584
584
584
584
585
585
585
585
585
585
585
586
586
586
586
587
587
587
587
588
588
588
588
588
588
588
589
589
589
589
590
590
590
590
-1
591
591
591
592
593
593
593
-1
594
594
594
-1
595
595
595
595
595
595
595
596
596
596
596
596
596
596
597
597
597
597
598
598
598
599
599
599
599
599
599
599
600
600
600
600
600
601
601
601
602
602
602
602
602
603
603
603
603
603
603
604
604
604
604
604
-1
605
605
605
606
606
606
607
607
607
608
608
608
608
608
608
608
609
609
609
609
609
610
610
610
610
611
611
611
612
612
-1
613
613
613
614
614
614
614
615
615
615
615
616
616
616
616
617
617
617
617
618
618
521
619
619
619
619
620
620
620
620
621
621
621
621
621
621
621
622
622
622
622
622
622
623
623
1122
624
624
624
624
625
625
625
625
-1
626
626
626
627
627
627
627
627
628
628
628
628
628
628
629
629
629
630
630
630
-1
-1
-1
631
631
631
632
632
632
632
632
632
633
633
633
633
633
633
633
634
634
634
634
634
634
-1
635
635
635
636
636
636
636
637
637
637
637
637
637
637
638
638
638
638
638
638
639
639
639
639
639
639
639
640
640
640
640
640
641
641
641
641
641
642
-1
643
643
644
644
644
644
644
644
644
644
-1
-1
-1
645
645
645
645
645
645
645
646
646
646
646
646
646
646
647
647
647
-1
648
648
648
-1
649
649
649
-1
650
650
650
-1
651
651
651
652
652
652
653
653
653
653
653
653
653
654
654
654
654
655
655
655
655
-1
656
656
656
-1
657
657
657
658
658
658
658
659
659
659
659
659
660
660
660
660
660
661
661
661
661
661
661
-1
662
662
662
663
663
663
663
-1
-1
-1
664
664
664
-1
-1
665
665
-1
666
666
666
666
-1
667
667
667
667
667
667
668
668
668
668
668
668
668
-1
669
669
669
-1
670
670
670
-1
671
671
671
672
324
324
324
673
673
673
673
-1
674
674
518
675
675
675
676
676
677
677
677
677
678
678
679
679
679
680
680
680
681
682
682
682
-1
683
683
683
684
685
685
685
686
686
686
686
686
686
-1
687
687
687
688
688
688
688
688
688
688
-1
689
689
689
690
690
690
690
690
1005
691
-1
-1
-1
692
692
692
-1
693
693
693
694
694
-1
-1
695
695
696
696
696
696
696
696
696
697
697
697
697
697
697
697
-1
698
698
698
699
699
699
699
-1
700
700
700
701
701
701
701
702
702
702
702
703
703
703
-1
704
704
704
-1
705
705
705
-1
706
706
706
707
707
708
708
708
708
708
708
708
708
709
709
709
709
709
709
-1
710
710
710
711
711
711
711
712
712
712
713
713
713
713
713
-1
714
714
714
715
715
715
716
716
716
716
716
716
-1
717
717
717
-1
718
718
719
719
719
719
720
720
720
721
721
721
721
721
722
722
722
722
-1
723
723
723
-1
724
724
724
725
725
726
726
726
726
726
726
727
727
727
727
727
727
727
-1
728
728
728
-1
729
729
729
730
730
730
730
731
731
731
731
732
732
732
732
732
733
733
733
733
-1
734
734
734
-1
735
735
735
736
736
736
-1
737
737
737
737
738
738
738
739
739
739
739
739
740
740
740
740
740
-1
741
741
741
741
741
742
742
742
742
743
743
743
743
-1
744
744
744
-1
745
745
-1
746
746
746
-1
747
747
747
748
748
748
748
748
748
748
-1
749
749
749
750
750
750
750
751
751
751
751
-1
752
752
752
753
753
753
753
-1
754
754
754
-1
755
755
755
-1
756
756
756
757
757
757
757
757
758
758
758
758
758
759
279
760
760
760
760
760
760
760
761
761
762
762
762
762
-1
763
763
763
764
764
765
765
765
766
766
766
766
766
-1
-1
767
767
767
767
768
768
768
769
769
769
769
770
770
770
770
770
770
771
771
771
771
772
772
772
773
773
773
774
774
774
774
774
775
401
401
401
401
401
401
776
776
776
776
776
776
776
776
777
777
777
777
777
777
777
777
778
778
778
778
778
778
778
779
779
779
779
779
779
779
-1
780
780
780
781
782
782
782
782
782
-1
783
783
783
784
784
784
784
784
784
784
-1
-1
785
785
785
-1
786
786
786
-1
787
787
787
-1
-1
788
788
-1
-1
789
789
-1
-1
790
790
-1
791
791
791
-1
792
792
792
-1
793
793
793
793
793
-1
794
794
-1
-1
795
795
-1
-1
-1
796
797
797
-1
798
798
798
-1
-1
799
799
800
800
800
800
800
800
800
-1
-1
801
801
-1
802
802
802
803
804
804
804
-1
805
805
805
-1
806
806
806
807
-1
808
269
809
-1
810
274
811
811
811
811
811
811
811
812
812
812
812
812
813
813
813
813
813
813
814
815
815
815
816
816
817
817
817
818
818
818
818
818
-1
819
819
819
820
820
820
820
820
820
821
822
822
822
-1
823
823
823
824
824
824
824
824
825
826
826
-1
827
827
827
-1
828
828
828
-1
829
829
829
830
830
830
830
830
830
830
-1
831
831
831
832
832
832
832
832
832
832
833
833
833
833
833
833
833
834
834
834
834
834
-1
835
835
835
836
836
836
836
836
836
836
836
837
837
837
837
837
838
838
838
838
839
839
839
839
840
840
840
840
841
841
841
841
841
841
841
-1
842
842
842
843
843
843
843
843
843
843
844
844
844
844
844
845
845
845
845
845
845
845
846
846
846
846
-1
847
847
847
848
848
848
848
848
849
849
849
849
850
850
850
850
-1
851
851
851
852
852
852
852
852
853
853
853
854
854
854
854
-1
855
855
855
855
855
855
855
-1
856
856
857
857
857
857
857
858
858
858
858
858
858
859
859
859
859
859
859
859
-1
860
860
860
861
861
861
861
861
861
861
862
862
862
862
862
862
862
863
863
863
864
864
864
864
865
865
865
865
866
867
481
868
868
868
869
869
869
870
355
355
355
871
871
871
871
-1
-1
872
872
872
873
873
873
873
874
874
874
875
875
875
875
876
876
876
876
876
876
876
877
877
691
691
691
878
878
878
878
879
879
879
879
879
879
880
880
880
880
880
880
880
881
881
881
881
881
-1
882
882
882
883
883
883
883
883
883
884
884
884
884
884
884
885
885
885
885
-1
886
886
886
-1
887
887
887
888
888
888
888
888
-1
889
889
889
889
890
890
890
891
891
891
891
892
892
892
892
893
893
893
893
893
893
893
322
322
322
322
322
-1
894
894
894
894
-1
895
895
895
895
895
895
896
896
896
896
-1
897
897
897
-1
898
898
898
-1
899
899
899
900
568
568
-1
901
901
901
-1
902
902
902
-1
903
903
903
904
904
904
904
904
904
905
905
905
905
905
905
905
-1
906
906
906
-1
907
907
907
907
907
907
907
908
908
908
908
908
909
909
909
910
910
910
911
911
911
911
911
-1
-1
912
912
912
-1
913
913
913
914
914
914
914
-1
915
915
915
916
916
916
916
917
917
917
917
917
917
917
-1
918
918
918
-1
919
919
919
920
920
920
920
921
921
921
-1
922
922
922
-1
923
923
923
924
924
924
-1
925
925
925
926
926
927
927
927
927
928
928
928
928
928
929
929
929
929
929
929
929
-1
930
931
932
932
932
932
932
932
933
933
933
933
934
934
934
-1
935
935
935
936
936
936
936
936
936
936
937
937
937
937
937
-1
938
938
939
939
939
939
939
939
939
940
940
940
940
940
940
940
941
941
942
942
942
942
942
943
943
943
943
944
944
944
944
945
945
945
945
945
-1
336
-1
946
946
947
947
947
947
947
948
948
948
948
949
949
-1
950
950
950
951
951
951
951
951
951
951
952
952
952
952
952
952
952
953
953
953
953
953
953
953
954
954
954
954
955
955
955
955
955
955
955
956
956
956
956
956
957
957
957
957
-1
958
958
196
959
959
959
959
960
960
960
960
961
961
961
961
961
961
962
962
962
962
962
963
963
963
963
963
963
964
964
964
964
964
964
965
965
966
966
967
967
967
967
968
968
968
968
968
968
969
969
970
970
970
971
971
971
971
971
972
972
972
972
972
-1
973
973
973
973
974
974
974
974
975
975
976
976
976
976
976
976
976
977
977
977
977
977
977
977
978
978
978
978
978
979
979
979
979
979
979
979
980
980
980
980
980
980
980
981
981
981
981
982
982
982
982
982
982
982
983
983
983
983
983
983
983
984
984
984
984
985
985
985
985
985
-1
986
986
986
986
986
986
986
987
987
987
987
987
987
987
-1
988
988
988
-1
-1
989
989
989
-1
990
990
990
991
991
991
991
992
992
992
992
993
993
993
994
994
994
994
-1
995
995
995
996
996
996
996
997
997
997
997
998
998
998
998
998
998
999
999
999
999
999
999
999
1000
1000
1000
1000
1001
1001
1001
1001
1002
1002
1002
1002
1003
1003
1003
1003
1004
1004
1004
1004
1005
1005
1005
1005
1005
1005
1005
1006
1006
1006
1006
1006
-1
1007
1007
1007
1007
1007
1008
1008
1008
1008
1008
1008
1009
1009
1009
1009
1009
1009
1009
1010
1010
1010
1010
1010
1010
1010
1011
1011
1011
1011
1012
1012
1012
1012
1012
1012
1013
1013
1013
1013
1014
1014
1014
1014
1014
1014
1014
-1
1015
1015
1015
1015
1016
1016
1016
1017
1018
1018
1018
1019
1019
1019
1019
1019
1019
1020
1020
1020
1020
1020
1020
1020
1021
1021
1021
1021
1022
1022
1022
1022
1023
1023
1023
1023
1024
1024
1024
1024
1025
1025
1025
1025
1026
1026
1026
1027
1027
1027
1027
1028
1028
1028
1028
1029
1029
1029
1029
1029
1029
1029
1029
1030
886
1031
1031
1031
1031
1031
1032
1032
1032
1032
1033
1033
1033
1033
1034
1034
1034
1034
1035
1035
1035
1035
1035
-1
-1
1036
1036
1036
-1
1037
1037
1037
1038
1038
1038
1039
1039
1039
1039
1039
1040
1040
1040
1040
1040
1041
1041
1041
1041
1042
1042
1043
1043
1044
1044
1044
1044
1044
1044
1044
1045
1045
1045
1045
1046
1046
1046
1047
1048
1048
1048
1048
1048
1048
1049
1049
1049
1049
1049
1049
1049
1050
1050
1050
1050
1051
1051
1051
1051
1052
1052
1052
1052
1052
1053
1053
1053
1053
1053
1053
1053
1054
1054
1054
1054
1054
1054
1054
1055
1055
1055
1055
1055
1055
1055
1056
1056
1056
1056
1057
1057
1057
1057
1058
1058
1058
1058
1058
1059
1059
1059
1059
1059
1059
1059
1060
1060
1060
1060
1060
1060
1061
1061
1061
1061
1062
1062
1062
1062
1062
1063
1063
1063
1063
1063
1064
79
79
79
1065
1065
1065
1065
1066
1066
1066
1066
1067
1067
1067
1067
1067
1067
1067
1068
1068
1068
1068
1068
1069
1069
1069
1069
1070
1070
1070
1070
1070
1070
1070
1071
1071
1071
1071
1071
1071
-1
1072
1072
1072
1072
1073
1073
-1
-1
1074
1074
1075
1075
1075
1075
1075
1075
1075
1076
1076
1076
1076
1076
1076
1076
1077
1077
1077
1077
1077
1077
1077
1078
1078
1078
1078
1078
1078
1078
1079
1079
1079
1079
1079
1080
1080
1080
1080
1080
1080
1080
1081
1081
1082
1082
1082
1083
1083
1083
1083
1083
1083
1083
1084
1084
1084
1084
1084
1084
1085
1085
1085
1086
1086
1086
1086
1087
1087
1087
1087
1088
1088
1088
1088
1088
1088
1088
1089
1089
1089
1089
1089
1089
1090
1090
1090
1090
1090
1090
1090
1091
875
875
875
1092
1092
1092
1093
1093
1093
1093
1093
1093
1094
988
1095
1095
1095
1095
1096
1096
1096
1096
1097
1097
1097
730
1098
58
58
58
1099
1099
1099
1099
1100
1100
1100
1100
1101
1101
1101
1101
1102
1102
1102
1102
1103
187
187
187
1104
1104
1105
1105
1105
1105
1106
1106
1106
1107
1107
1107
1107
1107
1107
1108
1108
1108
1108
1108
1108
1109
1109
1109
1109
1109
1109
1110
1110
1110
1110
1111
1111
1111
1111
1111
1111
1111
1112
1112
1112
1112
1112
1112
1112
1113
1113
1113
1113
1113
1113
1113
1114
1114
1114
1114
1114
1114
1114
1115
1115
1115
1115
1115
1115
1115
1116
1116
1116
1116
1116
1116
1117
1117
1117
1117
1118
1118
1119
1119
1119
1119
1119
1119
1120
1120
1120
1120
1120
1120
1120
1121
1121
1121
1121
1122
1122
1122
1122
1123
1123
1123
1123
1123
1123
1123
1124
1124
1125
1125
1125
1126
1126
1126
1126
1126
1127
1127
1127
1127
1128
1128
1128
1128
1129
1129
1129
1129
1130
1130
1130
1130
1130
1131
1131
1131
1131
1132
1132
1132
1132
1133
1133
1134
1134
1134
1134
1134
1135
1135
1135
1135
1135
1136
1136
1136
58
1137
1137
1137
1137
1138
1138
1138
1138
1139
1139
1139
1140
1140
1140
1140
1141
1141
1141
1141
1142
484
484
1143
1143
1143
1143
1143
1143
1143
1144
1144
1144
1144
1144
1144
1144
1145
1145
1145
1145
1146
1146
1146
1146
1147
1147
1147
1147
1148
1148
1148
1148
1148
1149
1149
1149
1149
1149
1150
1150
1150
1150
1150
1150
1150
1151
1151
1151
1151
1151
1151
1151
1152
1152
1152
1152
1152
1152
1152
1153
1153
1153
1153
1153
1153
1154
1154
1154
1154
1155
1155
1155
1155
1155
1155
1156
1156
1156
1157
1157
1157
1158
1158
1158
1159
1159
1159
1160
1160
1160
1160
1160
1161
1161
1161
1161
1161
1161
1161
1162
1162
1162
1162
1163
1163
1164
1164
1165
1165
1165
1165
1166
1166
1166
995
1167
1167
1167
1167
1168
1168
1168
1168
1169
1169
1169
1169
1170
1170
1170
1170
1171
1171
1171
1171
1172
1172
1172
1172
1173
1173
1173
1173
1174
115
115
115
1175
592
592
592
1176
1176
1176
1176
1176
1176
1176
1177
1177
1177
1177
1178
1178
1178
1178
1179
1179
1179
1180
1180
1180
1181
1181
1181
1181
1182
1182
1182
503
1183
1183
1183
1183
1184
1184
1184
1184
1185
1185
1185
1185
1186
1186
1186
1186
1187
1187
1187
-1
1188
1188
1188
1188
1188
1188
1188
1189
1189
1189
1189
1190
1190
1190
1190
1191
1191
1191
1192
1192
1192
1193
1193
1193
1193
1194
1194
1194
1194
1195
1195
1195
1195
1195
1196
1196
1196
1196
1197
1197
1197
1197
1198
1198
1198
1198
1199
1199
1199
1199
1199
1200
1200
1200
1200
1200
1200
1200
1201
1201
1201
1201
1202
743
743
743
1203
1203
1203
1203
1203
1203
1203
1204
1204
1204
1205
1205
1205
1206
1206
1206
1206
1206
-1
1207
930
930
-1
1208
1208
1208
-1
153
153
-1
1209
1209
1209
1210
1210
1210
1210
1210
1210
1210
1211
1211
1211
1211
1211
1211
1211
-1
1212
1212
544
1213
1213
1213
1213
1213
1214
1214
1214
1214
1214
1214
1214
1215
1215
1215
1215
1215
1215
1215
1216
1216
1216
1216
-1
1217
1217
1217
-1
1218
1218
1218
1219
1219
1219
-1
1220
1220
1220
1220
1221
1221
1221
1221
1222
1222
1222
1222
1223
1223
1223
1223
1223
1224
1205
1205
1205
1225
1225
1225
1225
1225
1226
1226
1226
1226
1227
1227
1227
1227
-1
1228
1228
1228
-1
481
1229
1229
1229
1229
1229
-1
1230
1230
1230
-1
1231
1231
1231
-1
1232
1232
902
-1
1233
1233
1233
-1
1234
1234
1234
1235
1235
1235
1235
1235
1235
1235
1236
1236
1236
56
56
56
56
56
1237
1237
1237
1237
1237
1237
1237
636
1238
1238
-1
1239
1239
1239
1240
1240
1240
1240
1240
1241
1241
1241
1241
-1
1242
1242
1242
-1
-1
-1
-1
1243
1243
1244
1244
1244
1244
1244
1245
1245
1245
1245
1245
1245
1245
1246
1246
1246
1246
1246
1247
1247
1247
1247
1247
1247
1247
1248
1248
1248
1248
1248
800
800
1249
1249
1249
1249
1249
1249
1249
1250
1250
1250
1250
1250
1250
1250
1251
1251
1251
1251
1251
1251
1251
1251
1252
1252
1252
1253
1253
1253
1254
1254
1254
-1
1255
1255
1255
1255
1256
1256
1256
1256
1257
1257
1257
1257
1257
1257
1257
1258
1258
1258
1258
1258
1258
1259
1259
1259
1259
1259
1260
1260
1260
1260
1261
1261
1262
1262
1262
1262
1263
1263
1263
1263
1263
1263
1263
1264
1264
1264
1264
1264
1264
1264
1265
1265
1265
1265
1265
1266
1266
1266
1266
1267
1267
1267
1267
-1
1268
1268
1268
1268
1269
1269
1269
1269
1270
1270
1270
1270
1270
1270
1270
1271
1271
-1
1272
1272
1272
1272
1273
1273
1273
1273
1274
1274
1274
1275
1275
1275
1275
1275
1275
1275
1276
1276
1276
1276
1277
1277
1277
1277
1277
1277
1277
1278
1278
1278
1278
1278
1278
1278
1279
1124
1280
1280
1280
1280
1280
1281
1281
1281
1281
1281
1282
1282
1282
1282
1283
1283
1283
1283
1284
1284
1208
493
1285
1285
1285
1285
1286
1286
1286
1286
1286
1286
1287
1287
1287
1287
1287
-1
-1
1288
1288
1288
1288
1288
1288
-1
-1
-1
1274
1274
1289
1289
1289
1289
1289
1290
1290
1290
-1
1291
1291
1291
1292
1292
1292
1292
1292
1292
1293
1293
1293
1293
1294
1294
1294
1294
1294
1294
1295
1295
1295
1295
1295
1295
1295
1296
1296
1296
1297
1297
1297
1298
1298
1299
1299
1299
1300
1300
1300
1300
1301
1301
1301
1301
1302
1302
1302
1302
1303
1303
1303
1303
1303
1303
1303
1304
1304
1304
1304
1304
1304
1305
1305
1305
1305
1305
1305
1306
1306
1306
1306
1306
1306
1306
1307
1307
1307
1307
1307
-1
1308
1308
1308
1308
1309
1309
1309
1309
1310
1310
1310
1310
1311
1311
1311
1311
1311
1311
1311
1312
1312
1312
1312
1312
1313
1313
1313
1313
1313
1313
1313
1314
1314
1314
1314
1315
1315
1315
1315
1315
1315
1315
1316
1316
1316
1316
1317
1317
1317
1317
1318
1318
1318
1318
1318
1318
1318
1318
1319
1319
1319
1319
1319
1320
1320
1320
1320
1320
1320
1320
1321
1321
1321
1321
1321
1321
1321
1322
1322
1322
1322
1322
1322
1322
1323
1323
1323
1323
1323
1323
1323
1324
1324
1324
1324
1324
1324
1325
1325
1325
1325
-1
1326
1326
1326
-1
1327
1327
1327
1328
1328
1328
1328
-1
1329
1329
1329
1330
1330
1330
1330
1331
1331
1331
1331
1331
1331
1331
1332
1332
1332
1332
1333
1333
1333
1334
1334
1334
1335
1335
1335
1335
-1
1336
1336
1336
-1
1337
1337
1337
-1
1338
1338
930
-1
1339
1339
1339
-1
1340
1340
1340
-1
1341
1341
1341
-1
-1
1342
1342
1342
1343
1343
1343
-1
1344
1344
1344
1345
1345
1345
1345
1345
1346
1346
1346
1346
1346
1346
1346
-1
-1
-1
1347
1347
1347
1347
1348
1348
1348
1348
1348
1348
1349
1349
1349
1349
1349
1349
1350
1350
1350
1350
1351
1351
1351
1351
1352
1352
1352
1352
1353
1353
1353
1353
1354
1354
1354
1355
1355
1355
1355
1356
1356
1356
1356
1356
1356
1356
1357
1357
1357
1357
1358
1358
1358
1359
1359
1359
1359
1359
1360
1360
1360
1360
1360
1360
1360
1361
1361
1361
1361
1361
1361
1361
1361
1362
1362
1363
1363
1364
1364
1364
1364
1364
1365
1365
1365
1365
1365
1365
1366
1366
1366
1366
1367
1367
1367
1368
1368
1368
1368
1369
1369
1369
1369
1369
1370
1370
1370
1370
1371
1371
1371
1371
1372
1372
1372
1372
1373
1373
1374
1374
1374
1374
1374
1374
1374
1374
1375
1375
1375
1375
1375
1376
1376
1376
1376
1377
1377
1377
1378
1378
1378
1378
1378
1378
1378
1379
1379
1379
1379
1379
1380
1380
1380
1380
1380
1380
1380
1381
1381
902
1382
1382
1382
1382
1383
1383
1383
1383
1383
1383
1383
1384
1384
1384
1384
1384
1385
1385
1386
1386
1386
1386
-1
1387
1387
1387
-1
1388
1388
1388
1389
1389
1389
1389
-1
1390
1390
1390
1391
1391
1391
1391
1392
1392
1392
1392
1392
1392
1392
1393
1393
1394
1394
1394
-1
1395
1395
1395
1396
1396
1396
1396
1397
1397
1397
1397
1398
1398
1398
1398
1399
1399
1399
1399
1399
1399
1399
1400
1400
1400
1400
1400
1400
1400
1401
1401
1401
1401
1401
1401
1401
1402
1402
1402
1402
1402
1402
1402
1403
1403
1403
1403
-1
1404
1404
1404
1404
1405
1405
1405
1405
1406
1406
1406
1406
1406
1407
1407
1407
1407
1408
1408
1408
1408
1409
39
39
39
1410
1410
1410
1410
1411
1411
1411
1411
1411
1411
1412
1412
1412
1412
1412
1412
1412
1412
1413
1413
1413
1413
1414
1414
1414
1414
1415
1415
-1
1416
1416
1416
1416
1417
1417
1417
1417
1417
1417
1417
1417
1418
1418
1418
1418
1419
1419
1419
1419
1420
1420
1420
1421
1421
1159
1422
1422
725
725
1423
1423
1423
1423
1424
1424
1424
1424
1425
1425
1425
1425
1425
1425
1425
1426
1426
1426
1426
1427
1427
1427
1427
1428
1428
1428
1428
1428
1428
1428
1429
1429
1429
1429
1430
1430
1430
1431
1431
751
751
1432
1432
1432
1432
1433
1433
1433
1433
1434
1434
1434
1434
1435
1435
1435
1435
1436
1436
1436
1437
1437
1437
1437
1438
1438
1438
1438
1438
1438
1438
1439
1439
1439
1440
1440
1440
1440
1441
1441
1441
1441
1441
1441
1441
1442
1442
1442
1442
1443
1443
1443
1443
1443
1444
1444
1444
1444
1445
1445
1445
1445
1446
1446
1446
1446
1447
1447
1447
1447
1447
1448
1448
1448
1448
1448
1448
1448
-1
-1
1449
1449
-1
-1
1450
1450
1451
1451
1451
1451
1451
1451
1452
1452
1452
1452
1452
1452
1452
1453
1453
1453
1453
1453
1453
-1
1454
1454
1454
-1
1455
1455
1455
1455
1455
1455
1455
-1
1456
1456
1457
1457
1457
1457
1457
1457
1457
1457
1458
1458
1458
1458
1458
1458
1459
1459
1459
1459
1459
-1
-1
1460
1460
-1
1461
1461
1461
1462
1462
1462
1462
1462
1462
1462
1463
1463
1463
1463
1464
1464
1464
-1
1465
1465
1465
-1
1466
1467
1467
1468
-1
1469
1469
-1
-1
1470
1470
-1
1471
1471
1471
-1
1472
1472
1472
1473
1473
1473
1473
1473
1473
1473
1474
-1
1475
1475
1476
1476
1476
1476
1477
1477
1477
1477
1477
1477
1477
1478
1478
1478
1478
1478
1478
1478
1479
1479
1479
1479
1479
1479
1479
1480
1480
1480
1480
1481
1481
1481
1481
1481
1482
1468
1468
1468
1483
111
1484
1484
1484
1484
1484
1484
1485
1485
1485
1485
1485
1486
1486
1486
1486
1487
1487
1487
1487
1488
1488
1488
1488
1488
1488
1488
-1
-1
-1
1489
1489
1489
1489
1490
1490
1490
1490
1490
1490
1490
1491
1491
1491
1492
1492
1492
-1
-1
-1
1493
1493
1493
1493
1494
1494
1494
1494
1495
1495
1495
1495
-1
1496
1496
1496
1497
1497
1497
1497
1498
1498
1498
1498
1498
1498
1498
-1
1499
1499
1499
1499
1499
1500
342
342
342
342
1501
1501
1501
1501
1502
1502
1502
1502
1503
1503
1503
1503
1504
1504
1504
1504
1505
1505
1505
1505
1505
1505
1506
1506
1506
1506
-1
1507
1507
1508
1508
1508
1508
1509
1509
1509
1509
1510
1510
1510
1511
1511
1511
1511
1512
1512
1512
1512
1513
1513
1513
1513
1513
1513
1513
1514
1514
1514
1514
1514
1514
1514
1515
1515
1515
1515
1516
1516
1516
1516
1517
1517
1517
251
1518
1518
1518
1518
1519
1519
1519
1519
1520
1520
1520
1520
1521
1521
1521
1521
1521
1521
1522
1522
1522
1523
1523
1523
1523
1524
1524
1524
1524
1525
1197
1197
1197
1526
1526
1526
1526
1526
1526
1526
-1
1527
1527
1527
1527
1527
1527
1528
1528
1528
1528
1529
1529
1529
1529
1530
1530
1530
1530
1531
1531
1531
1531
1532
1532
1532
1532
1533
1533
1533
1534
1534
1534
1534
1535
1535
1535
1535
1535
1535
1535
-1
-1
1536
1536
1536
1537
1538
1538
1538
1539
1539
1539
1539
1539
1540
1540
1540
1540
1540
1540
1540
1541
1541
1541
1541
1541
1541
1541
1542
1542
1542
1542
1542
1542
1542
-1
1543
681
681
1544
1544
1544
1544
1544
-1
1545
1545
1545
1546
1546
1546
1547
1547
1547
1547
1547
1547
1547
1548
1548
1548
1548
-1
1549
1549
1549
1550
1550
1550
1551
1551
1551
1551
1551
1551
1551
1552
1552
1552
-1
1553
1553
1553
1554
1554
1554
1554
1555
1555
1555
1555
1555
1556
1556
1556
1556
1557
1557
1557
1557
1557
1557
1557
1558
1558
1558
1558
1558
1558
1558
1559
98
98
98
1560
1560
1560
1560
1561
1561
1561
1561
1562
1562
1562
1562
1563
1563
1563
1563
-1
1564
2066
-1
1565
1565
1565
-1
1017
1017
1017
1566
1566
1566
1566
1566
1567
1567
1567
1567
1568
1568
1568
1568
1568
1569
1569
1569
1569
1570
1570
1570
1570
1570
1570
-1
1571
1571
1571
-1
-1
1572
1572
1572
1573
1573
1573
1573
-1
1574
1574
1574
1575
1575
1575
1576
1576
1576
1576
1577
1577
1577
1577
1578
1578
1578
1578
-1
1032
1032
1032
1579
1579
1579
1579
1579
1580
1580
1580
1580
1580
1580
1581
1581
1581
1581
1581
1581
1581
1581
-1
1582
1582
1582
1583
1583
1583
1583
1584
1584
1584
1584
1585
1585
1585
1585
1586
1586
1586
1586
1586
1586
-1
1587
1587
1587
1588
1588
1588
1588
1588
1589
1589
1589
1589
1589
1589
-1
1590
1590
1590
-1
807
807
807
-1
1591
1591
1591
-1
1592
1592
1592
-1
1593
1593
1593
1594
1594
1594
1594
1594
1594
1594
1595
1595
1595
1595
1595
1595
1595
1596
1596
1596
1596
1597
1597
1597
1597
1597
1598
1598
1598
1598
1598
-1
1599
594
594
1600
1600
1600
1600
1600
1600
1600
1601
1601
1601
1601
-1
1602
1602
1602
-1
-1
1603
1603
1604
1604
1604
1604
1604
1604
1604
-1
1802
1605
1605
1606
1606
1606
1606
1606
1606
1606
1607
1607
1607
1607
1607
1607
1607
1608
1608
1608
1608
1608
1608
1608
-1
1609
1609
1609
-1
-1
1610
1610
1611
1611
1611
1611
1611
1611
292
1612
1612
1612
1612
1612
-1
1613
1613
1613
-1
-1
1614
1255
-1
-1
1615
1615
1616
1616
1616
1616
1616
1617
1617
1617
1617
1617
1617
1617
-1
1618
1618
1618
1619
1619
1619
1619
1619
1619
1619
1620
1620
1620
1620
1620
1090
1090
1621
1621
1621
1621
1621
1621
1621
1622
1622
1622
1622
1622
1622
1623
1623
1623
1623
1623
1623
1623
1624
1624
1624
1624
1624
1624
1624
1625
1625
1625
1625
1625
1625
-1
1626
1626
1626
-1
-1
1627
1627
-1
1628
-1
-1
-1
-1
1629
1629
-1
-1
1630
1630
-1
-1
1631
1631
1631
-1
1632
1632
-1
1633
1633
1633
1634
1635
1635
1635
1636
1636
1637
1637
1637
-1
1638
1638
1638
-1
1639
1639
1639
-1
1640
1640
1640
1641
1641
1641
1641
1641
1641
1641
1642
1643
1643
1643
-1
-1
1644
1644
1645
1645
1645
1645
1645
1645
1645
1646
1646
1646
1646
1646
1646
1646
1647
31
31
31
31
31
31
1648
1648
1648
1648
1648
1648
1649
1649
1649
1649
1649
-1
-1
1650
1650
1651
1054
1054
1054
1054
1054
1054
1652
1652
1652
1652
1652
1652
1653
1653
1653
1653
1653
1653
1653
-1
1654
1654
1654
-1
803
-1
38
-1
1655
1655
1655
1656
1656
1656
1656
1657
1657
1657
1657
1657
1657
-1
1658
1658
809
-1
1659
1659
1659
1660
1660
1660
1660
1661
1661
1661
1661
1662
1662
1662
1662
-1
1663
1663
1663
1663
1663
1664
1664
1664
1664
1664
292
1665
1665
1665
1665
-1
1666
1666
1666
1667
1667
1667
1667
1667
1667
1667
1668
1668
1668
1668
1668
1668
1668
1669
1669
1669
1669
1669
1669
-1
1670
1670
1670
1671
1671
1671
1671
1671
1671
1671
1672
1672
1672
1672
1672
1672
1672
1673
1673
1673
1673
1674
1674
1674
1674
1675
1675
1675
1675
1675
-1
1676
1676
1676
1676
1676
1676
1676
1677
1677
1678
1678
-1
1679
460
460
-1
1680
1680
1680
1681
1681
1681
1681
1681
1681
1681
-1
1682
1682
1682
-1
-1
-1
-1
1683
1683
1683
-1
-1
1684
1684
-1
1685
1685
541
-1
-1
1686
1686
-1
-1
1687
129
-1
-1
1688
1688
1689
1116
1116
1116
1116
1116
-1
1690
1690
1690
-1
1691
1691
1691
1692
1693
1693
1693
-1
-1
1694
1694
-1
-1
1695
1695
-1
1696
1696
1696
1697
1697
1697
1697
1697
1697
-1
1698
1698
1698
-1
1699
1699
1699
-1
-1
1700
1700
-1
1701
1701
-1
1702
1702
1703
1703
1703
1704
1704
1704
1704
1704
1705
1705
1705
1705
1705
1706
1706
1706
1707
1707
1707
1707
1708
1708
1708
1708
1709
1709
1709
1709
1709
1710
1710
1710
1710
1711
1711
1711
1711
1711
1711
1712
1712
1712
1712
1713
1713
1713
1713
1713
1714
1714
1714
1714
1714
1715
1715
1715
1715
1715
1715
1715
1716
1716
1716
1716
1717
1717
1718
1718
1718
1719
1719
1719
1719
1719
-1
1720
1720
1720
842
1721
1721
1721
1722
1722
1722
1722
1723
1723
1723
281
1724
1724
1724
1724
1725
1725
1725
1725
1726
1726
1726
1726
1727
1727
1727
1727
1727
1728
1728
1729
1729
1730
1730
1730
1730
1730
1730
1730
1539
1539
1539
-1
-1
1731
1731
1731
1732
1732
1732
1732
1732
1732
1732
1733
1733
1733
1733
1733
1733
1733
-1
1734
1734
1217
1735
1735
1735
1735
1735
1736
1736
1736
1736
1737
1737
1737
1737
1737
1737
1737
1737
1738
1738
1738
1738
1738
1738
1738
1739
1740
1741
1741
-1
-1
1742
1742
1743
1743
1743
1743
1743
1743
1744
1744
1744
1744
1745
1745
1745
1745
1746
1746
1746
1746
1747
1747
1747
1748
1748
1748
1748
1748
1748
1748
1748
1749
1749
1749
1749
1750
1750
1750
1750
-1
1751
1751
1751
1752
1752
1752
1752
1753
1753
1753
1753
1754
1754
1754
1754
1754
1754
1755
1755
1755
1755
1755
1755
1755
1756
1756
1756
1756
1756
1756
1757
1757
1757
1757
1758
658
658
1759
1759
1759
1759
1759
1760
1192
1192
1761
1761
1761
1761
1762
1762
1762
1762
1763
1763
1763
1763
1764
1764
1764
1764
1764
1764
1764
1765
1765
1765
1765
1766
1766
1766
1766
1767
1767
1767
1767
1767
1767
1768
1768
1768
1768
1769
1769
1769
1769
1770
1770
1770
1770
1770
1770
1770
1771
1771
1771
1771
1771
1771
1771
1771
1772
1772
1772
1772
1773
1773
1773
1773
-1
1774
1774
1774
1775
1775
1775
1776
1776
1776
1777
1777
1777
1777
1777
1777
-1
1778
1778
1778
1779
1779
1779
1779
1779
1779
1779
-1
1780
1780
1780
1780
1781
1781
1781
1781
-1
1782
1782
1782
1783
1783
1783
1783
1783
1783
1783
1783
1784
1784
1784
1784
1784
1784
1784
1784
1785
1785
1785
1785
1785
1785
1785
1786
1786
1786
1786
1786
1786
1786
-1
1787
1787
1787
1788
1788
1788
1788
1789
1789
1789
1789
1789
1789
1790
1790
1790
1790
1790
1790
1791
1791
1792
1792
1792
1792
1792
1792
1792
1793
1793
1793
1793
1793
1794
1794
1794
1794
1794
1794
-1
1519
1519
1519
-1
1795
1795
1795
-1
1796
1796
1796
1797
1797
1797
1797
1798
1798
1798
1798
1798
-1
1799
1799
1799
1799
1799
1800
1800
1800
1800
1801
1801
1802
1803
1803
1803
-1
1804
1804
1804
1805
1805
1805
1806
1806
1806
1806
1806
1806
1806
1807
1807
1807
1807
1807
1807
1807
1808
1808
1808
1808
1808
1808
1808
1809
1809
1809
1809
1809
1809
1810
1810
1810
1810
1810
1811
1811
1811
1811
1811
1811
1811
1812
1812
1812
1812
1812
1812
1812
1813
1813
1813
1813
1813
1814
1814
1814
1814
-1
1815
1533
1533
1816
1816
1816
1816
1816
1816
-1
1817
1817
1817
-1
1818
1818
1818
-1
1819
1819
1819
-1
1820
1820
1820
1821
1822
1822
649
-1
1823
1823
1823
1824
1824
1824
1824
1825
1825
1825
1825
1825
1825
1826
1826
1826
1826
1826
1826
1827
1828
1828
1828
1828
1828
1828
1828
1829
1829
1829
1829
1829
1829
1829
1830
1065
1065
1065
1831
1831
1831
1831
1831
1832
1832
1832
1832
1832
1832
1833
1833
1833
1833
1833
1833
-1
1834
1834
1834
-1
1835
1835
1835
-1
1836
1836
491
-1
1837
1837
1837
-1
1838
1838
1838
-1
1839
1839
1839
-1
1840
1840
1840
-1
1841
1841
1495
-1
1842
1842
1842
1843
1843
1843
1843
1844
1844
1844
1844
1844
-1
1845
1845
1845
-1
1846
1846
1846
-1
1847
1847
1847
-1
1848
1848
1848
-1
1849
1849
1849
-1
1850
1850
1850
1851
1851
1851
1851
1851
1852
1852
1852
1852
1852
-1
1853
1853
-1
1854
1854
1854
1855
1855
1855
1855
1856
1856
1856
1856
1856
1857
1857
1857
1857
1857
1858
1859
1859
1859
1859
1859
1860
1860
1860
1860
1860
1860
1860
1861
1861
1861
1861
1861
1861
1861
1862
1862
1862
1862
1862
1862
1862
1863
1863
1863
1863
1863
1863
1863
1864
1864
1864
1864
1864
1864
1864
1865
1865
1865
1865
1865
1865
1865
1866
7
7
7
1867
1868
1868
1868
-1
1869
1869
1869
1870
1870
1870
-1
-1
1871
1871
-1
-1
1872
1872
-1
-1
1534
1534
-1
1873
1873
1873
1874
1874
1874
1874
-1
1875
1875
1875
1875
1875
1875
1875
-1
1876
1876
1876
-1
-1
-1
-1
-1
-1
-1
-1
1877
1877
1877
1877
1877
1877
-1
1878
1878
1878
1879
1879
1879
1879
1880
1880
1880
1880
1880
1880
1880
-1
-1
1881
1881
-1
-1
1882
1882
-1
1883
1883
1883
-1
-1
1884
1884
1885
1885
1885
1885
1885
1885
1886
1886
1886
1886
1886
1886
1887
1887
1887
1887
1887
1887
1887
-1
1013
1888
1888
-1
497
497
497
-1
1889
1889
1889
-1
1227
1890
1890
1890
1890
1890
-1
-1
1891
1891
1892
1892
1893
1893
1893
1893
1893
1893
1893
1894
1894
1894
1894
1894
1894
1894
1895
1895
1895
1895
1896
1896
1897
1897
-1
1898
618
-1
1899
1899
1899
-1
1900
1900
1900
1900
1901
1901
1901
1901
1901
1901
-1
1171
1902
1902
-1
1903
1903
1903
-1
-1
1904
1904
1905
1905
1905
1905
1905
1905
-1
1906
1906
1906
1906
-1
1907
1907
1907
-1
-1
1908
1908
-1
1909
1909
1909
-1
-1
1910
1910
-1
1911
1911
1911
1912
1912
1912
1912
1912
1912
1912
1913
1913
1913
1913
1913
1914
1914
1914
1914
1914
1914
1914
-1
1915
1915
1915
1916
1867
1867
1867
1917
1917
1917
1917
1917
1917
1917
1918
1918
1918
1918
1918
1918
1918
1919
1919
1919
1919
1919
1920
1920
1920
1920
1920
1920
1920
1921
1921
1921
1921
1922
1922
1922
1922
1922
1923
1923
1923
1923
1924
1924
1924
1924
1925
1925
1925
1925
1926
1927
1927
1927
1927
1927
1927
1928
1928
1928
1928
1928
1928
1928
1929
1929
1929
1929
1929
1929
-1
1930
1930
1930
1931
1931
1932
1932
1932
1932
1932
1932
-1
-1
1181
1181
1181
1933
1933
1933
1933
1934
1934
1934
1934
1934
1934
1934
1934
1935
1935
1935
1935
1936
1936
1936
1936
1936
1936
-1
1937
1937
1030
-1
1938
1938
1938
-1
1939
1939
1939
1940
1940
1940
1940
1940
1941
1941
1941
1941
1941
1941
1941
1942
1942
1942
1942
1943
1943
1943
1943
1944
1944
1944
1944
1945
1945
1945
1945
1946
1946
1946
1946
1947
1947
1947
1947
1947
1947
1948
1948
1948
1948
1948
1949
1949
1949
1949
1949
1949
1949
1950
1950
1950
1950
1951
1951
1951
1951
1951
1951
1952
1952
1952
1952
1952
1952
1952
1953
1953
1953
1953
1953
1953
1954
1954
1954
1954
1955
1955
1955
1955
1956
1956
1956
1957
1957
1957
1957
1957
1957
1958
809
809
809
1959
1959
1959
1959
1959
1959
1959
1960
1960
1960
1960
1960
1961
1961
1961
1961
1962
1962
1962
-1
1963
1963
1963
1964
1964
1964
1964
1964
1964
1964
-1
1965
1965
1965
1965
1965
1965
1965
1966
1966
1966
1966
1966
1967
1967
1967
1967
1967
1967
1967
1968
1968
1968
1968
1968
-1
1969
1969
1969
1970
1970
1970
1970
1970
1970
1970
1971
1794
1794
1794
1794
1794
1972
1972
1972
1972
1972
1972
1360
-1
1973
1057
1057
1827
1827
1827
1827
1827
1827
1974
1974
1974
1974
1974
1974
1974
1975
1975
1975
1975
1975
1975
1975
1975
1976
1976
1976
1976
1977
1977
1977
1977
1977
1977
1977
-1
1978
1978
1979
1979
1979
1979
1979
1979
-1
1980
1170
1170
-1
1981
1981
1981
-1
1982
1982
1983
1983
1983
1983
1983
1983
-1
1021
1021
1021
-1
1984
1984
1984
-1
1985
1985
1985
1986
1986
1986
1986
1986
1987
1987
1987
1987
1987
1988
1988
1988
1988
1988
-1
-1
1989
1989
1990
1990
1990
1990
1990
-1
-1
1991
1991
1991
-1
1992
1992
1992
-1
-1
1993
1993
1993
1993
1993
1993
1994
1994
1994
1994
1994
1994
1994
1995
1996
1996
1996
-1
1997
1998
1998
1999
1999
1999
1999
1999
1999
1999
2000
2000
2000
2000
2001
2001
2001
2001
2001
2001
2002
411
411
411
411
411
411
-1
-1
2003
2003
2003
2004
2004
2004
2004
2005
2005
2005
2005
2005
2005
-1
2006
2006
2006
-1
2007
2007
2007
-1
2008
796
796
2009
2009
2009
2009
2009
2009
2009
2009
2010
2010
2010
2010
2010
2010
2010
-1
2011
2011
2011
-1
2012
2012
2012
-1
2013
649
649
-1
-1
2014
2014
-1
2015
2015
2015
-1
-1
-1
2016
781
781
781
781
781
2017
2017
2017
2017
2017
2017
2017
2017
2018
2018
2018
2018
2018
2018
2018
-1
2019
2019
2019
2020
2020
2020
2020
2020
2020
-1
2021
2021
2021
-1
2022
2022
-1
2023
1698
2024
2024
2024
2024
2024
2024
2024
2025
2025
2025
2025
2025
2025
2025
-1
2026
2026
2026
-1
2027
2027
2027
-1
2028
2028
2028
-1
2029
2029
2029
-1
2030
2030
2030
-1
-1
2031
2031
-1
2032
2032
2032
2033
2033
2033
2033
2033
2034
2034
2034
2034
2034
2035
-1
2036
2036
2036
2037
2037
2037
2037
2037
2037
2037
2038
2038
2038
2038
2038
2038
-1
2039
2039
2039
-1
2040
2040
2040
-1
2041
2041
2041
-1
-1
1061
2042
2042
2043
2043
2043
2043
2043
2043
2043
-1
2044
2044
2044
2045
16
16
16
16
-1
2046
2046
2046
-1
421
421
421
-1
2047
2047
2047
2048
2048
2048
2048
2048
2048
2048
-1
313
313
313
2049
2049
2050
2050
2050
2051
2051
2051
2051
2051
2051
2051
2052
2052
2052
2052
2052
2052
2052
-1
1926
1926
1926
2053
2053
2053
2053
2053
2053
2053
-1
2054
2054
2054
2055
2055
2055
2055
2055
2055
2055
2056
2056
2056
2056
2056
2056
2056
2057
2057
2057
2057
2057
2057
2057
2058
2058
2058
2059
2059
2059
-1
2060
2060
1530
-1
2061
2061
2061
-1
2062
2062
2062
2063
2064
2064
2064
-1
2065
2065
2065
2066
2066
2066
2067
2067
2067
2067
2068
2068
2068
2068
2068
2069
2069
2069
2069
2070
2070
2070
2070
2070
2071
2071
2071
2071
2072
2072
2073
2073
2073
2073
2073
2073
2074
2074
2074
2074
2075
2075
2075
2075
2076
2076
2076
2076
2077
2077
2077
2077
2077
2078
2078
2078
2078
2078
2078
2078
2079
2079
2079
2079
2079
2079
2079
2080
2080
2080
2080
2080
-1
2081
2081
2081
2082
2083
2083
2083
-1
2084
2084
2084
-1
2085
2085
2085
2086
875
875
875
2087
2087
2087
2087
2087
2087
2087
-1
2088
2088
2088
2089
2089
2089
2089
2089
2089
2089
2090
2090
2090
2091
2091
2091
2092
2092
2092
2092
2093
2093
2093
2093
2094
2094
2094
2095
2095
2095
2095
2095
2095
2095
2096
2096
2096
2096
2096
2096
2096
2097
2097
2097
2097
2097
2098
2098
2098
2098
2098
-1
2099
2099
2099
-1
2100
2100
2100
-1
2101
2101
2101
-1
2102
2102
2102
-1
2103
2103
2103
-1
2104
2104
2104
-1
2105
2105
400
2106
2106
2106
2106
2107
2107
2108
2108
2108
2108
2108
2109
2109
2109
2109
2109
2110
2110
2110
2110
2110
2110
2110
2111
2111
2111
2111
2111
2111
2111
2111
2112
2112
2112
2112
2112
2112
2113
2113
2113
2113
2113
2113
2114
2114
2114
2114
-1
2115
2115
2115
-1
2116
2116
2116
-1
2117
2117
2117
-1
2118
2118
2118
2119
2119
2119
2119
2120
2120
2120
2120
2120
2120
2120
2120
-1
2121
2121
2121
2122
2122
2122
2123
2123
2123
2123
2123
2123
2123
2124
2125
2125
2125
-1
2126
2126
2126
-1
2127
2127
2127
-1
2128
2128
2128
-1
2129
2129
2129
2130
2130
2130
2130
2130
2130
2130
-1
2131
2131
260
-1
2132
2132
2132
2133
2133
2133
2133
2134
2134
2134
2134
2135
2135
2136
2136
2136
929
929
929
929
929
2137
2137
2137
2137
-1
2138
2138
2138
-1
2139
2140
2140
2141
2141
2141
2141
2142
2142
2142
2143
2143
2143
2143
2143
2144
2144
2144
-1
2145
2145
217
2146
2146
2146
2146
2147
-1
2148
2148
2149
2149
2149
2149
2150
2150
2150
2150
2150
2150
2150
2151
2151
2151
2151
2151
2151
2151
2152
2152
2152
2152
2153
2153
2153
2153
2153
2153
2153
2154
560
560
560
2155
2155
2155
2155
2156
2156
2156
2156
2156
2156
2156
2156
2157
2157
2158
2158
2158
2159
2159
2159
2159
2159
2159
2159
2160
961
961
961
961
961
961
312
2161
2161
2161
2161
2162
2162
2162
2162
2163
2163
2163
2163
-1
2164
2164
2164
2165
2165
2165
2165
2165
2165
2165
2166
2166
2166
2166
2166
2166
2166
2167
2167
2167
2167
2167
2168
2168
2168
2168
2168
2168
2169
2169
2169
2169
2169
-1
2170
2170
2170
2171
2171
2171
2171
2172
2172
2172
2172
2173
2173
2173
2173
2173
2173
2173
-1
2174
2174
2174
-1
-1
2175
2175
2175
2176
2176
2176
2176
2176
2176
2176
2177
2080
2080
2080
2080
2080
2080
2080
2178
2178
2178
2178
2178
2178
2179
2179
2179
2179
2179
2179
-1
2180
2180
2180
2180
-1
2181
2181
2181
-1
2182
1102
1102
-1
2183
2183
2183
2183
2183
2183
2183
2183
-1
-1
-1
-1
2184
1159
1159
2185
2185
2185
2185
-1
2026
-1
2186
2186
2186
2186
2186
2186
2186
2186
-1
2187
2187
2187
-1
2188
2188
2188
2189
2189
2189
2189
2189
-1
2190
2190
2190
-1
2191
2191
2191
2192
2192
2192
2192
2192
2192
2192
-1
2193
2193
2193
2194
2194
2194
2194
-1
2195
2195
2195
-1
2196
2196
2196
-1
2197
2197
2197
-1
2198
2198
2198
2199
2199
2199
2199
-1
2200
2200
2200
2201
2201
2201
2202
2202
2202
2202
2202
2202
2203
2203
2203
2203
2203
2203
2203
2204
2204
2204
2204
2205
2205
2205
2205
2205
2205
2205
-1
2206
2206
2206
-1
2207
2207
2208
2208
2208
2208
2208
-1
2209
2209
2209
2209
2209
2209
2209
2210
2210
2210
2210
2210
2210
2211
1583
1583
1583
2212
2212
2212
2213
2213
2213
2214
2214
2214
2214
2215
2215
2215
2215
2215
2215
2215
2216
2216
2216
2216
2216
2216
2216
2217
2217
2217
2217
2217
2217
2217
2218
2218
2218
2218
2218
2218
2218
2218
2219
2219
2219
2219
2219
2219
2219
2220
2220
2220
2220
2220
2220
2220
-1
2221
2221
2221
-1
2222
2061
2061
-1
2223
2223
2223
-1
2224
2224
2224
-1
2225
2225
2225
-1
2226
1414
1414
-1
2227
421
421
2228
2228
2228
2228
2228
2228
2229
2229
2229
2229
2229
2229
2230
2230
2230
2231
2231
2231
2231
2231
2231
2231
-1
2232
2232
459
-1
2233
2233
2233
2234
2234
2234
2234
2234
2234
2234
-1
2235
2235
2235
-1
2236
2236
2236
2237
2237
2237
2237
2238
2238
2238
2238
2238
2238
2238
2239
2239
2239
2239
2239
2239
2239
2240
2240
2240
2240
2241
2241
2241
2241
2241
2241
2241
2242
2242
2242
2242
2242
2242
2242
2243
2243
2243
2243
2243
2243
2244
2244
2244
2244
2245
2245
2245
2245
-1
2246
2246
2246
-1
-1
-1
-1
-1
2247
2247
2247
2248
2249
2249
2249
1853
2250
2250
2250
2250
2250
2250
2251
2251
2251
2251
2251
-1
2252
2252
2252
2253
2253
2253
2253
2253
2254
2254
2255
2255
2255
2255
2256
2256
2257
2257
2257
2257
2257
2257
2257
2258
2258
2258
2258
2258
2258
2258
2259
2259
2259
2259
2259
2259
2259
-1
2260
2260
2260
2261
2261
2261
2262
2262
2262
2262
2262
2262
2262
2263
2263
2263
2263
2263
2263
-1
-1
2264
2264
-1
-1
2265
2265
-1
2266
2266
2266
-1
2267
2267
2267
-1
2268
2268
2268
-1
2269
2270
2270
-1
-1
2271
2271
-1
2272
222
222
-1
-1
2273
2273
-1
2274
2274
2274
-1
-1
60
60
2275
2275
1628
-1
2276
2276
2277
2277
2277
2277
2277
2278
2278
2278
2278
2278
2278
2278
2279
2279
2279
2279
2279
2279
2279
2280
2280
2280
2280
1392
1392
1392
2281
2281
2281
2281
2281
2281
2281
-1
2282
2282
2282
2283
2283
2283
2283
2283
-1
-1
2284
2284
2285
2285
2285
2285
2285
-1
2286
2286
2286
-1
2287
2287
2287
2288
2288
2288
2288
2288
-1
-1
2289
2289
-1
-1
2290
2290
-1
-1
2291
2291
-1
-1
2292
2292
-1
2293
2293
2293
2294
2294
2294
2294
2294
2294
2294
2295
2295
2295
2295
2295
2295
2295
2295
-1
2296
2296
2296
2297
2045
2045
2045
2045
-1
2298
2299
1534
2300
2300
2300
2300
-1
2301
2301
2301
-1
2302
2302
2302
2302
-1
2303
2303
2303
2303
-1
2304
2304
-1
2305
2305
2305
2305
2305
2305
2305
2306
2306
2306
2307
2307
2307
2308
2308
2308
2308
2309
2309
2309
2309
2310
2310
2310
2310
2311
658
658
658
2312
2312
2312
2312
2312
2312
2312
2312
2313
2313
2313
2313
2313
2314
2314
2314
2314
2314
2314
2314
2315
2315
2315
2315
2316
2316
2316
2316
2317
2317
2317
2317
2317
2317
2318
2318
2318
2318
2318
2318
2318
2319
2319
2319
2319
-1
2320
2320
2320
2321
2035
2035
2322
2322
2322
2322
-1
2323
2323
2323
2323
-1
2324
340
340
2325
2325
2325
2325
2325
2325
2326
2327
2327
2327
-1
2328
2328
2328
2328
-1
2329
2329
2329
-1
138
138
138
-1
2330
2330
2330
-1
2331
2331
2331
2331
2331
2331
2331
-1
-1
2332
2332
2332
2333
2333
2333
2333
-1
2334
2334
2334
2335
2335
2335
2335
2335
2335
2335
2336
2336
2336
2336
2336
-1
-1
2337
2337
2337
-1
2338
2338
2338
-1
2339
468
468
2340
2340
2340
2340
2341
2341
2341
2342
2342
2342
2342
2343
2343
2343
2343
2344
2344
2344
2344
2345
2345
2345
2345
2346
2346
2346
2347
90
90
90
90
2348
2348
2348
2348
2348
2348
2349
2349
2349
2349
2349
2349
2349
2350
2350
2350
2350
2350
2350
2350
2351
2351
2351
2351
2351
2351
2351
2352
2352
2352
2352
2353
129
129
129
2354
2354
2354
2355
2355
2355
2355
2356
2356
2356
2356
2356
2356
2356
2357
2357
2357
2357
2358
2358
2358
2358
2359
2359
2359
2359
2360
2360
2361
2361
2361
2362
2362
2362
1308
2363
2363
2363
2363
2363
2363
2363
2364
2364
2364
2364
2365
2365
2365
2365
2366
2366
2366
2366
2367
2367
2367
2367
2368
2368
2368
2368
2369
2369
2369
2369
2370
2370
2370
2370
2370
2370
2370
2371
2371
2371
2371
2371
2371
2372
2372
2372
2372
2372
2373
2373
2373
2373
2373
2373
2373
2374
2374
2374
2374
2374
2374
2374
2375
2375
2376
2376
2377
2377
2377
2377
2378
2378
2378
2379
2379
2379
2379
2380
2380
2380
2380
2381
2381
2381
2381
2381
2381
2382
2382
2382
2382
2383
2383
2383
2383
2383
2384
2384
2384
2384
2385
2385
2385
2385
2385
2385
2385
2386
2386
2386
2386
2387
2387
2388
2388
2388
2388
2389
2389
2389
2389
-1
2390
-1
-1
2391
2391
-1
2392
2392
2392
2393
-1
-1
2394
-1
2395
2395
2395
2396
2396
2396
2397
2397
2397
2397
2397
2397
2397
2398
2398
2398
2398
1713
2399
2400
2400
2249
-1
2401
2401
2402
2402
2402
2402
2403
2403
2403
2403
2403
2403
2404
2404
2404
2404
2404
2404
2404
2405
2405
2405
2405
2406
2406
2406
2406
2406
2406
-1
2407
2407
2407
2408
2408
2408
2408
2408
2408
2408
2409
2409
2409
2409
2409
2409
2409
2410
2410
2410
2410
2410
2410
2410
2411
2411
2411
2411
2412
2412
2412
2412
2413
2413
2413
2413
2414
2414
2414
2414
2414
2414
2414
2415
681
681
681
2416
2416
2416
2416
2417
2417
2417
-1
2418
431
431
-1
2419
2419
491
2420
2420
2420
2420
2420
-1
-1
2421
2421
2422
2422
2422
2422
2422
2422
2422
2422
2423
2423
2423
2423
2424
2424
2424
2425
2425
2425
2425
2425
2425
2425
2426
2426
2426
2426
2426
2426
2426
2427
2427
2427
2427
2427
2428
2428
2428
2428
2428
2428
2428
2429
2429
2429
2429
2429
2429
2430
2430
2430
2430
2430
2431
2431
2431
2431
2431
2431
2431
-1
-1
2432
2432
2433
2433
519
519
519
519
519
2434
941
941
941
2435
2435
2435
-1
2436
2436
2436
-1
2437
2437
2437
-1
2438
2438
2438
-1
2439
2440
2440
-1
1474
1474
1474
-1
2441
2441
2441
-1
-1
2442
1686
-1
2443
2443
2443
-1
2142
2142
-1
2444
2444
2444
2445
2446
2446
2446
-1
-1
2447
2447
2448
2448
2448
2448
2448
2448
2448
-1
-1
2449
2449
-1
-1
2450
2450
-1
-1
2451
2451
-1
-1
2452
2452
-1
2453
2454
2454
-1
-1
2455
2455
-1
-1
2456
2456
2457
2457
2457
2457
2457
2457
2457
-1
-1
-1
2458
2458
2459
2460
2460
2460
2460
2460
2460
2460
2461
2461
2461
2461
2461
2461
2461
2462
2462
2462
2462
2462
2462
2463
2463
2463
2463
2463
2463
2463
-1
-1
2464
2464
2465
2466
2466
2466
2467
521
521
2468
2468
2468
2468
2468
2468
2468
2469
2469
2469
2469
2469
2469
2469
2470
2470
2470
2470
2470
2470
2470
2471
2073
2073
2073
2073
-1
-1
2472
2472
-1
2473
2473
1262
-1
2474
2474
2474
-1
-1
2475
2475
-1
2476
2476
2476
-1
2477
2477
2478
2478
2478
2478
2478
2478
2478
-1
-1
2479
2479
2479
-1
2480
2480
2480
-1
-1
2481
2481
-1
-1
2482
2482
-1
-1
2483
2483
-1
2484
2484
-1
2485
2485
2485
2486
2486
2486
2486
-1
-1
2487
2487
2488
2488
2488
2488
2488
2488
-1
2489
2490
2490
-1
-1
2491
2491
2492
2492
2492
2492
2492
2493
2493
2493
2493
2493
2494
2494
2494
2494
2494
2494
2494
2495
2495
2495
2495
2495
2495
2495
2496
2496
2496
2496
2496
2496
2496
2497
2497
2497
2497
2497
2497
2497
-1
2498
2498
2320
-1
-1
-1
2499
2499
2500
2500
2500
2500
2500
2500
2500
2500
-1
2501
2501
2501
-1
2502
2502
2502
-1
2503
2503
2503
-1
2504
2504
2504
-1
-1
2505
2505
2506
2506
2506
2506
2506
2506
2506
-1
1324
1324
1324
1324
1324
1324
-1
1085
1085
2507
2508
2508
2508
2508
-1
-1
2509
2509
2510
2510
2510
2510
2510
2510
2511
2511
2511
2511
2512
2512
2512
2512
2512
2512
2512
2513
2513
2513
2513
2513
2513
2513
2514
178
178
178
2515
2515
2515
2515
2515
2515
2515
-1
2516
2516
2516
2516
2517
2517
2517
2517
2518
2518
2518
2518
2518
2519
2519
2519
2519
2519
2519
2519
2520
2520
2520
2520
2520
2520
2520
2521
2521
2521
2521
2522
2522
2522
2522
2522
2522
2522
2522
2523
2523
2523
2523
2523
2523
2524
2524
2524
2524
2524
2524
2524
2525
2525
2525
2525
2525
2526
2526
2526
2526
2526
2526
2527
2527
2527
2527
2528
2528
2528
2528
2529
2529
2529
2529
2529
2529
2529
2529
2530
2530
2530
2531
2531
2531
2531
2532
2532
2532
2533
2533
2533
2533
2533
2533
2533
2534
638
638
638
638
638
638
2535
2535
2535
2535
2535
-1
1105
1105
2536
2536
2537
2537
2537
