0
0
0
0
1
1
1
1
2
2
2
2
3
3
3
4
4
4
4
4
4
4
5
5
5
5
5
6
6
6
6
-1
7
7
7
7
8
8
8
8
-1
9
9
9
10
10
10
10
11
11
11
11
12
12
12
12
13
13
13
13
14
14
14
14
14
14
14
15
15
15
15
15
15
15
16
16
16
16
16
16
16
16
17
17
17
17
18
18
18
18
18
19
19
19
19
20
20
20
20
21
21
21
21
22
22
22
22
23
23
23
23
24
24
24
24
25
25
25
25
26
26
26
26
-1
27
27
27
28
28
28
28
28
28
28
29
29
29
29
29
30
30
30
30
31
31
31
31
31
31
31
32
32
32
32
32
32
33
33
33
33
34
34
35
35
35
35
36
36
37
37
38
38
38
39
39
39
39
40
40
40
40
41
41
41
41
42
42
42
42
43
43
43
43
44
44
44
44
44
45
45
45
45
45
45
46
46
46
46
46
46
46
47
47
47
47
47
47
47
48
48
48
48
49
49
50
50
50
50
50
50
50
51
51
51
51
-1
52
52
52
53
53
53
53
54
54
54
54
55
55
55
55
56
56
56
57
57
57
57
58
58
58
59
59
59
59
60
60
60
60
60
60
60
61
61
61
61
62
62
62
62
63
63
63
63
64
64
64
64
64
65
65
65
65
66
66
66
66
66
67
67
67
67
68
68
68
68
68
68
69
69
69
69
70
70
70
70
70
71
71
71
71
72
72
72
72
73
73
73
73
73
74
74
74
74
75
75
75
76
76
76
76
77
77
77
77
78
78
78
78
78
78
1741
-1
79
79
80
81
-1
491
82
82
82
82
83
83
83
83
84
84
84
84
-1
85
84
84
84
1188
-1
86
86
86
86
87
87
87
87
-1
-1
88
85
85
85
89
89
89
89
90
84
84
84
91
91
91
91
92
84
84
84
93
93
93
93
94
85
85
85
95
96
96
38
97
97
97
97
98
98
98
98
99
99
99
99
100
100
100
100
101
101
102
102
102
-1
-1
103
103
103
104
104
104
105
105
105
105
106
106
106
106
107
107
107
107
107
108
108
108
108
108
108
108
109
109
109
109
109
-1
110
110
110
110
110
110
110
111
111
111
111
111
111
111
112
112
112
112
113
113
113
113
114
114
114
114
115
115
115
115
115
115
115
116
116
116
116
116
116
-1
117
117
117
117
118
118
118
118
118
119
119
119
119
119
119
120
121
121
121
121
122
122
122
122
123
123
123
123
123
123
123
124
124
124
124
125
125
125
125
126
126
126
126
127
127
128
128
128
128
128
128
128
129
129
129
129
130
130
130
130
130
131
131
131
131
131
131
132
132
132
132
132
132
132
133
133
133
133
133
134
134
134
134
135
135
135
136
136
136
136
137
137
137
137
137
138
138
138
138
138
138
138
139
139
139
139
139
139
139
140
140
140
140
141
141
141
142
142
142
142
143
143
143
144
144
144
145
145
145
146
146
146
147
147
147
148
148
148
148
148
148
148
-1
149
149
149
149
149
150
150
150
150
151
151
151
151
152
152
152
152
152
152
153
153
153
154
154
154
154
154
154
154
155
155
155
155
155
155
155
-1
156
156
156
157
157
157
157
157
157
157
158
158
158
158
-1
-1
2332
159
159
159
159
159
159
160
160
160
160
160
160
161
161
161
161
161
161
162
162
162
162
162
162
163
163
163
163
163
163
-1
164
164
164
165
165
165
165
166
166
166
166
-1
167
167
168
168
168
168
169
169
169
169
169
169
169
169
-1
170
170
170
171
171
171
171
171
171
172
172
172
172
173
173
173
173
174
174
174
174
175
175
175
175
176
176
176
176
177
177
177
177
178
178
179
179
179
179
179
179
180
180
180
180
180
180
180
181
181
181
181
182
182
-1
183
183
183
184
184
184
184
185
185
185
185
185
186
186
186
186
186
-1
187
187
187
-1
188
188
188
-1
189
189
189
-1
190
190
190
191
191
191
191
191
191
191
-1
192
192
192
-1
193
193
193
-1
194
194
194
-1
195
195
195
-1
196
196
196
-1
197
197
197
198
198
198
198
199
199
199
199
200
200
200
200
201
201
201
201
201
201
202
202
202
202
202
202
203
203
203
203
203
203
204
204
204
204
204
204
204
-1
-1
-1
-1
-1
-1
205
-1
-1
-1
-1
-1
-1
-1
206
206
206
206
206
206
206
207
207
207
207
207
207
207
208
208
208
208
208
208
208
209
209
209
209
209
209
209
210
210
210
210
210
210
210
211
211
211
212
212
212
212
212
212
213
213
213
213
213
213
213
214
214
214
214
214
214
214
215
215
215
215
215
215
215
216
216
216
216
216
216
217
217
217
218
218
218
218
-1
219
219
219
-1
220
220
220
-1
221
221
221
222
222
222
222
223
223
223
224
224
224
224
225
225
225
225
226
226
226
227
227
227
227
228
228
228
228
228
228
229
229
229
229
229
229
229
230
230
230
230
230
230
230
231
231
231
231
231
231
232
232
232
232
232
232
233
233
233
233
233
233
233
234
234
234
234
234
234
234
235
235
235
235
235
235
235
236
236
236
236
236
236
236
237
237
237
237
238
238
238
238
239
240
240
240
-1
241
241
241
-1
242
242
242
243
243
243
243
243
244
244
244
244
245
245
245
-1
246
246
246
-1
247
247
247
-1
248
248
248
-1
249
249
249
250
250
250
250
250
250
250
251
251
251
251
251
251
251
252
252
252
253
253
253
253
-1
254
254
254
255
255
255
255
255
255
256
256
256
256
257
257
257
257
258
258
259
259
259
259
-1
260
260
260
-1
261
261
261
262
262
262
262
-1
263
263
263
264
264
264
264
265
265
265
266
266
266
267
267
267
267
267
267
268
268
268
268
268
268
268
269
269
269
269
269
269
269
-1
270
270
270
271
271
271
271
272
272
272
272
273
273
273
273
274
274
274
274
274
274
274
275
275
275
275
275
275
276
276
276
276
-1
277
277
277
278
278
278
278
278
278
278
279
279
279
279
279
279
279
280
280
280
280
280
280
280
281
281
281
281
281
281
282
33
-1
-1
283
283
283
284
284
284
284
284
284
284
285
285
285
286
286
286
286
286
286
-1
287
287
287
-1
288
288
288
289
289
289
289
290
290
290
290
291
291
291
291
292
292
292
292
-1
293
293
293
294
294
294
294
294
294
294
295
295
295
295
295
295
296
296
296
296
297
297
297
297
297
297
297
298
298
298
298
298
298
298
299
299
299
299
299
-1
300
300
300
301
301
301
302
302
302
302
302
302
302
303
303
303
304
304
305
305
305
306
306
307
307
307
307
308
308
308
308
309
309
309
309
310
310
310
310
310
310
310
-1
311
311
311
311
312
312
312
312
313
313
313
313
313
313
-1
314
314
314
314
314
314
315
315
315
315
316
316
316
317
317
317
317
318
318
318
319
319
319
319
319
320
320
320
320
-1
321
321
322
322
322
322
323
323
324
324
324
324
324
324
324
325
325
325
326
120
120
120
120
120
327
327
327
327
327
327
327
328
328
328
328
328
328
-1
329
329
329
-1
330
330
330
-1
331
331
331
332
332
332
332
332
332
332
333
333
333
333
333
333
333
-1
334
334
334
-1
335
335
335
-1
336
336
336
337
337
337
338
338
338
338
339
339
339
339
340
340
340
340
341
341
341
341
341
341
341
342
342
342
342
343
343
343
343
344
344
344
344
345
345
345
345
346
346
346
346
347
347
347
347
348
348
348
348
349
349
-1
350
350
350
350
351
351
351
351
352
352
352
352
352
352
352
353
353
353
353
354
354
354
354
355
355
355
356
356
356
356
-1
357
357
357
358
358
358
358
359
359
359
360
360
361
361
361
361
362
362
362
362
363
363
363
363
364
364
364
364
364
364
365
365
365
365
365
365
365
366
366
366
366
366
366
366
-1
367
367
367
-1
368
368
368
-1
369
369
-1
370
370
370
371
-1
372
372
372
-1
373
373
373
373
-1
374
374
374
375
375
375
375
375
375
375
376
376
376
376
376
376
376
-1
-1
377
377
-1
-1
378
378
-1
-1
379
379
380
380
380
380
380
381
381
381
381
381
381
381
382
382
382
382
382
382
382
-1
501
383
383
384
384
384
384
-1
385
385
-1
386
386
386
386
387
387
387
387
388
388
388
388
389
389
389
389
390
390
390
390
391
391
391
391
391
391
392
393
393
-1
394
394
394
-1
-1
395
395
-1
396
396
-1
397
397
397
398
398
398
398
398
398
398
399
399
399
399
400
400
400
400
400
400
401
401
401
401
402
402
402
402
-1
-1
403
403
403
403
403
403
404
404
404
405
405
405
405
406
406
406
406
407
227
227
227
408
408
408
408
408
408
408
409
409
409
409
409
409
409
410
410
410
410
410
411
411
411
411
411
411
411
-1
412
412
412
-1
413
413
414
414
414
414
414
414
414
-1
415
415
415
416
416
416
416
416
-1
417
417
417
-1
418
418
418
419
419
419
419
420
420
420
420
421
421
422
422
422
422
422
423
-1
424
424
424
425
392
392
426
426
426
426
426
426
426
427
422
422
428
428
428
-1
429
429
429
430
430
431
431
431
431
431
432
432
432
432
432
432
432
432
433
433
433
433
434
434
434
434
435
435
435
435
436
436
436
437
437
437
437
437
437
437
438
438
438
438
438
438
438
-1
439
439
439
439
439
440
440
440
440
-1
441
441
441
-1
442
442
442
443
443
443
443
443
443
444
444
444
444
444
444
444
445
445
445
445
446
446
446
446
447
447
447
447
447
447
447
448
448
448
448
-1
449
449
449
450
450
450
450
450
450
450
451
451
451
451
451
451
452
-1
-1
453
453
453
-1
454
454
454
454
455
455
455
455
455
456
456
456
456
456
456
456
456
457
457
457
457
458
458
458
458
459
459
459
459
459
68
460
460
460
460
461
461
461
461
462
462
462
462
462
462
462
463
463
463
463
463
463
464
464
464
464
465
465
465
465
466
311
311
311
467
467
467
467
467
467
467
468
468
468
468
469
469
469
469
470
470
470
470
471
471
471
471
471
472
472
472
472
473
473
473
473
473
473
473
474
474
474
474
475
475
475
475
476
476
476
476
476
476
476
477
477
477
477
477
477
477
478
478
478
479
479
479
-1
480
480
480
480
480
480
480
481
481
481
481
481
481
481
482
482
482
483
483
483
483
483
483
483
483
484
484
484
484
485
485
485
485
486
486
486
486
487
487
487
487
488
488
489
489
489
490
344
344
344
491
491
491
491
492
492
492
492
493
493
493
493
493
493
493
494
494
494
494
495
495
495
495
496
496
496
496
497
497
497
497
497
497
497
498
498
498
498
498
498
498
499
499
499
499
500
500
500
500
501
501
501
501
502
502
502
502
502
503
503
503
503
504
504
504
504
505
505
505
505
506
506
506
506
506
506
-1
507
507
507
508
508
508
508
508
508
508
509
509
509
509
510
510
511
511
511
511
512
512
512
513
513
513
513
514
-1
515
515
336
336
-1
516
516
516
-1
517
517
517
518
518
518
518
518
518
518
-1
519
519
519
-1
520
520
520
521
521
521
522
522
522
523
523
523
524
524
524
524
-1
525
525
525
526
526
526
526
526
526
526
-1
527
527
527
-1
-1
528
528
528
-1
529
529
529
530
530
530
530
531
531
531
531
-1
532
532
532
-1
533
533
533
-1
534
534
534
535
535
535
535
535
535
535
536
537
537
537
538
538
538
538
538
538
538
539
539
539
540
540
540
540
540
540
540
541
541
541
542
542
543
543
543
543
543
543
543
-1
544
544
544
-1
-1
545
545
546
547
547
547
-1
-1
-1
-1
548
548
548
-1
549
549
-1
550
550
550
550
550
550
550
551
551
551
551
551
551
552
552
552
552
552
552
552
-1
553
553
553
553
554
554
554
554
554
554
554
555
555
555
555
555
-1
1309
556
556
557
-1
-1
558
558
558
558
558
558
558
559
559
559
559
560
560
-1
-1
561
561
561
562
562
562
562
562
563
563
563
563
564
564
564
564
564
564
565
565
565
565
565
565
565
-1
-1
-1
-1
566
566
566
-1
-1
567
567
567
567
567
-1
568
568
568
-1
569
569
569
570
570
570
570
571
571
571
571
-1
572
572
568
-1
573
573
573
574
574
574
574
575
575
575
575
576
576
576
577
577
577
577
577
577
-1
578
578
578
578
579
579
579
579
579
579
580
580
580
580
581
581
581
581
581
581
581
582
582
582
582
582
582
582
-1
583
583
583
584
584
584
584
584
-1
585
585
167
-1
586
586
586
-1
587
587
587
588
588
589
589
589
589
589
590
590
590
590
590
591
591
591
591
591
591
591
592
592
592
592
593
593
593
593
594
594
594
594
595
595
-1
596
596
596
-1
597
597
597
-1
598
598
598
599
599
599
-1
600
600
600
601
601
601
601
601
601
602
602
602
602
603
603
603
603
603
603
603
604
604
604
604
604
605
605
605
605
605
605
605
606
606
606
606
606
607
607
594
594
608
608
608
608
608
608
608
609
485
485
485
-1
610
610
610
-1
611
611
611
-1
612
612
612
-1
613
613
613
614
614
614
614
614
614
614
615
615
615
615
615
615
615
-1
616
616
616
617
617
617
617
618
618
618
618
618
618
618
619
619
619
619
619
-1
620
621
621
-1
-1
622
622
623
623
623
623
624
624
624
625
625
625
625
626
626
626
626
626
626
626
627
627
627
627
627
627
628
628
628
628
628
628
628
629
629
629
629
-1
1794
-1
630
630
630
-1
1071
-1
-1
631
631
631
632
632
632
632
-1
633
633
633
634
634
634
634
635
635
635
635
636
636
637
637
637
637
637
637
637
638
638
638
638
639
639
620
620
640
640
640
641
641
641
642
642
642
643
643
643
643
643
643
643
-1
644
644
644
645
645
645
646
646
646
646
646
646
646
647
647
647
647
647
647
647
648
648
648
648
648
648
649
649
649
650
650
650
-1
651
651
651
-1
652
652
652
-1
653
653
653
-1
654
654
654
-1
655
655
655
656
656
656
656
657
657
657
657
-1
658
658
658
658
658
659
659
659
659
660
660
660
660
660
661
661
661
661
661
661
661
-1
662
662
662
662
662
662
662
663
663
663
663
663
663
663
664
664
665
665
665
665
665
-1
666
666
666
666
667
667
667
667
667
667
667
668
668
668
668
668
668
668
669
669
669
669
669
669
669
-1
670
670
670
671
671
671
671
671
671
671
672
672
672
672
672
672
672
673
673
673
673
673
673
673
-1
674
674
674
675
675
675
675
676
676
676
676
-1
677
677
677
678
678
678
678
-1
679
679
399
680
680
681
681
681
682
682
682
682
682
682
682
683
683
683
683
684
684
684
684
684
684
685
685
685
685
685
685
685
685
686
686
686
686
686
-1
687
687
687
687
687
688
688
688
689
689
689
689
690
690
691
691
691
691
692
692
692
692
693
693
693
693
693
693
693
694
694
694
694
695
695
695
696
696
696
696
697
697
697
697
697
697
697
698
698
698
698
698
698
698
699
699
699
699
700
700
700
700
701
701
701
701
-1
702
702
702
703
703
703
703
703
704
704
704
-1
705
705
705
706
706
706
706
706
706
706
-1
-1
707
707
-1
708
708
-1
-1
709
709
-1
710
710
710
-1
-1
711
711
-1
712
712
712
713
713
713
713
-1
714
714
714
715
715
715
715
716
716
716
716
716
716
-1
717
717
717
-1
718
718
718
719
719
719
719
720
720
720
720
721
721
721
722
722
722
722
722
723
723
723
724
724
724
725
725
725
726
726
726
727
727
727
728
728
728
729
729
225
-1
730
730
730
730
731
731
731
731
732
732
732
732
732
732
733
733
733
733
733
734
734
734
734
734
734
734
-1
735
735
735
-1
736
736
736
-1
737
737
737
-1
738
738
738
-1
739
739
739
-1
740
740
740
-1
741
741
741
742
742
742
742
742
742
742
743
743
743
743
743
744
744
744
744
745
745
745
745
745
745
745
746
746
746
746
747
-1
748
748
748
749
749
749
749
749
749
749
750
750
750
750
751
751
751
751
752
752
752
752
753
753
753
753
753
753
-1
754
754
754
-1
755
755
755
-1
756
756
756
-1
757
757
757
-1
758
758
758
-1
759
759
759
-1
760
760
760
-1
761
761
761
762
762
762
762
763
763
763
763
764
764
764
764
-1
765
765
765
766
766
766
766
766
767
767
767
767
767
767
767
767
-1
768
768
768
-1
769
769
769
-1
770
770
770
771
772
772
772
773
773
773
773
774
774
774
774
775
775
775
775
-1
776
776
776
-1
777
777
777
-1
778
778
778
-1
779
779
779
-1
780
780
780
-1
781
781
781
-1
782
782
782
-1
783
783
783
784
784
784
784
785
785
785
785
785
785
785
786
786
786
786
786
786
786
786
787
747
747
747
747
747
788
788
788
788
788
788
788
789
789
789
789
789
789
789
-1
790
790
790
-1
791
791
791
792
-1
-1
793
793
793
-1
794
794
794
-1
795
795
795
-1
796
796
796
797
797
797
797
797
797
798
798
798
798
798
798
798
-1
799
799
799
800
800
800
800
800
800
801
801
801
802
802
802
802
803
803
803
803
803
803
803
804
804
804
804
805
805
805
-1
806
806
807
807
807
807
807
807
-1
808
808
808
809
809
809
-1
810
810
81
-1
811
811
811
-1
812
812
812
813
813
813
813
814
814
814
814
814
814
814
815
815
815
815
815
815
-1
816
816
816
817
817
-1
818
818
818
-1
819
819
819
-1
820
820
820
821
822
822
822
-1
823
823
823
-1
824
824
824
825
825
-1
826
336
-1
-1
827
827
827
-1
828
828
828
-1
829
829
829
830
830
830
831
831
832
832
832
832
832
832
832
833
833
833
833
833
833
833
834
834
834
834
835
835
835
835
836
836
836
836
837
837
837
837
838
838
838
838
839
839
839
839
840
840
840
840
841
841
841
841
841
841
841
842
842
842
842
842
842
842
842
843
843
843
843
843
843
843
844
844
844
844
844
844
844
845
845
845
845
845
845
-1
846
846
846
847
847
847
-1
848
848
848
848
848
849
849
849
849
850
850
850
850
851
851
851
851
851
852
852
852
853
853
853
-1
854
854
854
-1
855
855
855
856
856
856
856
857
857
857
857
858
858
858
858
858
858
858
858
859
859
859
859
859
859
860
860
860
860
861
861
861
861
862
862
862
862
863
863
863
863
-1
864
864
864
865
865
865
865
866
866
866
866
867
867
867
867
867
867
867
868
868
868
868
868
868
868
869
869
869
869
869
869
869
870
870
870
870
871
871
871
871
871
871
871
872
872
872
872
872
873
873
873
873
873
873
873
874
874
874
874
874
874
874
875
875
875
875
875
876
876
876
876
876
877
877
877
877
877
878
878
878
878
879
879
879
879
879
879
-1
880
880
880
-1
881
881
881
-1
882
882
882
-1
883
883
883
-1
884
884
884
885
886
886
886
887
887
887
887
-1
888
888
13
13
889
889
889
889
-1
890
890
890
891
891
892
892
892
892
893
893
893
893
893
893
893
894
894
894
894
895
895
896
896
896
896
896
896
897
897
897
897
897
897
898
898
898
898
-1
899
899
899
900
900
-1
901
901
901
-1
-1
-1
-1
769
769
-1
172
-1
902
902
902
902
902
902
-1
903
903
903
903
903
-1
904
904
904
-1
905
905
905
906
906
906
906
906
906
907
907
907
907
907
907
907
908
908
908
908
908
908
909
909
909
909
909
909
909
910
910
910
910
910
910
911
911
911
911
911
911
912
912
912
912
912
912
912
913
913
913
913
-1
914
914
914
915
915
915
915
915
915
916
916
916
917
917
917
917
917
917
917
-1
918
918
918
-1
919
919
919
920
920
921
921
-1
922
922
922
922
923
923
923
923
923
923
923
924
924
924
924
-1
925
925
925
-1
926
926
926
927
927
928
928
928
928
928
928
929
929
929
929
-1
930
930
930
-1
931
931
931
-1
932
932
932
933
933
933
933
933
933
933
933
-1
934
934
934
935
935
935
936
936
936
936
937
937
937
938
938
938
938
938
938
938
938
939
939
939
939
939
939
-1
940
940
940
-1
941
941
941
-1
-1
942
942
-1
943
943
943
944
690
690
690
690
-1
945
945
-1
-1
946
946
-1
947
947
947
948
948
948
948
949
949
949
949
949
949
949
950
950
950
951
951
951
952
952
952
953
953
953
953
954
954
954
954
954
954
955
955
955
955
955
955
956
956
956
956
956
956
956
-1
957
957
957
-1
958
958
958
959
959
959
960
960
960
960
961
961
961
961
962
962
962
962
-1
963
963
963
964
964
964
964
-1
965
965
965
966
966
966
966
967
36
968
968
969
969
969
970
970
970
971
971
971
971
971
971
972
972
972
972
973
973
973
974
974
974
974
974
975
975
976
976
976
977
977
977
978
978
978
978
978
978
978
-1
979
718
980
980
980
980
981
981
981
982
983
983
983
984
984
984
984
985
985
985
985
985
986
986
986
986
-1
987
987
987
988
988
988
826
989
989
989
989
989
989
989
-1
990
990
990
991
991
991
991
991
-1
992
992
992
-1
821
821
821
993
993
993
993
993
993
993
994
994
994
994
994
994
994
995
995
995
995
995
995
995
-1
996
996
996
-1
997
997
997
998
998
999
999
999
1000
1000
1000
1000
1000
1000
1001
1001
1001
1001
1002
1002
1002
249
1003
1003
1003
1003
1004
1004
1004
1004
1005
1005
1006
1006
1006
1006
1007
1007
1007
1007
1008
1008
1008
1008
1009
1009
1009
1009
1010
1010
1010
1010
1010
1011
1011
1011
1011
1012
1012
1012
1012
1013
1013
1013
1013
1013
1014
1014
1014
1014
1014
1014
1014
1014
1015
1015
1015
1015
1015
1015
1015
1016
1016
1016
1017
1017
1017
1017
1018
1018
1018
1018
1019
1019
1019
1019
1019
1019
1019
1020
1020
1020
1020
1020
1021
1021
1021
1021
1021
1021
1021
1022
1022
1022
1022
1022
1022
1023
1023
1023
1023
1023
1024
1024
1024
1024
1024
1024
1025
1025
1025
1025
1025
1026
1026
1026
1026
1027
1027
1027
1027
1028
1028
1028
1028
1028
1029
1029
1029
1029
1030
1030
1030
1031
1031
1031
1031
1032
1032
1032
1032
1033
1033
1033
1033
1034
1034
1034
1034
1035
1035
1035
1035
1036
1036
794
794
1037
1037
1037
1037
1038
1038
1038
1038
1039
1039
1039
1040
1040
1040
1041
1041
1041
1041
1041
1041
1041
1042
1042
1042
1042
1042
1043
1043
1043
1043
1044
1044
1044
1044
1044
1044
1044
1045
1045
1045
1045
1045
1045
1046
1046
1046
1046
1046
1046
1046
1046
1047
1047
1047
1047
1047
1048
1048
1048
1048
1048
1048
1048
1049
1049
1049
1049
1049
1049
1049
1050
1050
1050
1050
1050
1050
1050
1051
1051
1051
1051
1051
1051
1051
1051
1052
1052
633
633
1053
1053
1053
1053
1054
1054
1054
1054
1054
1054
1055
1055
1055
1056
1056
1056
-1
-1
453
-1
1879
445
-1
1057
1057
1057
1058
1058
1058
1058
1058
1058
1058
-1
-1
-1
1059
1059
1059
1059
1060
1060
1060
1060
1060
1060
1060
-1
1061
1061
1061
-1
599
599
-1
1062
1062
1062
1063
1063
1063
1063
1064
1064
1064
1064
1064
1064
1064
1065
1065
1065
1065
1065
1065
1065
-1
1066
1066
-1
1067
1067
1067
-1
1068
1068
-1
1069
1069
1069
-1
-1
1070
1070
1071
-1
1072
1072
1073
1073
1073
1073
1073
1073
1073
1074
1075
1075
1075
1076
1077
1077
1077
1078
392
392
392
-1
1079
1079
1079
1079
1080
1080
1080
1080
1081
1081
1081
1081
1081
-1
1082
1082
1082
-1
1083
1083
1083
1084
1450
1085
1085
1086
1086
1086
1086
1086
1087
1087
1087
1087
1087
1087
1088
1088
1088
1088
1089
1089
1090
1090
1090
1090
1091
1091
1091
1091
1092
1092
1092
1092
1092
1092
1092
1093
1093
1093
1093
1094
1094
1094
1094
1095
1095
1095
1095
1095
1095
1095
1096
1096
1096
1096
1096
1096
1096
1096
-1
1097
1097
1097
1098
1098
1098
1098
1098
1098
1098
1099
1099
1099
984
1100
1100
1101
1101
1101
1102
1102
1102
1103
1103
1103
1103
1103
-1
1104
1104
1104
-1
1105
1105
1105
-1
1106
1106
1106
1107
1107
1107
1108
1108
1108
1108
1108
1108
1109
1109
1109
1109
1109
1109
1109
1109
-1
1110
1110
1110
1111
1111
1111
1111
1111
1111
1112
1112
1112
1112
1113
1113
1113
12
-1
1114
1114
1114
1115
1115
1115
1115
1115
1115
1115
1116
1116
1116
1116
1116
1116
1116
1116
1117
1117
1117
1117
1117
1117
1117
1118
1118
1118
1118
-1
257
257
257
-1
1119
1119
1119
-1
1120
1120
1120
-1
1121
1121
1121
1122
1122
1123
1123
817
1124
1124
1124
1124
1125
1125
1125
1125
1125
1125
1125
1126
1126
1126
1126
1127
1127
1127
1127
1128
1128
1128
1128
1129
1129
-1
-1
-1
1130
1130
1130
1130
1130
1130
1131
1131
1131
1131
1132
1132
1132
1132
1132
1132
1133
1133
1133
1133
1133
1134
1134
1134
1134
1135
1135
1135
1135
1136
1136
1136
1136
1136
1137
1137
1137
1137
1137
1137
1137
1138
1138
1138
1138
1138
1138
1138
1139
1139
1139
1139
1139
1139
1139
1140
1140
1140
1140
1140
1140
1140
1140
1141
1141
1141
1141
1141
1141
1141
1142
1142
1142
1142
1143
1143
1143
1144
1144
1144
1144
1144
-1
1145
1145
790
-1
1146
1146
1146
1147
1147
1147
-1
1148
1148
1148
1149
1150
1150
1150
-1
1151
1151
1151
-1
1152
1152
1152
-1
1153
1153
1153
-1
1154
1154
1154
1155
1155
1155
1155
1155
1155
1156
1156
1156
1156
1156
1156
1157
1157
1157
1157
1157
1157
-1
1158
1158
1158
-1
1159
529
529
-1
1160
1160
1160
-1
1161
1161
1161
-1
1162
1162
1162
1163
1163
1163
1163
1163
1164
1164
1164
1164
1164
1164
1164
1165
1165
1165
1165
1165
1165
1165
1166
1166
1166
1166
1166
1167
1167
1167
1167
1167
1167
1167
1168
1168
1168
1169
1169
1169
1169
1169
1169
1169
1170
1170
1170
-1
1171
1171
1171
-1
1172
1148
1148
-1
-1
-1
1173
545
1174
-1
1175
1175
1175
-1
1176
1176
1176
1177
1177
1177
1177
1177
1177
1177
1177
1178
1178
1178
1178
1178
-1
1179
1179
1179
1180
1180
1180
1180
1180
1180
1180
1181
1181
1181
1181
1181
1181
1181
1182
1182
1182
-1
1183
1183
1183
-1
1184
1184
1184
-1
1185
1185
1185
-1
1186
1186
1186
-1
1187
1187
1187
1188
1189
1189
1189
1190
1190
1191
1191
1191
1192
1192
1192
1192
1192
1192
1193
1193
1193
1193
1193
1193
1193
1194
1194
1194
1194
-1
1195
1195
1195
-1
1196
1196
1196
1197
1198
835
835
-1
1199
1199
1199
-1
-1
1200
1200
-1
-1
-1
-1
1201
1201
1201
1202
1202
1203
1203
1203
1203
1203
1203
1203
1203
1204
1204
1204
-1
-1
-1
1205
1205
1205
1205
1205
1205
-1
1206
1206
1206
1206
1206
1206
1207
1207
1207
1207
1207
1207
1207
-1
-1
1208
1208
-1
1209
1210
1210
-1
72
72
72
-1
1211
1211
1211
-1
-1
1212
1212
-1
-1
1213
1213
1214
1214
1214
1214
-1
1215
1215
1215
1215
-1
-1
-1
-1
-1
1216
1216
-1
1217
1217
1217
1218
1218
1218
1218
-1
1219
1219
1219
1220
410
410
410
410
1221
1221
1221
1221
1222
1222
1222
1222
1222
1222
-1
1223
1223
1223
1224
298
298
298
298
298
298
1225
1225
1225
1225
-1
1226
1226
1226
1227
1227
1227
1228
1228
1228
1228
1229
1229
1229
1229
-1
1230
1230
1230
-1
1231
1231
1231
1232
1233
1233
1233
-1
-1
1234
1234
1235
1235
1235
1235
1235
1235
1235
-1
1236
1236
1236
-1
1237
1237
1237
-1
-1
1238
441
-1
1239
1239
1239
1239
1239
-1
1240
1240
1240
-1
1241
1241
1241
-1
1242
1242
1242
-1
1243
1243
1243
1243
1243
1243
1243
-1
-1
901
901
-1
1244
1244
1244
-1
-1
1245
1245
1246
1246
1247
1247
1247
-1
1248
1248
1248
-1
1249
1249
1249
-1
-1
1250
1250
-1
-1
-1
-1
1251
1251
1251
1251
1251
1252
1252
1252
1252
1252
1252
1252
-1
1253
1253
1253
-1
1254
1254
1254
1255
1255
1255
1255
1256
1256
1256
1256
1257
1257
1257
1257
1258
1258
1258
1258
1258
1258
1258
1259
1259
1259
1259
1259
1259
1259
-1
1260
1260
1260
1260
444
1261
1261
1261
1261
-1
259
259
1262
1262
1262
1262
1262
1262
1263
1263
1263
1263
1263
1263
1263
1264
1264
1264
1264
1265
1265
1265
1265
1266
1266
1266
1266
1266
1266
1266
1267
1267
1267
1267
1267
1267
1267
1268
1268
1268
1268
1269
1269
1269
1269
1270
1270
1270
1271
656
656
656
-1
1272
586
586
1273
1273
1273
1273
-1
1274
1274
1274
-1
1275
260
260
1276
1276
1276
1276
1277
1074
1074
1074
-1
1278
1278
1278
1279
1279
1279
1279
1280
1280
1280
1280
1280
1280
1280
1281
1281
1281
1281
1281
1281
1281
1282
1282
1282
1282
1283
1283
1283
1284
1284
1284
1284
1285
1285
1285
-1
1286
1286
19
1287
1287
1287
1287
1288
1288
1288
1288
1288
1288
-1
-1
1289
1289
1289
1289
1289
1289
1289
1289
1290
1290
1290
1290
1290
1290
1290
-1
-1
1291
1291
-1
1292
1292
1292
-1
1293
1293
1293
1294
1294
1294
1294
1294
1294
1294
1294
1295
1295
1295
1295
1296
1296
1296
1296
1296
1296
-1
-1
1297
1297
1297
-1
1298
1298
1299
1299
1299
1299
1300
1300
1300
1300
1301
1301
1301
1301
1302
1302
1302
1302
1302
1303
1303
1303
1303
1304
1304
1305
1305
1305
1305
1306
1306
1306
1306
1306
1306
1306
1307
1307
1307
1307
1308
1308
1308
1308
1308
1308
1308
1308
1309
1309
1309
556
1310
1310
1310
1310
1310
1310
1310
1311
1311
1311
1311
1312
1312
1312
1312
1313
1313
1313
1313
1314
1314
1314
1314
1315
1315
1315
1315
-1
1316
1316
1316
1316
1317
1317
1317
1317
1318
1318
1318
1318
1319
1319
1319
1319
1320
1320
1320
1321
1321
1321
1321
1322
1322
1322
1322
1323
1323
1323
1323
-1
-1
-1
1324
1324
1324
1324
-1
1325
1325
1325
-1
1326
1326
1326
-1
1327
1327
1327
-1
1328
1328
1328
1329
1330
1330
1330
1331
1331
1331
1331
1331
1331
1331
1332
1332
1332
1332
1332
1332
1332
1333
1333
1333
1333
1333
1333
1333
1334
1334
1334
-1
1335
1335
1335
1336
1336
1336
-1
1337
1337
1337
1338
1338
1338
-1
1339
1339
1339
-1
1340
1340
1340
-1
1341
1341
1341
1342
1342
1342
1342
1342
1342
1343
1343
1343
1343
1343
1343
1343
-1
1344
1344
1344
-1
1345
1345
1345
1346
1346
1346
1347
1347
1347
1347
1347
1347
1347
-1
1348
1348
1348
-1
1349
1349
1349
1350
1350
1351
1351
1351
1351
1351
1351
1351
-1
1352
1352
1352
-1
1353
1353
1353
1353
1353
-1
1354
1354
1354
-1
1355
1355
1355
1356
1356
1356
1356
1357
1357
1357
1357
1357
1357
1358
1358
1358
1358
1358
1358
1359
1359
1359
1359
1359
1359
1359
1360
1360
1360
1360
1360
1360
1360
1361
1361
1361
1361
1362
1362
1362
1362
1362
1363
1363
1363
1363
1363
1363
1364
1364
1364
1364
1364
1364
1364
1365
1365
1365
1365
1365
1365
1366
1367
1367
1368
1368
1368
1368
1369
1369
1369
1369
1370
1370
1370
1370
1370
1370
1370
1371
1371
1371
1371
1371
1371
1371
1372
1372
1372
1372
1372
1372
1373
1373
1373
1373
1374
1374
1374
1374
1375
1375
1375
1375
-1
1376
1376
1376
1377
92
84
84
-1
1378
1378
545
1379
1379
1379
1379
1380
1380
1380
1380
1380
1380
1381
1381
1381
1381
1381
1381
1381
1382
1382
1382
1382
1383
1383
1383
1384
1384
1384
1384
1384
1384
1385
1385
1385
1385
1386
1386
1386
1386
1386
1386
1386
1387
1387
1387
1388
1388
1388
1388
1388
1388
1388
1388
1389
1389
1389
1389
1389
1390
1390
1390
1390
1390
1390
1390
1391
1391
1391
1391
1391
1391
1392
1392
1392
1392
1393
1393
1393
1393
1394
1394
1394
1394
1395
1395
1395
1395
-1
1396
1396
1396
1397
1397
1397
1397
1397
1397
1398
1398
1398
1398
1398
1398
1398
1399
505
505
505
1400
1400
1400
1400
1400
1400
1400
1401
1401
1401
1401
1401
-1
-1
1402
1402
1402
-1
1403
1403
1403
-1
1404
1404
1404
1405
-1
-1
-1
1406
1406
1406
1406
1406
1406
1407
872
872
872
872
872
1408
1408
1408
1408
1408
1408
1408
1408
-1
-1
1409
1409
1410
1410
1410
1410
1410
1410
1410
1411
1411
1411
1411
1411
1411
1411
1412
1412
1412
1412
1412
1412
1412
1413
1413
1413
1413
1413
1413
1413
1414
1414
1414
1414
1414
1414
1414
1415
1415
1415
1415
1415
1416
1416
1416
1416
1416
1416
1416
1417
1417
1417
1418
1418
1419
1419
1419
1419
1420
1420
1420
1420
1421
1421
1421
1421
1421
1421
1421
1422
1422
1422
1422
1422
1422
1422
1423
1423
1423
1423
1423
1423
1423
1424
1424
1424
1424
1424
1424
1424
1425
1425
1425
1425
1425
1425
1426
1426
1426
1426
1426
1427
1427
1427
1209
1428
1428
1428
1428
1429
1429
1429
1429
1430
1430
1430
1430
1430
1430
1430
1431
1431
1431
1431
1432
1432
1432
1432
1432
1433
1433
1433
1433
1433
1433
-1
1434
1434
1434
-1
1435
1435
1435
-1
1436
239
239
1437
1437
1437
1437
1438
1438
1438
1438
1438
1438
1438
1439
1439
1439
1439
1439
1439
1439
-1
1440
1440
1440
1441
1441
1441
1441
1441
-1
1442
1442
1442
1443
1443
1443
1443
1444
1444
1444
1444
1445
1445
1445
1445
1445
1446
1446
1446
1446
1447
1447
1447
1447
1447
1447
1447
1448
1449
1449
1449
1450
1084
1084
1084
-1
1451
1451
1451
1452
1452
1452
1452
1452
1452
1453
1453
1453
1453
1453
1454
1455
1455
1455
-1
1456
1456
1456
-1
1457
1458
1458
-1
1459
765
765
-1
1460
1460
1461
1461
1461
1461
1461
1461
1462
1462
1462
1462
1462
1462
1462
-1
-1
1463
1463
1464
1464
1464
258
1465
1466
58
-1
1467
1467
1467
1468
1468
1468
1468
1468
1468
1468
1469
1469
1469
1469
1469
1469
1469
1470
1470
1470
1470
1470
1470
1470
1470
1471
1471
1471
1471
1471
1471
1472
1472
1472
1472
1472
1472
1473
1473
-1
1474
1474
1474
-1
1475
1476
880
-1
1477
81
81
-1
1478
919
919
1479
1479
1479
1479
1479
1479
-1
1480
1480
1480
1481
1481
1481
1481
1481
1481
-1
1482
1482
1482
1482
1482
1483
1483
1483
1483
1484
1484
1484
1484
1484
1485
1485
1485
1485
1485
1485
1485
1485
1486
1486
1486
1486
1486
1486
1486
1487
1487
1487
1488
1488
1488
1488
1489
1489
1489
1490
1490
1490
1491
1491
1491
1491
1492
1492
1492
1492
1493
1493
1493
1493
1493
1493
1493
1494
1494
1494
1494
1494
1494
1494
1495
1495
1495
1495
1496
1496
1496
1496
1497
1497
1497
1497
1497
1497
1498
1498
1498
1498
1499
1499
1499
1499
1500
1500
1500
1500
1501
1501
1501
1501
1502
1502
1502
1502
1503
1503
1503
1503
1504
1504
1504
1504
1504
1504
1504
1505
1505
1505
1505
1506
1506
1506
1506
1507
1507
1507
1507
1507
1507
1508
1508
1508
1508
1508
1508
1509
1509
1509
1510
1510
1510
1510
1510
1510
1510
1511
1059
1059
1059
-1
1512
1512
1512
1513
1514
1514
1514
1515
1515
1515
1515
1515
1516
1516
-1
1517
1517
1517
1518
1518
1518
1518
1518
1519
1519
1519
1519
-1
1520
1520
1520
1521
1521
1521
1521
1521
1521
1521
1522
1522
1522
1522
1523
1523
1523
1523
1523
1523
1523
1524
1524
1524
1524
1525
1525
1526
1526
1526
1526
1527
1527
1527
1527
1527
1527
1527
1528
1528
1528
-1
1529
1529
1529
-1
1530
1530
1530
1531
1531
1531
1531
1531
1531
-1
1532
1532
517
-1
1533
1533
1533
1534
1534
1534
1535
1535
1536
1536
1536
1536
1536
1536
1536
1537
1537
1537
1537
1537
1537
1537
1538
1538
835
835
1539
1539
1539
1539
1539
1539
1539
1540
1540
1540
1540
1540
1540
1540
1541
1541
1541
1541
1541
1541
1542
1273
1273
1273
1543
1543
1543
1543
1543
1544
1544
1544
1544
-1
1545
1545
1545
1545
1546
1546
1546
1546
1547
1547
1547
1548
1548
1548
1548
1549
1549
1549
1549
1549
1549
1549
1550
1550
1550
1550
1550
1550
1551
1551
1551
1551
1552
1552
1552
1552
1553
1553
1553
1554
1554
1554
1554
1554
1554
1554
1555
1555
1555
1555
-1
1556
1556
1556
1556
1556
1556
1556
1557
1557
1557
1557
1557
1557
1557
1558
1558
1558
1558
1559
1559
1559
1559
1560
1560
1560
914
1561
1561
1561
1561
1562
1562
1562
1562
1563
1563
1563
1563
1564
463
1565
1565
1565
1566
1566
1170
1567
1567
1567
1567
1568
1568
1568
1568
1568
1568
1568
1569
1569
1569
1569
1569
1569
1569
1570
1570
1570
1571
1571
1572
1572
1572
1572
1572
1573
1573
1573
-1
1574
1574
1574
-1
1575
1575
1575
-1
1576
1576
1576
1577
1577
1577
1577
1577
1578
1578
1578
1578
1578
1579
1579
1579
1579
1580
1580
1580
1580
1581
1581
1581
1581
1581
1581
1581
1582
1582
1582
1582
-1
1583
1583
1583
-1
1584
1584
1584
-1
1585
1585
1585
-1
1586
1586
1586
1587
1587
1587
1587
1588
1588
1588
1588
1589
1589
1589
1589
1589
-1
1590
1590
1590
1591
1591
1591
1591
1591
1592
1592
1592
1592
1592
-1
1593
1593
1593
1594
1594
1594
1594
1595
1595
1595
1595
1596
1596
1596
1596
1596
1596
-1
1597
1597
1597
1597
1597
1597
1597
1598
1598
1598
1598
1598
1598
1599
1599
1599
1599
1599
1599
1600
1600
1600
1600
1600
1600
1600
1601
1601
1601
1601
1601
1601
1601
1601
1602
1602
1602
1602
1602
1602
1602
1603
1603
1604
1604
1604
1604
1604
1604
1604
1604
1605
1605
1605
1605
1605
1605
1606
1606
1606
1606
1607
1607
1607
1608
1608
1608
1609
1609
1609
1609
1609
1610
1610
1610
1610
1611
1611
1611
1611
1612
1612
1612
1612
1613
1613
1613
1613
1614
1614
1614
1614
1614
1614
-1
1615
1615
1615
1616
1616
1616
1616
1616
1617
1617
1617
1617
1618
1618
1618
1618
1619
1619
1619
1620
1620
1620
1621
1621
1621
1621
1621
-1
1622
1622
1622
-1
1623
1623
1420
-1
1624
1624
1624
-1
1625
1625
1625
1625
1625
1625
1625
1626
1626
1626
1626
1626
1626
1626
1627
1627
1627
1627
1627
1627
1627
1627
-1
1628
1628
1628
-1
1629
1629
-1
-1
1513
1630
496
1631
1631
1631
1631
1631
1631
1631
1632
1063
1063
1063
1063
1633
-1
1634
1634
-1
-1
1635
1635
-1
1636
1636
1636
-1
1637
1637
1637
1638
1638
1638
1638
-1
-1
1639
1291
1640
1640
1640
1640
1640
1640
1640
1640
1641
1641
1641
1641
1641
-1
1642
1642
1642
1643
1643
1643
-1
1644
1644
1644
-1
1645
1645
1645
1646
1646
1646
1646
1646
1646
1646
1647
1647
1647
1647
1647
1647
1647
1647
1648
1648
1648
1648
1648
1648
1649
1649
1649
1649
1649
1649
1649
-1
1650
1650
1650
-1
1651
1651
1651
1652
1652
1653
1653
1653
1653
1653
1653
1654
1654
1654
1654
1654
1654
1654
-1
-1
1655
1655
1655
1655
1656
1656
1656
1656
-1
-1
-1
-1
1657
1657
1657
1658
-1
-1
1659
1659
1660
1660
1660
1660
1660
1661
1661
1661
1661
1661
1661
1662
1662
1662
1662
1662
1662
1663
1663
1663
1663
1663
1663
1663
1663
1664
1664
1664
1664
1664
1664
1664
1665
1665
1665
1665
1665
1665
1665
1666
1666
1666
1666
1666
1666
1666
1666
-1
1667
1667
1667
-1
1668
1668
1668
1669
1669
1669
1669
1669
-1
-1
1670
1670
1670
1671
1671
1671
1671
1671
1672
1672
1672
1672
1672
1672
1673
1673
1673
1673
1673
1673
-1
-1
-1
1674
1674
1674
-1
1675
1675
1675
-1
1676
1676
1676
1677
-1
1678
1678
-1
-1
1679
125
-1
1680
1680
1680
1681
1681
1681
1681
1681
1682
1683
1683
1683
1684
1684
1684
1684
1684
1685
1685
1685
1685
1685
1685
1685
1686
1686
1686
1686
1686
1686
1686
-1
-1
1687
1687
1688
1688
1688
1688
1688
1688
1688
1688
-1
-1
1689
1689
1690
1691
30
30
-1
1692
1692
1692
1693
1694
1694
1694
-1
1695
1209
1209
-1
-1
1696
1696
-1
-1
1697
1697
-1
-1
1698
1698
-1
1699
1699
1700
1700
1700
1700
1700
-1
-1
1701
1701
1701
1701
1701
1701
1701
-1
1702
1702
1702
1702
1703
1704
1704
1705
1705
1705
1705
1705
-1
1706
1706
1706
-1
1707
1707
1707
-1
-1
1708
1708
-1
-1
1709
1709
-1
-1
1710
1710
1711
1711
1711
1711
1711
1711
1711
-1
1032
1712
1712
1713
1713
1713
1713
1714
1714
1715
1715
1715
1715
1715
1715
-1
1716
1716
1716
1717
1717
1717
-1
1718
1718
1718
-1
-1
1719
1719
1720
1720
1720
1720
1720
1721
1722
1723
1723
-1
1724
1724
1724
1724
1725
1725
1725
1725
1725
1725
1726
1726
1726
1726
1726
1726
1727
1727
1727
1727
1727
1727
1727
1728
1728
1728
1728
1728
1728
1728
-1
1729
1729
1729
1730
1730
1730
1730
1730
1730
1730
1731
1731
1731
1731
1731
1731
1731
-1
-1
1732
1732
1733
1733
1733
1733
1733
1733
1734
1734
1734
1734
1734
1734
1734
-1
1735
1735
-1
-1
1736
1736
-1
1737
1737
-1
1738
1738
1738
-1
-1
1739
1739
-1
-1
1740
1740
-1
1741
1742
1742
-1
-1
1743
1743
-1
1744
1744
1744
-1
1745
1745
1745
1746
1746
1746
1746
1746
1746
1746
1747
1747
1747
1747
1747
1748
1749
1749
1749
1749
-1
423
423
-1
-1
1750
1750
-1
1751
1751
1751
-1
1752
1752
1752
1752
1752
1753
1753
1753
1753
1753
1753
1753
1754
1754
1754
-1
-1
-1
-1
1755
1755
1756
1756
1756
1756
1756
1756
1756
1757
1757
1757
1757
1757
1757
1757
1758
1758
1758
1758
1759
1759
1759
1759
1759
1759
1760
1760
1760
1760
1760
1760
1760
-1
1761
1761
1761
-1
1762
1762
1762
-1
1763
1763
1763
-1
1764
1764
1764
-1
1765
1765
1765
-1
1766
1766
1766
-1
1767
1767
1767
1768
1768
1768
1768
1768
1768
1769
1769
1769
1769
1769
1769
1769
1770
1770
1770
1770
1770
1770
1770
-1
1771
1771
1771
-1
1772
1772
1772
1773
1773
1773
1773
1774
1774
1774
1774
1774
1774
1774
1774
1775
1775
1775
1775
1775
-1
1776
1776
1776
-1
1777
1777
1777
1778
1779
1779
1779
-1
1780
1780
1780
-1
1781
1781
1781
-1
1782
1782
1782
-1
1783
1783
1783
-1
1784
1784
1784
-1
1785
1785
1785
-1
1786
1786
1786
1787
1787
1788
1788
1788
1789
1789
1789
1789
1789
1789
1789
1790
1790
1790
1790
1790
1790
-1
1791
1791
1791
-1
1792
1792
1792
-1
1793
1793
1793
1794
1795
1795
1795
-1
1457
1457
-1
1796
1796
1796
1797
1797
1797
1797
1798
1798
1798
1798
1798
1798
1798
1799
1799
1799
1799
1799
1799
1799
1800
1801
1801
1801
-1
1802
1802
1802
-1
1803
1803
1803
-1
1804
1804
1804
1805
1805
1805
1805
1805
1805
1805
1806
1806
1806
1806
1806
-1
1807
1807
1807
1808
1808
1808
1808
1808
1808
1808
-1
1809
1722
1349
-1
1810
1810
1810
-1
1811
1811
1811
1812
1812
1812
1813
1813
1813
1813
1813
1814
1814
1814
1814
1814
1814
1814
1815
1815
1815
1815
-1
1816
1816
1816
-1
1817
1817
1817
-1
1818
1818
1818
-1
1819
1819
1819
-1
1820
1820
1820
106
106
106
1821
1821
1821
1822
1822
1822
1822
1823
1823
1823
1824
1824
1824
1824
1824
1824
1825
1825
1825
1825
1825
1825
1826
1826
1826
1826
1826
1826
-1
1827
1827
1827
1828
1828
1828
1828
-1
1829
1829
1829
1830
1788
1788
-1
1831
1831
1831
1832
885
885
885
1833
1833
1833
-1
1834
22
22
1835
1835
1835
1835
1836
1329
1329
1329
1837
1837
1837
1837
1838
1838
312
312
-1
1839
1839
1839
1839
1840
1840
1840
1840
1841
1841
1841
1841
-1
1842
1842
1842
-1
1843
1843
1843
-1
1844
1844
1844
1845
1845
-1
1846
1846
1846
1847
1847
1847
1847
-1
1848
1848
1848
-1
1849
1849
1849
1850
1850
1850
1850
1850
1850
1851
1851
1851
1851
1851
1852
1852
1852
1852
-1
1853
1853
1853
1853
1853
1853
1853
-1
1854
1854
-1
1855
1855
1855
1856
1856
1856
1856
1856
-1
1857
1857
1857
1858
1858
1858
1858
1858
-1
1859
1859
1860
1860
1860
1860
1861
1861
1861
1861
1861
1861
1861
1862
1862
1862
1862
1862
1862
1863
137
137
137
137
1864
1864
1864
1864
1864
1864
1864
1865
1865
1865
1865
1866
1866
1867
1867
1867
1867
1867
1867
1868
1868
1868
1868
1869
1869
1869
1869
1870
1870
1870
1870
-1
1871
1871
1871
1871
1872
1872
1872
1872
-1
1873
1873
1873
1873
1873
1874
1874
1874
1874
1875
1875
1875
1875
1875
1876
1876
1152
1152
1877
1633
1633
1633
1878
1878
1878
1878
1879
1879
1879
1879
1880
1880
1880
1880
1881
1881
1881
1881
1882
1882
1882
1882
-1
1883
1883
1883
1884
1884
1884
1884
1884
1884
1884
1885
1885
1885
1885
1885
1885
1885
1886
1886
1886
1886
1886
1886
1886
1887
1887
1887
1887
1887
1887
1887
1888
1888
1888
-1
1889
1889
1889
1889
1889
-1
-1
-1
1890
1890
1890
1890
1890
1890
1890
1891
1891
1891
1891
1891
1891
-1
1892
1892
1892
1893
1893
1893
1893
1894
1894
1894
1894
1895
423
423
1896
1896
1896
1896
1896
1896
1896
1897
1897
1897
1897
1897
1897
1897
1898
1898
1898
1898
1898
1898
1898
1898
1899
1899
1899
1899
1900
1900
1900
1900
1900
1900
1900
1901
1901
1901
1901
1901
1901
1901
-1
1902
1902
1902
1902
1902
1902
1902
1903
1903
1903
1903
-1
1904
1904
1904
1905
1905
1905
1905
1906
1906
1906
1906
1906
1907
1907
1907
1907
1907
-1
1908
1908
1908
1908
1908
1908
1908
1909
1909
1909
1909
1909
1909
1909
1910
1910
1910
1910
1910
1911
1911
1911
1911
1911
1911
1911
1912
1912
1912
1912
1912
1913
1913
1913
1913
1913
1913
1913
1914
1914
1914
1914
1914
1914
-1
1915
1915
1915
-1
1916
291
291
-1
1917
1917
1917
1918
1918
1918
1918
1918
1918
1919
1919
1919
1919
1920
1920
1920
1920
-1
1921
519
519
-1
1922
1922
1922
1923
1923
1924
1924
1924
1925
1925
557
-1
1926
1926
1926
-1
1927
1927
1927
1928
1928
1929
1929
1929
1930
1930
1930
1930
1930
1930
1931
1931
1931
1931
1931
1931
1931
1932
1044
1044
1044
1044
1044
1044
-1
1933
1933
1933
-1
1934
1934
1934
-1
1935
1935
1935
-1
-1
1936
644
1937
1937
1937
1937
1937
1937
1937
1938
1938
1938
1938
1938
1938
-1
1939
1939
1940
1940
1940
1940
1941
1941
1941
1941
1941
1941
1941
1942
1942
1942
1942
1942
1942
1942
1943
1943
1943
1943
-1
1944
1944
1944
1945
1945
1945
1945
1945
1945
1945
1946
1946
1946
1946
1946
1946
1946
-1
1947
1947
1947
-1
1948
1948
1948
1949
1949
1949
1949
1949
-1
-1
-1
-1
-1
1950
1950
1950
1950
1951
1951
1951
1951
1952
1952
1952
1952
1953
1953
1953
1953
1954
1954
1954
1954
1955
700
700
700
1956
1956
1956
1956
1956
1957
1957
1957
1957
1957
1957
1957
1958
1958
1958
1958
1958
1958
1958
1958
-1
1959
1959
1959
1959
1959
1960
1960
1960
1960
1960
1960
1960
1961
1961
1961
1961
1961
1961
1961
1962
1962
1962
1962
1962
1963
1963
1963
1963
1964
1964
1964
1964
1965
1965
1965
1965
1966
1966
1967
452
452
1968
1968
1968
1969
1969
1969
1969
1970
1970
1970
1970
1971
1971
1971
1972
1972
1972
1189
1973
1973
1973
1973
1974
1693
1693
1693
1975
1975
1975
1975
1976
1976
1976
1976
1977
1977
1977
1977
1978
1978
1978
1978
1979
1979
1979
1980
1980
1980
1980
1980
1980
1980
1981
1981
1981
1981
1982
1982
1982
1982
1983
1983
1983
1984
1984
1984
1984
1984
1984
1984
1985
1985
1985
1985
1985
1985
1985
1986
1986
1986
429
1987
1987
1987
1987
1988
1988
1988
1988
1989
1989
1989
1989
1990
1990
1990
1990
1990
1990
1990
1991
1991
1991
1991
1992
1992
1992
1992
1993
1993
1993
1993
-1
1994
1994
1994
1995
1995
1995
1995
-1
1996
219
219
1997
1997
1997
1997
1997
1998
1998
1998
1998
1998
1998
1998
-1
1999
1999
1999
2000
2000
2000
2000
2001
2001
2001
2001
2001
2001
-1
2002
2002
2002
2003
2003
2003
2003
2003
2003
2003
-1
2004
2004
2004
2004
2004
2004
2004
-1
2005
804
2006
-1
2007
2007
2008
2008
2008
2008
2008
2009
2009
2009
2009
2009
2009
2009
-1
2010
2010
2010
-1
-1
2011
2011
-1
2012
2012
2012
2013
-1
2014
2014
-1
-1
2015
2015
-1
-1
2016
2016
-1
-1
2017
2017
-1
1682
1682
1682
-1
2018
2018
2018
-1
2019
2019
2019
-1
-1
2020
2020
-1
-1
2021
2021
-1
-1
2022
2022
-1
-1
2023
2023
-1
2024
2024
575
-1
2025
2025
2025
2026
2026
2026
2026
2026
2026
2026
-1
2027
2027
2027
2028
2028
2028
2028
2028
2028
2028
2029
2029
2029
2029
2029
2029
2029
2030
2030
2030
2030
2030
2030
2030
2031
2031
2031
2031
2031
2031
2031
2032
2032
2032
2032
2032
2032
2032
-1
-1
2033
2033
-1
-1
2034
2034
-1
2035
2035
1110
2036
2036
2036
2036
2036
-1
2037
2037
-1
2038
2038
2038
-1
2039
2039
2039
2040
2041
2041
2041
-1
2042
1879
445
-1
2043
2043
1152
-1
2044
2044
2044
-1
2045
2045
2045
2046
2046
2046
2046
2046
2046
2047
2047
2047
2047
2047
2047
2048
2048
2048
2048
2048
2048
2048
2049
2049
2049
2049
2049
2049
2049
2049
-1
2050
2050
2050
-1
2051
2051
2051
-1
-1
-1
2052
2052
2052
2052
2052
2052
2052
2053
2053
2053
2053
2053
2054
2054
2054
2054
2054
2054
2054
-1
2055
2055
2055
-1
2056
2056
2056
2057
2057
2057
2057
2058
2058
2058
2058
2059
2059
2059
2059
2059
2060
2060
2060
2060
2060
2060
2061
2061
2061
2061
2062
2062
2062
2062
2062
2062
2062
2063
2063
2063
2063
2063
2063
2063
2064
2064
2064
-1
1232
2065
2065
2065
2065
2065
2065
2066
2066
2066
2066
2066
2066
2066
2067
2067
2067
2067
2067
2067
2067
2068
2068
2068
2068
2068
2068
2068
-1
-1
2006
2006
2006
-1
2069
2069
2069
-1
2070
2070
2070
2071
2071
2071
-1
2072
2072
2072
2073
2073
2073
2073
2073
2073
2073
2074
2074
2074
2074
2074
2074
2074
2075
2075
2076
2076
2076
2076
2077
2077
2077
2077
2078
2078
2078
2078
2079
2079
2079
2079
2080
2080
2080
2080
2080
2081
2081
2081
2081
2082
2082
2082
2082
2083
2083
2083
2083
2084
2084
2084
2084
2085
2085
2085
2085
2086
2086
2086
2086
2086
2087
2087
2087
2087
-1
2088
2088
2089
2089
2089
2089
2089
2089
-1
2090
2090
2090
632
2091
1448
1448
1448
544
-1
2092
2092
2092
2092
2093
2093
2093
2093
2093
2094
2094
2094
2094
2095
95
95
95
2096
2096
2096
1034
2097
2097
2098
2098
2098
2098
2098
2098
2098
2099
2099
2099
2099
2099
2099
2099
2099
2100
2100
2101
2101
2101
2101
2101
2101
2101
2102
2102
2102
2102
2102
2102
2103
2103
2103
2103
2103
2103
2103
2104
2104
2104
2104
2105
2105
2105
2105
-1
2106
2106
2106
2106
2106
2107
2107
2107
2107
2107
2107
2108
2108
2108
2108
2108
2108
2109
2109
2109
2109
2110
2110
2110
2110
2111
2111
2111
2111
2111
-1
-1
2112
2112
2112
2112
-1
2113
2113
2113
-1
2114
2114
2114
2114
-1
2115
2115
2115
2115
2116
2116
2116
2116
2116
2116
2116
-1
2117
2117
2117
-1
2118
2118
2118
-1
2119
2119
2120
2121
2121
2122
2123
2123
1118
-1
2122
1035
1035
-1
2124
2124
2124
2124
2125
2125
2125
2125
2125
2125
2125
2126
2126
2126
2126
2126
2126
2126
2127
2127
2127
2127
2127
2127
2128
2129
2129
2129
-1
2130
2130
-1
2131
2131
2131
-1
2132
2132
-1
-1
2133
2133
-1
1658
227
227
2134
2134
2134
2135
2135
2135
2135
2135
2135
2135
-1
2136
2136
2136
2137
2137
2137
2137
2137
2137
2138
2138
2139
2139
2139
2139
2139
2140
2140
2140
2140
2141
2141
2141
2141
2142
2142
2142
2143
2143
2143
-1
2144
2144
2144
2144
2144
2145
2145
2145
2145
2146
2146
2146
2146
2146
2146
2146
2147
2147
2147
2147
2147
2147
2147
-1
2148
2148
2148
-1
-1
2149
2149
2150
2151
2151
2151
-1
2152
2152
2152
-1
2153
2153
2153
-1
2154
2154
2155
2155
2156
2156
2156
2156
2156
2156
2156
-1
1454
1454
1454
-1
2157
2157
2157
2158
2158
2158
2158
2158
2159
2159
2159
2159
2159
2159
2159
2160
2160
2160
2160
2160
2161
2161
2161
2161
2161
2161
2161
-1
2162
2162
2162
2163
2163
2163
2163
2163
2163
2163
-1
2164
2164
2164
2165
2165
2165
2165
2165
2166
2166
2166
2166
2166
2166
2166
2166
2167
2167
2167
2167
2168
2168
2168
2168
2168
2169
2169
2169
2169
2169
2169
2169
2170
-1
2171
2171
-1
-1
2172
2172
-1
388
388
388
2173
2174
2174
2174
-1
-1
2175
2175
-1
2176
2176
2176
2177
842
842
842
842
842
842
842
-1
2178
2178
2178
-1
-1
2179
2179
-1
2180
2180
2180
2181
1030
1030
1030
2182
2182
2182
2182
2183
2183
2183
2183
2183
2183
2183
-1
-1
2184
2184
-1
2185
2185
2185
-1
2186
2186
2186
-1
2187
2187
2187
-1
2188
2188
2188
2189
2189
2189
2190
2190
-1
2191
2191
-1
2192
2192
-1
2193
2193
2193
-1
2194
2194
2194
-1
2195
2195
2195
-1
-1
2196
-1
-1
-1
-1
-1
2197
2197
2197
-1
2198
2198
2198
-1
2199
2199
2199
2199
-1
2200
2200
2200
2201
2201
2201
2201
2201
2201
2201
2201
2202
2202
2202
2202
2202
-1
2203
2203
2203
1482
1482
1482
1482
1482
1482
2204
2204
2204
2205
2205
2205
2205
2205
2205
2205
2205
-1
2206
2206
1706
2207
2208
2208
2208
2209
2209
2209
2209
2210
2210
2210
2210
2210
2210
2210
2211
2211
2211
2211
2211
2211
2212
2212
2212
2212
-1
2213
2213
2196
-1
2214
2214
2214
2215
2215
2215
2215
2215
2216
2216
2216
2216
2217
2217
2217
2217
2218
2218
2218
2218
2218
2218
2218
2218
2219
2219
2219
-1
-1
2220
2220
2220
2220
2220
2220
2220
-1
2221
2221
2221
2222
2222
2222
2222
2222
2222
2222
-1
2223
2223
2223
2224
1174
1174
-1
150
150
150
2225
2225
2225
2225
2226
2226
2226
2226
-1
2227
2227
2227
2228
2228
2228
2228
2228
2229
1096
1096
1096
1096
1096
1096
1096
2230
2230
2230
2230
2230
2230
2230
2231
2231
2231
2231
2231
2231
2232
2232
2232
2232
2232
2232
2232
-1
2233
2233
2233
2234
2234
2234
2234
-1
2235
2235
2235
-1
2236
2236
2236
2237
2237
312
312
-1
2238
2238
2238
-1
2239
2239
2239
-1
2240
2240
2240
2241
2241
2241
2241
2241
2242
2242
2242
2242
2243
2243
2244
2244
2244
2244
2245
2245
2245
2245
2245
2245
-1
2246
2246
2246
-1
2247
2247
2247
2248
2248
2248
2248
-1
2249
2249
2249
2250
2250
2250
2250
2250
2250
-1
2251
2251
2251
-1
2252
2252
2252
2253
2253
2253
2253
-1
2254
2254
2254
2255
2255
2255
2255
2255
2255
2255
2256
2256
2256
2256
2256
2256
2257
2257
2257
2257
2257
2257
2257
2258
2258
-1
-1
-1
-1
-1
-1
2259
2259
2259
2259
-1
2260
2260
2260
-1
2261
2261
1173
-1
2262
2262
2262
-1
2263
2263
2263
2264
2264
2264
2264
2264
2264
2264
2265
2265
2265
2265
2265
2265
2265
2265
2266
2266
2266
-1
2267
2267
2267
2268
2268
2268
2268
2268
2268
2268
2269
2269
2269
2269
2270
2270
-1
2271
2271
2271
-1
-1
2272
2272
2273
2273
2273
2273
-1
2274
2274
2274
2275
2275
2275
2275
2276
2276
2276
2276
2277
2277
2277
2277
2277
2277
2277
2278
2278
2278
2278
2278
2279
457
457
457
-1
2280
2280
2280
-1
2281
2281
2281
2282
2282
2282
2282
2282
2283
2283
2283
533
2284
2284
2284
2284
2285
2285
2285
2285
-1
2286
2286
2286
-1
2287
2287
2287
2288
2288
2288
2288
2288
-1
2289
2289
2289
-1
2290
2290
2290
2291
2291
2291
2291
2291
2291
2291
2292
2292
-1
2293
2293
2293
2293
2293
2293
2293
-1
2294
2294
2294
-1
-1
2295
2295
2295
-1
2296
2296
2296
-1
2297
2297
2297
2298
2298
2298
2298
2298
2298
2298
-1
2299
2299
2299
2300
2300
2300
2300
2301
2301
2301
2301
2302
2302
2302
2303
2303
2303
2303
2303
2303
-1
2304
2304
2305
2305
-1
2306
2306
2306
2306
2306
2306
2306
2306
2307
2307
2307
2307
2307
2307
2307
2308
2308
2308
2308
2309
2309
2309
2309
-1
2310
2310
2310
2310
2310
2310
-1
2311
2311
1922
2312
2312
2312
2312
2312
2312
2312
2313
2313
2314
536
2315
2315
2315
2315
2315
2316
2316
2316
2316
2316
2317
2317
2317
2317
2317
2318
2318
-1
-1
2319
2319
2319
2320
2320
2320
2320
2321
2321
2321
2321
2322
2322
2322
2322
-1
2096
2096
2096
-1
2323
884
884
2324
2324
2324
2324
2325
595
-1
2326
2326
2326
-1
2327
2327
2327
2328
2328
2328
2328
2329
2329
2329
2329
2330
2330
2330
2330
2330
2330
2331
2331
2331
2331
-1
2332
2332
2332
-1
2333
2333
2333
-1
2334
2334
2334
-1
2335
2335
2335
2336
2336
2336
2336
2337
2337
2337
2338
2338
932
932
2339
2339
2339
2339
2339
2339
2339
-1
239
239
239
2340
2340
2340
2019
2341
2341
2341
2341
2342
2342
2342
2342
2343
2343
2343
2343
-1
-1
2344
2344
2345
2345
2345
2345
2346
2346
2346
2346
2346
2346
2347
2347
2347
2347
2347
2347
-1
2348
2348
2348
-1
2349
2349
2349
-1
2350
2350
2350
2351
2351
2351
2351
2351
2351
2352
2352
2352
-1
2353
2353
2353
2354
2354
2354
2354
2354
-1
2355
2355
2355
2356
2356
2356
2356
2357
956
956
956
956
956
956
2358
2358
2358
2358
2358
2359
2359
2359
2359
2360
2360
2360
2360
2361
2361
2361
2361
2362
2362
2362
2362
2363
2363
2363
2364
2364
2364
2365
2365
2365
2365
2365
2365
2365
2366
2366
2366
2366
2367
2367
2367
2367
2368
2368
2368
2368
2368
2368
2368
