0
0
0
0
1
1
1
1
2
2
2
2
3
3
3
3
4
4
4
4
5
5
5
5
6
6
6
6
7
7
7
7
7
7
7
8
8
8
8
9
9
9
9
10
10
10
10
11
11
11
11
12
12
12
12
13
13
13
13
13
13
13
14
14
14
14
15
15
15
15
16
16
16
17
17
17
17
18
18
19
19
19
19
20
20
20
20
21
21
21
21
22
22
22
22
23
23
23
23
24
24
24
24
25
25
25
25
-1
-1
26
26
26
27
27
27
27
27
27
27
28
28
28
28
28
28
29
29
29
29
29
29
30
30
30
30
30
30
30
31
31
31
31
31
31
31
32
32
32
-1
33
33
33
-1
34
34
34
35
35
35
35
36
36
36
36
36
36
-1
37
37
37
-1
38
38
38
39
39
39
39
40
40
40
40
41
41
41
41
42
42
42
43
43
43
43
44
44
44
44
44
44
44
-1
45
45
45
45
-1
46
46
46
47
47
47
47
47
47
47
-1
-1
48
48
-1
-1
49
49
-1
-1
50
50
51
51
51
51
-1
52
52
52
53
53
53
53
54
54
54
54
55
55
55
55
55
55
55
56
56
56
56
57
57
57
57
58
58
58
58
58
59
59
59
60
60
60
60
61
61
61
61
62
62
63
63
63
64
64
64
64
64
64
64
65
65
65
65
-1
66
66
66
-1
67
67
67
68
68
68
68
68
68
68
69
69
69
69
70
70
70
70
71
71
71
71
71
71
71
72
72
72
72
-1
73
73
73
74
74
74
74
75
75
75
75
75
75
75
-1
-1
76
76
76
76
77
77
77
78
78
78
78
79
79
79
79
79
79
79
80
80
80
80
80
80
80
81
81
81
81
82
82
82
82
-1
83
83
83
84
84
84
84
85
85
85
86
86
86
86
86
-1
87
87
87
-1
88
88
88
-1
89
89
89
-1
90
90
90
91
91
91
91
-1
92
92
92
-1
93
93
93
94
94
94
94
94
94
94
95
95
95
95
95
95
-1
96
96
96
-1
97
97
97
98
98
98
98
99
99
99
-1
100
100
100
101
101
101
101
102
102
102
102
103
103
103
103
103
103
103
-1
104
104
104
105
105
105
105
105
105
106
106
106
106
106
106
106
107
107
107
107
107
107
107
-1
108
108
108
-1
109
109
109
-1
110
110
110
-1
111
111
111
112
112
112
113
113
113
113
114
114
114
114
115
115
116
116
116
116
117
117
117
117
118
118
118
118
118
-1
119
119
119
120
120
120
120
120
120
120
-1
121
121
121
-1
122
122
122
123
123
123
123
124
124
124
124
125
125
125
126
126
126
126
126
-1
127
127
127
128
128
129
129
129
-1
-1
130
130
-1
-1
-1
131
131
131
131
131
131
-1
132
132
132
132
132
132
133
133
133
133
133
133
133
-1
134
134
134
134
135
135
135
135
135
136
136
136
136
136
136
137
137
137
137
138
138
138
138
139
139
139
139
-1
140
140
140
141
141
141
141
141
141
141
-1
142
142
-1
-1
143
143
144
144
144
144
144
144
144
145
145
145
145
145
145
145
146
146
146
146
-1
147
147
147
148
148
148
148
149
149
149
149
149
149
149
150
150
150
150
-1
151
151
151
152
152
153
153
153
153
154
154
154
155
155
155
156
156
156
156
156
-1
157
157
157
157
157
157
-1
-1
158
158
159
159
159
159
159
159
159
-1
160
160
160
-1
161
161
161
162
162
162
162
162
162
162
163
163
163
163
-1
164
164
164
-1
165
165
165
-1
166
166
166
-1
167
167
167
-1
168
168
168
168
168
168
168
169
169
169
169
169
169
169
170
170
170
170
170
170
171
171
171
171
172
172
172
173
173
173
173
174
174
174
174
175
175
175
175
-1
176
176
-1
177
177
-1
178
178
178
-1
179
179
179
-1
-1
180
180
-1
181
181
181
-1
182
182
182
183
183
183
183
183
183
183
184
184
184
184
185
185
185
185
185
185
185
185
-1
186
186
-1
187
187
187
-1
188
188
188
-1
189
189
190
190
190
190
-1
191
191
191
-1
192
192
192
193
193
193
194
194
-1
195
195
195
-1
196
196
196
197
197
197
197
-1
198
198
198
199
199
199
199
200
200
200
200
201
201
201
-1
202
202
202
-1
203
203
203
-1
204
204
204
