0
0
0
0
-1
1
1
1
1
2
2
2
2
2
2
2
-1
3
3
3
-1
4
4
4
-1
5
5
5
-1
6
6
6
-1
7
7
7
-1
8
8
8
-1
9
9
9
-1
10
10
10
11
11
11
11
12
12
12
12
13
13
13
13
13
13
13
14
14
14
14
14
14
14
15
15
15
16
16
16
16
16
16
16
-1
17
17
17
-1
18
18
18
-1
19
19
19
-1
20
20
20
-1
21
21
21
-1
22
22
22
-1
23
23
23
24
24
24
24
-1
25
25
25
-1
26
26
26
-1
27
27
27
-1
28
28
28
29
29
29
29
29
29
30
30
30
30
30
30
31
31
31
31
31
32
32
32
32
32
33
33
33
33
33
34
35
35
35
36
36
36
37
37
37
37
38
38
38
38
39
39
39
-1
40
40
40
41
41
41
41
42
42
43
43
43
43
43
44
43
43
43
43
-1
45
45
45
-1
46
46
46
-1
47
47
47
48
48
48
48
49
49
49
49
-1
50
50
50
-1
51
51
51
-1
52
52
52
53
53
53
54
54
54
54
55
55
55
55
55
55
55
56
56
56
56
56
57
30
30
30
30
30
30
58
2650
59
59
59
59
59
60
60
60
60
60
61
31
31
31
31
-1
62
62
62
63
63
63
63
63
64
64
64
64
64
64
64
65
65
66
66
66
66
66
66
-1
67
67
68
68
68
69
69
69
69
69
69
70
71
71
71
72
72
73
73
-1
-1
-1
74
74
74
-1
75
75
75
76
76
76
77
77
77
77
-1
78
78
-1
79
79
79
-1
80
80
80
81
82
82
81
-1
83
83
83
84
84
84
84
84
84
84
85
85
85
85
85
85
86
86
86
86
86
86
86
87
87
87
87
88
88
88
88
88
89
89
89
89
89
89
89
89
90
90
90
90
90
90
90
-1
91
91
91
-1
92
92
92
-1
93
93
93
-1
94
94
94
95
95
95
95
96
96
96
96
97
97
97
97
98
98
98
98
99
99
99
99
100
100
100
100
100
101
101
101
101
101
101
101
-1
102
102
102
-1
103
103
103
104
105
105
105
106
106
106
107
107
107
107
107
107
107
108
108
108
-1
109
109
109
109
109
110
110
110
110
111
111
111
111
112
112
112
112
113
113
113
113
114
114
114
114
115
115
115
115
115
115
115
116
116
116
116
116
116
116
117
117
117
117
117
117
117
118
118
118
118
118
118
118
119
119
119
119
120
120
120
120
121
121
121
121
122
123
123
123
123
122
124
124
124
124
125
125
125
125
126
126
126
126
126
126
127
127
127
127
128
128
128
128
128
129
129
129
129
129
129
129
130
130
130
130
130
130
130
131
131
131
131
131
131
131
132
132
132
132
132
132
132
133
133
133
133
134
134
134
134
-1
135
135
135
135
136
136
136
136
137
137
137
137
138
138
138
138
139
139
139
139
139
139
139
140
140
140
140
140
140
140
141
141
141
141
141
141
142
142
142
142
143
143
143
143
144
144
144
144
144
144
144
144
145
145
145
145
146
146
146
146
147
147
147
147
148
148
148
148
149
-1
150
150
150
150
151
151
151
151
152
152
152
152
153
153
153
153
153
153
153
154
154
154
154
154
154
154
-1
155
155
155
156
157
157
157
158
158
158
158
158
158
158
159
159
159
159
159
159
-1
160
160
160
-1
161
161
161
162
162
162
162
-1
163
163
163
-1
164
164
164
165
165
165
165
166
166
166
166
166
166
166
167
167
167
167
167
-1
168
168
168
-1
169
169
169
170
170
170
170
170
170
170
171
171
171
171
171
-1
172
172
172
-1
173
173
173
174
174
174
174
-1
175
175
175
176
176
176
176
177
177
177
177
178
178
-1
179
179
179
179
179
179
-1
-1
190
-1
180
180
180
-1
181
181
181
182
182
182
182
182
183
183
183
183
184
184
184
185
186
186
186
-1
187
187
187
-1
188
188
188
189
189
189
190
190
190
-1
191
191
191
-1
192
192
192
-1
193
193
193
193
193
193
193
-1
194
194
194
195
195
196
196
196
196
197
197
197
197
-1
198
198
198
199
199
199
199
200
200
200
200
200
201
201
201
201
201
201
201
202
202
202
202
202
202
-1
203
203
203
204
204
204
204
205
205
205
205
205
205
205
206
206
206
206
206
206
207
207
207
207
208
208
208
209
209
209
209
210
210
210
210
210
-1
211
211
211
212
212
212
212
213
213
213
213
213
214
215
215
215
216
216
217
217
217
217
217
217
217
218
218
218
218
219
219
219
220
220
220
220
220
220
220
-1
221
221
221
222
222
222
222
222
222
-1
223
223
223
-1
224
224
224
225
225
225
225
226
226
226
226
226
227
227
227
227
227
227
227
228
228
228
228
228
228
-1
229
229
229
230
230
230
230
230
-1
231
231
231
-1
232
232
232
-1
-1
233
233
234
234
234
235
235
235
235
235
235
235
236
236
236
236
236
236
236
-1
237
237
237
-1
238
238
238
-1
-1
-1
239
239
239
239
240
240
240
240
240
241
241
241
241
241
242
242
242
242
242
242
242
243
243
243
243
243
243
244
244
244
244
244
244
245
245
245
245
245
-1
246
246
246
247
247
247
247
247
248
248
248
249
249
249
250
251
251
251
-1
252
252
252
252
252
252
252
253
253
253
253
253
254
254
254
254
254
254
254
255
255
255
-1
256
256
256
257
257
257
258
258
259
259
259
259
260
260
260
261
261
261
261
261
261
261
262
262
262
262
-1
-1
-1
312
263
263
263
263
264
264
264
264
264
264
264
265
265
265
265
265
265
265
266
266
266
266
266
266
266
267
267
267
267
268
268
268
268
269
269
269
269
270
270
270
270
-1
271
271
271
-1
272
272
272
-1
273
273
273
274
274
274
274
274
274
274
275
275
275
275
275
275
275
276
250
250
250
277
277
277
277
-1
278
278
278
279
279
279
279
280
280
280
280
280
280
280
280
281
281
281
282
282
282
282
283
283
283
283
283
283
283
284
284
284
284
284
284
-1
-1
285
285
285
-1
286
286
286
287
287
287
287
287
287
287
-1
288
288
288
289
289
289
289
290
290
290
290
291
291
291
291
291
291
-1
292
292
292
293
293
293
293
293
293
293
294
294
294
294
-1
295
295
295
1081
-1
-1
296
296
296
297
297
297
297
297
297
298
298
298
298
298
298
-1
299
299
299
-1
300
300
300
-1
301
301
301
-1
302
302
303
303
303
303
303
303
-1
-1
304
304
-1
305
305
305
306
306
306
306
306
306
306
-1
307
307
307
-1
308
308
308
309
309
309
309
309
309
309
310
310
310
310
311
311
311
311
311
311
311
-1
312
312
312
313
313
313
313
313
313
313
314
314
314
314
314
314
314
315
315
315
315
315
315
315
316
316
316
316
316
317
317
317
317
317
318
318
318
318
318
318
318
-1
319
319
319
320
320
320
320
320
320
320
-1
321
321
321
-1
-1
322
322
323
323
323
323
-1
324
324
324
-1
-1
325
325
-1
326
326
326
-1
327
327
327
328
328
328
328
328
328
328
328
329
329
329
329
329
329
329
330
330
330
330
330
330
-1
331
331
331
332
332
332
332
332
332
332
333
333
333
333
333
333
333
333
-1
334
334
334
-1
335
335
-1
-1
336
336
336
336
-1
337
337
337
-1
338
338
338
338
338
339
339
339
339
339
339
339
339
340
340
341
341
341
341
341
-1
342
342
342
-1
343
343
343
-1
344
344
344
-1
1656
-1
-1
345
345
345
-1
346
346
346
347
347
347
347
347
347
347
348
348
348
348
348
348
-1
-1
-1
-1
349
349
349
350
350
350
350
-1
351
351
351
-1
352
352
352
353
353
353
353
353
353
353
353
-1
354
354
354
-1
355
355
355
-1
356
356
356
357
357
357
357
357
357
357
358
359
359
359
-1
360
360
360
-1
361
361
361
-1
362
362
362
-1
363
363
363
-1
364
364
364
-1
365
365
365
366
366
366
366
366
366
366
367
367
367
368
368
368
369
369
369
369
369
369
369
370
370
370
370
370
370
370
371
371
371
-1
372
372
372
-1
373
373
373
-1
374
374
374
-1
375
375
375
-1
376
376
376
-1
377
377
377
378
378
378
378
378
378
378
379
379
379
379
379
379
379
379
-1
-1
-1
-1
-1
-1
-1
-1
-1
-1
380
380
380
380
380
380
381
381
381
381
381
381
381
382
382
382
382
383
383
383
383
383
384
385
385
385
-1
386
386
386
-1
387
387
387
-1
388
388
388
389
389
389
389
389
390
390
390
390
-1
391
391
391
392
392
392
392
392
392
392
393
393
393
-1
394
394
394
395
395
395
395
395
396
396
396
396
396
396
396
397
397
397
397
397
397
397
-1
398
398
398
399
399
399
399
399
399
399
400
400
400
400
400
400
400
401
401
-1
402
402
402
403
403
403
403
403
-1
404
404
405
405
405
406
406
406
406
407
407
407
407
407
407
408
408
408
408
408
409
409
409
409
410
410
410
410
410
411
411
411
411
412
412
412
412
412
413
413
413
413
-1
-1
414
414
-1
415
416
416
-1
417
417
417
418
418
418
418
419
419
419
419
419
419
419
420
420
420
420
420
420
420
421
421
421
421
422
422
422
422
422
422
422
423
423
423
423
423
423
424
424
424
424
425
425
425
425
425
425
425
426
426
426
426
-1
427
427
427
427
427
-1
428
428
428
429
429
429
429
429
430
430
430
431
431
431
431
431
431
431
432
432
432
23
433
433
433
433
-1
434
434
434
-1
435
435
435
436
436
437
437
437
437
438
438
438
439
439
439
439
440
440
440
440
440
440
441
441
441
441
441
-1
442
442
442
443
443
443
443
444
444
444
444
444
444
444
445
445
445
445
445
445
445
446
446
446
446
446
447
447
447
447
447
447
-1
448
448
448
449
449
449
449
449
449
449
-1
450
450
450
-1
451
451
451
-1
452
452
452
453
453
453
453
453
453
453
454
454
454
454
455
455
455
455
456
456
456
456
-1
457
457
457
458
458
458
458
458
458
458
459
459
459
459
459
459
459
-1
460
460
460
460
460
460
461
461
461
461
461
461
461
461
462
462
462
462
462
462
462
463
463
463
463
464
464
464
464
464
-1
465
465
465
466
466
466
466
467
467
467
467
467
467
467
468
468
468
469
469
469
469
470
470
470
470
471
471
471
471
471
471
471
472
472
472
472
473
473
473
473
474
475
475
476
476
476
476
476
476
476
477
477
477
477
477
477
477
478
478
478
478
478
479
479
479
479
479
479
480
480
480
481
481
481
482
482
482
482
482
482
482
483
483
483
483
483
484
484
484
484
-1
485
485
485
485
485
485
485
486
486
486
486
486
486
486
487
487
487
487
488
488
238
238
489
489
489
489
490
490
490
490
491
491
491
491
492
492
492
492
493
493
493
493
494
494
494
494
495
495
495
495
495
495
495
496
496
496
496
497
497
497
497
498
498
498
498
499
499
499
500
500
500
501
501
501
-1
502
502
-1
503
503
503
503
504
504
504
504
505
505
505
505
506
506
506
506
506
506
507
507
507
507
507
507
508
508
508
508
508
509
509
509
509
510
510
510
510
511
511
511
511
512
512
512
512
513
513
513
513
513
513
513
514
514
514
514
514
514
514
515
515
515
515
516
516
516
516
517
517
517
1844
518
518
518
518
519
519
519
519
520
520
520
520
521
521
522
522
522
522
523
523
523
523
524
524
524
524
524
524
524
525
525
525
525
526
526
526
526
527
527
527
528
528
528
529
529
529
529
530
530
530
530
531
531
531
531
531
531
531
531
532
532
532
532
533
-1
534
534
-1
-1
535
377
-1
-1
536
536
537
537
537
537
537
537
538
538
538
538
538
538
539
539
539
539
540
540
540
540
541
541
541
541
541
541
541
542
542
542
542
543
543
543
544
544
544
544
545
545
545
545
546
546
104
104
547
547
547
547
548
548
548
549
549
549
550
550
550
550
550
550
551
551
551
551
551
551
551
552
552
552
552
553
553
553
553
553
553
553
553
554
554
554
554
554
554
554
555
555
555
555
555
555
556
556
556
556
556
556
557
557
557
557
557
558
558
558
558
559
559
559
559
560
560
560
560
561
561
562
562
562
562
562
-1
563
563
563
563
563
564
564
564
564
564
564
564
565
565
565
565
565
565
-1
566
566
566
567
568
568
568
-1
569
569
569
570
456
456
-1
571
571
571
572
572
572
572
572
572
572
-1
573
573
573
-1
574
574
574
-1
575
575
575
-1
576
576
576
576
576
-1
577
577
577
-1
578
578
578
579
579
579
579
579
579
579
580
580
580
580
580
581
581
581
581
581
581
581
582
582
582
582
582
-1
583
583
4
584
585
585
585
-1
586
586
586
587
587
587
587
587
-1
588
487
487
487
-1
589
589
589
590
122
122
122
122
122
122
591
591
591
591
591
591
591
-1
592
592
592
593
593
593
593
594
594
594
594
594
594
594
595
595
596
596
597
597
597
597
598
598
598
598
599
600
600
600
601
601
601
601
601
601
602
602
602
602
603
603
603
603
603
603
604
604
321
321
605
605
605
605
606
606
606
606
606
606
606
607
607
607
607
607
608
608
608
608
609
609
609
609
609
609
609
-1
610
610
610
611
611
611
611
611
611
612
612
612
612
612
-1
613
613
613
613
613
613
-1
614
614
614
614
615
615
615
615
616
616
617
617
617
617
617
617
617
618
618
618
618
618
618
618
-1
619
619
619
-1
620
620
620
621
621
621
621
622
622
622
-1
623
623
45
-1
624
624
624
625
625
626
626
626
626
627
627
627
627
627
627
627
-1
628
628
628
-1
629
629
629
-1
630
630
630
-1
631
631
631
632
632
632
632
632
632
632
-1
633
634
-1
-1
635
635
635
-1
636
636
636
636
636
636
636
-1
637
637
637
638
638
638
638
638
-1
639
639
639
-1
-1
640
640
-1
-1
641
641
-1
-1
642
642
-1
-1
643
643
644
645
645
645
-1
646
646
646
-1
1509
647
647
648
648
648
648
648
648
648
649
649
649
649
649
649
650
650
650
650
650
650
650
650
651
652
652
652
652
-1
-1
653
653
654
654
654
654
654
654
654
655
655
655
655
655
655
655
656
656
656
656
656
656
-1
657
657
657
657
-1
658
658
658
659
659
659
659
660
660
660
-1
661
661
661
-1
662
662
662
-1
663
663
-1
-1
664
664
665
665
665
665
665
665
665
666
666
666
666
666
-1
667
667
667
667
667
667
-1
-1
668
668
-1
669
669
669
-1
670
670
-1
671
671
671
671
672
672
672
672
672
672
673
673
673
673
673
673
673
674
674
674
675
675
675
675
675
675
675
676
676
676
676
676
676
676
-1
677
677
677
-1
678
678
678
-1
-1
679
679
-1
-1
680
680
-1
681
681
681
-1
-1
682
682
683
683
683
683
683
-1
684
684
684
-1
685
685
686
686
686
686
686
686
686
-1
687
687
687
687
687
687
687
-1
688
688
374
689
689
689
689
689
689
-1
-1
690
644
644
644
691
692
692
692
693
693
693
694
694
694
694
694
694
694
695
695
695
695
696
696
696
696
-1
697
697
697
698
698
698
698
698
698
698
-1
699
699
699
700
700
700
700
701
701
701
701
701
701
701
-1
702
702
702
702
702
702
702
703
703
703
703
703
704
704
704
705
705
705
705
706
706
706
706
707
707
707
707
708
708
708
708
708
708
709
709
709
709
710
710
710
710
711
711
711
711
711
711
712
712
712
712
712
713
713
713
713
714
714
714
714
715
715
715
715
716
716
716
716
716
716
716
717
717
717
717
717
718
718
718
719
719
719
719
720
720
720
720
721
721
721
721
722
722
722
722
723
723
723
723
723
-1
724
724
724
724
725
725
725
725
726
726
726
726
726
726
726
727
727
727
727
728
728
728
728
729
729
729
729
730
730
730
730
731
530
530
530
732
732
732
732
733
733
733
733
734
734
734
734
734
735
735
736
736
736
737
737
737
737
738
738
738
738
738
738
738
738
739
739
739
739
739
739
739
740
740
740
740
-1
741
741
741
741
742
742
742
742
743
743
743
743
743
743
743
744
744
744
744
744
745
745
745
745
-1
746
746
746
747
747
747
747
748
748
748
748
749
749
749
750
750
750
323
751
751
751
751
751
751
752
752
752
752
753
753
753
753
753
753
754
754
754
754
754
754
754
755
755
755
755
755
755
755
756
756
756
756
757
757
757
757
758
758
758
758
758
758
758
759
759
759
759
760
760
760
760
760
760
760
761
761
761
761
762
762
762
762
763
763
763
763
-1
764
764
764
765
765
765
765
765
765
765
766
766
766
766
767
767
767
767
768
768
768
768
769
769
769
769
769
769
769
770
770
770
770
-1
771
730
730
772
772
772
772
773
773
773
773
774
774
774
774
775
775
775
775
-1
776
776
776
777
777
777
777
778
778
778
778
779
779
779
779
779
780
780
780
780
780
780
781
781
781
781
782
782
782
782
691
783
-1
691
1244
1244
-1
784
784
762
-1
785
785
785
786
786
786
786
786
786
786
787
787
787
787
787
788
788
788
788
789
789
789
789
789
-1
790
790
790
-1
791
791
791
792
792
792
792
-1
793
793
793
-1
-1
-1
-1
794
794
794
794
794
-1
795
795
795
-1
796
796
796
-1
797
797
797
-1
798
798
-1
799
799
799
-1
800
800
800
-1
801
801
801
-1
802
802
802
-1
803
803
803
804
804
804
804
804
804
-1
805
805
805
806
807
807
807
808
808
808
809
809
809
-1
810
810
810
-1
811
811
811
812
812
812
812
812
812
812
813
813
813
813
813
813
814
814
814
814
814
-1
815
815
815
815
815
815
815
816
816
816
816
816
816
817
817
817
817
817
818
818
818
818
818
819
820
820
820
-1
821
821
821
822
822
822
822
822
822
822
823
823
823
823
823
823
823
824
824
824
824
824
825
825
825
825
825
-1
826
826
826
827
827
827
827
827
827
827
827
-1
828
828
828
829
829
829
829
829
-1
830
830
830
831
831
831
832
832
832
832
833
833
833
833
833
-1
834
834
834
834
834
834
835
835
835
835
835
835
835
836
836
836
836
836
836
836
-1
837
837
837
-1
838
838
838
839
839
839
839
-1
840
840
840
840
840
841
841
841
841
841
841
841
842
842
842
842
842
842
843
843
843
843
843
843
844
844
844
844
844
844
844
845
845
845
845
845
845
846
846
846
846
846
846
-1
847
847
847
-1
848
848
848
849
849
849
849
849
849
849
850
850
850
850
850
-1
851
851
851
851
851
851
851
851
-1
852
852
852
853
853
853
854
854
854
855
855
855
855
855
855
855
-1
856
856
856
-1
857
857
857
858
858
858
858
858
858
-1
1533
859
859
860
860
860
861
862
862
862
-1
863
863
863
864
864
864
864
864
864
864
865
865
865
866
866
866
866
866
867
867
867
867
867
867
867
868
868
868
868
868
869
869
869
869
870
870
870
870
871
871
871
871
872
872
872
872
873
873
873
873
874
874
874
874
874
874
874
875
875
704
876
876
876
876
877
877
877
877
877
877
877
878
878
878
878
879
879
879
879
879
879
880
880
880
880
880
880
881
881
881
881
881
882
882
882
882
883
883
883
883
884
884
884
884
885
885
885
885
886
886
886
886
886
886
886
887
887
887
887
887
887
888
888
888
888
889
889
889
889
890
890
890
890
891
891
891
891
891
891
891
892
892
892
892
893
893
893
893
894
894
894
894
894
894
894
895
895
895
895
895
895
895
896
896
896
896
896
896
897
897
897
897
897
898
898
898
898
898
898
898
899
899
899
899
899
899
899
900
900
900
900
901
901
901
901
901
901
901
901
-1
902
902
902
902
903
903
903
903
903
904
904
904
904
905
905
905
905
905
905
905
906
906
906
906
907
907
907
907
908
908
908
908
909
909
909
909
909
910
910
910
910
911
911
911
911
912
912
912
912
912
912
912
912
913
913
913
913
914
914
914
914
915
915
915
915
916
916
916
916
917
917
917
917
918
918
918
919
919
919
919
919
919
920
920
920
920
920
920
921
921
921
921
922
922
922
922
923
923
923
923
924
924
924
924
925
925
925
925
926
926
926
926
926
927
927
927
927
-1
928
928
929
929
929
929
929
929
929
930
930
289
289
931
931
931
931
931
931
931
931
932
932
932
932
933
933
933
933
933
933
934
934
934
934
-1
935
935
935
935
936
936
936
936
937
469
469
469
938
938
938
938
939
939
939
939
940
940
940
940
940
940
940
941
941
941
941
941
941
941
942
942
942
942
942
942
943
943
943
943
943
943
943
944
944
944
944
944
944
945
945
945
945
946
946
946
946
947
947
18
18
948
948
948
188
949
949
949
949
950
950
950
950
951
951
951
951
951
951
952
952
952
952
953
953
953
953
954
954
954
954
955
955
955
955
956
956
956
956
956
956
956
957
957
957
957
957
-1
958
958
958
958
959
959
959
959
960
960
960
960
961
961
961
961
962
962
962
962
962
-1
963
963
963
-1
-1
-1
-1
-1
964
964
964
964
964
964
965
965
965
965
965
966
966
966
966
-1
967
967
967
968
968
968
968
969
969
969
969
970
970
970
971
971
971
971
972
972
972
972
973
973
973
973
973
-1
974
974
974
974
975
975
975
975
976
976
976
976
976
977
977
977
977
978
112
112
112
979
979
979
979
979
979
-1
-1
980
980
980
981
981
982
982
982
982
-1
983
983
984
984
984
984
984
984
984
985
985
985
985
986
986
986
986
986
986
986
987
987
987
988
988
988
989
989
989
989
989
989
989
990
990
990
990
991
991
991
991
992
992
992
992
993
993
993
993
994
994
994
994
995
995
341
341
341
996
996
996
996
996
996
996
997
997
997
998
998
998
998
999
999
999
999
1000
1000
1000
1001
1001
1001
1001
1002
1002
1002
1002
1002
1002
1003
1003
1003
1003
1003
1003
1004
1005
1005
1005
1005
1005
1005
1006
1006
1006
1006
1006
1006
1006
1007
1007
1007
1008
1008
1008
1009
1009
1009
1010
1010
1010
1010
1011
1011
1011
1012
1012
1012
1012
1012
1013
384
384
384
1014
1014
1014
1014
1015
1015
1015
1015
1016
1016
1016
1016
1017
1017
1017
1017
1018
1018
1018
1018
1018
1018
-1
-1
1019
1019
1019
1019
1020
1020
1020
1020
1021
1021
1021
1021
1022
1022
1022
1022
1022
1023
1023
1023
1023
1023
1023
1023
1024
1024
1024
1024
1025
1025
1025
1025
1026
1026
1026
1026
1027
1027
1027
1027
1028
1028
1028
1028
1028
1028
1029
1029
1029
1029
1030
1030
1030
1030
1030
1030
1030
1031
1031
1031
1031
1031
1031
-1
1032
1032
1032
-1
1033
1033
1033
1033
-1
1034
1034
1034
1035
1035
1035
1035
1035
1035
-1
-1
1036
1036
-1
-1
1037
1037
1038
1038
1038
1038
1038
1038
1038
1039
1039
1039
1039
1040
1040
1040
1040
1040
1040
1041
1041
1041
1041
1041
1041
1041
1042
1042
1042
1042
-1
1043
1043
1043
-1
1044
1044
1044
-1
1045
1045
1045
-1
1046
1046
1046
1047
1047
1047
1047
1047
1047
1047
1047
1048
1048
1048
1048
1048
1048
1048
1049
1049
1049
1049
-1
1050
1050
1050
1051
1051
1051
1051
1051
1051
1051
1052
1052
1052
1052
1052
1052
1053
1053
1053
1053
1053
1053
1053
-1
1054
1054
1054
1055
1055
1055
1055
1055
1055
1055
1056
1056
1056
1056
1056
1056
-1
1057
1057
1057
1058
1058
1058
1058
1058
1058
1059
1059
1060
1060
-1
1061
1061
1061
-1
1062
1062
1062
-1
1063
8
8
-1
1064
1064
1064
-1
1065
1065
1065
-1
1066
1066
1066
1067
1067
1067
1067
1067
1067
1068
1068
1068
1068
1068
1069
1069
1069
1069
1069
1069
1069
1069
1070
1070
1070
1070
1070
1070
1070
1070
1071
1071
1071
1071
1071
1071
1071
1072
1072
1072
1072
1072
1072
1072
1073
1073
1073
1073
-1
1074
1074
1074
-1
872
872
872
-1
-1
-1
1075
1075
1076
-1
-1
2309
1077
1077
1077
1077
1077
1078
1078
1078
1078
1078
1078
-1
1079
1079
1079
1080
1080
1080
1081
1082
1082
1082
1083
-1
1084
1084
1085
1085
1085
1085
-1
1086
1086
1086
-1
-1
1087
1087
-1
-1
1088
1088
-1
1089
1090
1090
1091
1092
1092
1092
1092
-1
1093
1093
1094
1094
1094
1094
1094
1094
1094
1095
1095
1095
1095
1095
1095
1095
1095
1096
1096
1096
1096
1096
1096
1097
1097
1097
1097
1097
1097
1097
1097
-1
1098
1098
1098
1099
735
735
735
735
735
-1
1100
1100
1100
-1
1101
1101
-1
1102
1102
1102
1103
1103
1103
1103
1103
1103
1103
1104
1104
1104
1104
1104
-1
1105
1105
1105
1106
1106
1106
1106
1106
1106
1106
1107
34
34
34
1108
1108
1108
1109
1109
1109
1109
1109
1109
1109
1110
806
806
806
1111
1111
1111
1111
1112
762
762
762
1113
1004
1004
1004
1004
1004
1004
1114
1114
1114
1114
1114
1114
1114
1115
1115
1115
1115
1115
1115
1116
1116
1116
1116
1116
1116
1116
1117
1117
1117
1117
1118
1118
1118
1118
1119
1119
1119
1119
1120
1120
1120
1120
1121
1121
1121
1121
1121
-1
-1
1122
1122
-1
1123
1123
1123
1124
1124
1124
1124
1124
1124
1124
-1
1125
1125
1125
-1
-1
-1
-1
1126
1127
1127
1127
-1
1128
1128
1128
1129
1129
1129
1129
1129
1129
1129
1130
1130
1130
1130
1130
1130
-1
1131
1131
1131
-1
1132
1132
1132
-1
1133
1133
1133
-1
1134
1134
1134
-1
1135
1135
1135
1136
1136
1136
1136
-1
1137
1137
1025
-1
1138
1138
1138
1139
1139
1139
1139
1140
1140
1140
1140
1140
1141
1141
1141
1142
1142
1142
1143
1143
1143
1143
1143
1143
1143
1144
1144
1144
1144
1144
1145
1145
1145
1145
1145
1146
1146
1146
1146
1146
1146
-1
1147
1147
1147
-1
1148
1148
1148
-1
1149
1149
1149
1150
1150
1150
1150
1151
1141
1141
1141
1152
1152
1152
1152
1153
1153
1153
1154
1154
1154
1155
1155
1155
1155
-1
1156
1156
1156
1156
-1
1157
1157
1157
-1
1158
1076
1076
1159
1159
1159
1159
1160
1160
1160
1160
-1
1161
1161
1161
-1
1162
1162
1162
-1
1163
1163
1163
1164
1164
1164
1164
1165
1165
1165
1165
1166
1166
1166
1166
1166
1167
1167
1167
1167
1168
1168
1168
1168
1168
1168
1169
1169
1169
1169
1170
1170
1170
1171
1171
1171
1171
1171
1171
-1
1172
1172
1172
1173
1173
1173
1173
1174
1174
1174
1174
1174
1174
1175
1175
1175
1175
1175
1175
1175
-1
1176
1176
1176
1177
1177
1177
1177
1178
1178
1178
1179
1179
1179
1179
1179
-1
1180
1180
1180
1180
1180
1180
1180
1181
1181
1181
1181
1182
1182
1182
1182
1182
1182
1182
1183
1183
1183
1183
1183
1184
1184
1184
1184
1185
1186
1186
1186
1187
1187
1187
1187
1188
1188
1188
1189
1189
1189
1189
1189
1190
1190
-1
1191
1191
1191
1192
1192
1192
1192
1192
1193
1193
1193
1193
1193
1194
1194
1194
1194
1194
1194
1194
1195
1195
1195
1195
1195
1195
1195
-1
1196
1196
1196
1196
1196
-1
-1
1197
1197
-1
1198
1198
1017
-1
1199
1199
1199
-1
1200
1200
1200
-1
1201
1201
1201
-1
1202
1202
1202
-1
1203
1203
1203
-1
1204
1204
1204
1205
1205
1205
-1
1206
1206
1165
1207
1207
1207
1207
1208
1208
1208
1208
1209
1209
1210
753
753
753
753
753
753
-1
1211
1211
1211
1212
1212
1212
1212
1212
1212
-1
-1
1213
1213
1213
1214
1214
1214
1214
1215
1215
1215
1215
1216
-1
1217
65
65
65
65
65
1218
1218
1219
1219
1219
1219
1220
1220
1220
1220
1221
1221
1221
1221
1221
1221
1221
-1
1222
1222
1222
1222
1223
1223
1223
1223
1224
1224
1224
1224
1224
1224
1225
1225
1225
1225
1225
1225
1225
1226
1226
1226
1226
1227
1227
1227
1227
-1
1228
1228
1228
1229
1229
1229
1230
1230
1230
1230
1230
1230
1231
1231
1231
1231
1231
1231
1232
1232
1232
1232
1232
1233
1233
1233
1234
1234
1234
1234
1234
1234
1234
1235
1235
1235
1235
1235
1235
1235
1236
1236
1236
1236
1236
1237
1237
1237
1237
1237
1237
1237
1238
1238
1238
1238
1238
1238
1239
1239
1239
1239
1240
1240
1240
1240
1240
1240
1240
1241
1241
1241
1241
-1
1242
1242
1242
1243
1243
1243
1243
1243
1243
1243
-1
1244
1244
1244
1245
1245
1245
1245
1246
1246
1246
1246
1247
1247
1247
1247
1248
1248
1248
1248
1248
1248
1249
1249
1249
1249
1249
-1
1250
1250
1251
1251
1251
1252
1252
1252
1252
1253
1253
1253
1253
1253
1253
1253
1254
1254
1254
1254
1254
1255
1255
1255
1255
1255
1255
-1
-1
1256
1256
1256
-1
1257
1257
1257
1258
1258
1258
1259
1259
1259
1259
-1
-1
1260
1260
1260
1260
1260
1261
580
580
580
580
1262
1262
1262
1262
1262
1263
1263
1263
1263
1263
1264
1264
1264
1264
1264
1264
1264
1265
1265
1265
1265
1265
-1
1266
1266
1266
1267
1268
1268
1268
-1
1269
1269
1269
-1
1270
1270
1270
-1
1271
1271
1271
-1
1272
1272
1272
-1
1273
1273
1273
-1
1274
1274
1274
1275
1275
1275
1275
1275
1275
-1
1276
1276
1276
1276
1276
1276
1276
-1
1111
1111
1111
-1
1277
1277
1277
1278
1278
1278
1278
1278
-1
1279
1279
1279
-1
1280
1280
1280
1281
1281
1281
1281
1281
1282
1282
1282
1282
1283
1283
1283
1283
1283
1283
1283
1284
1284
1284
1284
1285
1285
1285
1285
1286
1286
1286
1286
1286
1286
1286
1287
1287
1287
1287
1288
1288
1288
1288
1289
1289
1289
1289
1290
1290
1290
1290
1290
1290
1290
1291
1291
1291
1291
1291
1291
1291
1291
1292
1292
1292
1292
1293
1293
1293
1293
-1
1294
1294
1294
1295
1295
1295
1295
1295
1295
1295
1296
1296
1296
1296
1296
1296
1296
1297
37
37
37
-1
1298
1298
1298
-1
1299
1299
1299
1300
1300
1300
1300
1300
1301
1301
1301
1301
1301
1301
1301
-1
1302
1302
1302
1302
1303
1303
1303
1303
-1
1304
1304
1304
-1
1305
1305
1305
-1
1306
1306
1306
1307
1307
1307
1307
1307
1307
-1
1308
1308
1308
1309
1309
1309
1309
1309
1309
1310
1310
1310
1310
1310
1310
1310
1311
1311
1311
1311
1311
1311
1311
1312
1312
1312
547
1313
1313
1313
1313
1314
1314
1315
1315
1316
1316
1316
1316
1316
1316
1317
1317
1317
1317
1317
1317
1318
1318
1318
1318
1319
1319
1319
1319
-1
1320
1320
1320
1321
611
611
611
611
611
1322
1322
1322
1322
1322
1323
1323
446
446
446
1324
1324
1324
1324
-1
1325
1325
1325
1326
1326
1326
1326
1326
1327
1327
1327
1327
1327
1328
1328
1328
1328
1328
1328
1328
1328
1329
1329
1329
1329
1330
1330
1330
-1
1331
1331
1014
1332
1332
1332
1332
1333
1333
881
881
881
1334
1334
1334
1334
1335
1335
1335
1336
1336
1336
1336
1337
1337
1337
1337
1337
1337
1337
1338
1338
1338
1338
1338
1338
1338
-1
1339
1339
1339
1340
1340
1340
1340
1340
1340
1340
1341
1341
1341
1341
1341
1341
1341
1342
2576
1343
1343
-1
1344
1344
1344
-1
819
1345
1345
1345
1345
1345
1345
1346
1346
1346
-1
-1
1347
1347
-1
1348
1348
1348
-1
1349
1346
1346
-1
1350
1350
1350
1351
1351
1351
1351
1352
1352
1352
1352
1353
1353
1353
1353
1354
1354
1354
1354
1355
1355
1355
1355
1355
1355
1355
1355
1356
1356
1356
1356
1356
1356
1357
1357
1357
1357
1358
1358
1358
1358
1359
1359
1359
1360
1360
1360
1360
1360
1360
1361
1361
1361
1361
1362
1362
1363
1363
1363
1363
1364
1364
1364
1364
1365
938
938
938
1366
1076
1076
1076
1367
1367
1367
1367
1368
1368
1368
1368
1368
1368
1368
-1
1369
1369
1369
1369
1370
1370
1370
1370
1370
1370
1370
1371
1371
1371
1371
1372
1372
1372
1372
1372
1373
1373
1374
1374
1374
1375
-1
-1
1376
1376
1376
1376
1377
1377
1377
1377
1378
1378
1378
1378
-1
1379
1379
1379
1379
1379
1380
1381
1381
1381
1382
1382
1382
1382
1382
1382
1382
1383
1383
1383
1383
1383
1383
1383
1383
1384
1384
1384
1384
1384
1384
1384
-1
1385
1385
1385
1386
1386
1386
1386
1386
1386
1386
-1
-1
1387
1387
-1
1388
1089
1089
-1
1389
1390
1390
-1
1391
1391
1391
-1
1392
1392
1392
-1
-1
1393
1393
-1
-1
1394
1394
-1
1395
1395
1395
-1
1396
1396
1396
-1
1397
1123
1123
-1
1398
1398
1398
1399
1399
1399
1399
1399
1399
1399
1400
1400
1400
1400
1400
1401
1401
1401
1401
1401
1401
-1
-1
1402
1402
1402
1403
1403
1403
1403
1403
1403
-1
1404
1404
1404
1404
1404
1404
1404
1405
-1
1406
1406
-1
-1
1407
1407
-1
185
1408
1408
-1
1409
1409
1409
-1
1410
1410
1410
1411
1411
-1
-1
1412
1412
-1
1413
-1
-1
1414
1414
-1
-1
1415
1415
-1
1416
1416
1416
-1
-1
1417
1417
-1
-1
1418
1418
-1
936
1419
1419
-1
1420
81
81
-1
1421
1421
1421
1422
1422
1422
1422
1422
-1
-1
573
573
1423
1423
1423
1423
1423
1423
1423
1424
1424
1424
1424
1424
1424
1424
1424
1425
1425
1425
1425
1425
1425
1425
-1
1426
1426
1426
-1
-1
1427
1427
-1
-1
1428
1428
-1
-1
1429
1429
-1
1430
1430
1430
-1
1431
1431
1431
-1
1432
1432
1432
1432
-1
37
37
1433
1434
1434
1434
2409
1435
1435
1435
1436
1436
1436
1436
1436
1436
1436
1437
1437
1437
1437
1437
1437
1437
1438
1438
1438
1439
1439
1439
1439
1439
1439
1440
1440
1440
1440
1440
1440
1440
1441
1441
1442
1442
1442
1442
1442
1443
1443
1443
1443
1443
1443
1443
-1
1444
1444
1444
1444
1445
1445
1445
1445
1445
-1
1446
1446
1446
1446
1447
1447
1447
1447
1447
1447
1448
1448
1448
1448
1448
1449
1449
1449
1108
1450
1450
1450
1451
1451
1451
1451
1452
1452
1452
1452
1452
1453
1453
1453
1453
-1
-1
-1
1454
1454
1454
1454
1455
1455
1455
1455
1455
1456
2526
1457
1457
1457
1457
1458
1458
1458
1458
1459
1459
1459
1459
1460
1460
1460
1460
1460
1460
1460
1461
1461
1461
1461
1461
1461
1461
1462
1462
-1
1463
1463
1463
-1
1464
1464
1464
1465
1465
1465
1465
1465
1465
1465
-1
1466
1466
1466
-1
1467
1467
1467
-1
1468
1468
1468
-1
1469
1469
1469
1470
1470
1470
1470
1470
1470
1471
1471
1471
1471
1472
1472
1472
1472
1472
1472
1472
1473
1473
1473
1473
1473
-1
1474
1474
1474
1475
1475
1475
1475
1475
1475
1475
1475
-1
1476
1476
1476
1476
1476
1476
1476
1477
1477
1477
1477
1477
1477
1478
1478
1478
1478
1479
1479
1479
1479
1479
1479
-1
1480
1480
1480
-1
1481
1481
1481
1482
1482
1482
1482
1482
1482
1482
-1
1483
1483
1483
1484
1484
1484
1484
1484
1484
1484
-1
1485
1485
1485
-1
1486
1486
1486
1487
1487
1487
1487
1487
-1
1488
1488
1488
-1
1489
1489
1489
-1
1490
1490
1490
1491
1491
1491
1492
1492
1492
1492
1492
1493
1493
1494
1494
1494
-1
1495
1495
1495
1496
1496
1496
-1
-1
-1
1497
1497
1497
1497
1497
1498
1498
1498
1498
1498
1498
1498
1499
1500
1500
1500
-1
1501
1501
1501
-1
1502
1502
1502
-1
1503
1503
1503
1504
1504
1504
1504
1505
1505
1505
1506
766
766
766
-1
1507
1507
1507
-1
1508
1508
1508
1509
1510
1510
1269
1511
1511
1511
1511
1511
1511
1511
1512
1512
1512
1512
-1
1513
1513
1513
1514
1514
1514
1514
1515
1515
113
113
-1
1516
1516
1516
-1
104
104
104
-1
1517
1517
1517
1517
1518
1518
1518
1518
1519
1519
1519
1519
1519
1519
1519
1520
1520
1520
1520
1520
1520
1520
1520
1521
1521
1521
1521
1521
1521
1521
1522
1522
1522
1522
1522
1522
1522
-1
1523
1523
1523
1523
1523
1524
1524
1524
1524
1524
1525
1525
1525
1525
1526
1526
1526
1526
1527
1527
1527
1527
1528
1528
1528
1528
1529
1529
1529
1529
1530
1530
1530
1530
1530
1531
1531
1531
1531
1532
358
358
358
1533
1533
1533
1533
1534
1534
1534
1534
-1
1535
1536
1536
1536
1536
1537
1537
1537
1537
1538
1538
1538
1538
1539
1539
1539
1540
834
834
834
834
834
834
1541
1541
1541
1541
1542
1542
1542
1542
1543
1543
1543
-1
1544
1544
1544
1545
1546
1546
1546
1547
1547
1547
1547
1547
1547
1547
-1
1850
1548
1548
1548
1548
1549
1549
1549
1550
1550
1550
1550
1551
1551
1551
1552
1552
1552
1553
1553
1553
1553
1554
1554
1554
1554
1554
1554
1554
1555
1555
1555
1555
1555
1555
1555
1556
1556
1556
1556
1556
1556
1556
-1
1557
1557
1557
1557
1558
1558
1558
1558
1559
1559
1559
1559
1560
1560
1560
1560
1561
1561
1561
1561
1561
1561
1561
1562
480
-1
-1
1563
1563
1563
1563
1564
1564
1564
1564
1565
1565
1565
1566
1566
1566
1566
1566
1566
1566
1566
1567
1007
1007
1007
1007
1007
-1
1568
1568
1568
1569
1569
1569
1569
1569
1569
1569
1570
1570
1570
1570
1570
1570
1570
1571
1571
1571
1571
1571
1571
1571
1571
-1
1572
1572
1572
-1
1573
191
191
-1
1574
1574
1574
1575
1575
1575
1575
1575
1575
1575
1576
1576
1576
1576
1576
1576
1576
1577
1577
1577
1577
1577
1578
1578
1578
1578
1578
1578
1578
1579
1579
1579
1579
1579
1579
1579
1580
1580
1580
1580
1580
1580
1580
1581
1581
1581
1581
1581
1582
1582
1582
1582
1582
1583
1583
1583
1583
1583
1583
1583
-1
1584
1584
1584
1585
1586
1586
1586
1587
1587
1587
1588
1588
1588
1588
1588
1588
1588
1588
1589
468
468
1590
1590
1590
1590
1590
1590
1590
1591
1591
1591
1591
1591
1591
1591
-1
1592
1592
1592
-1
1593
1593
1593
1594
1594
1594
1594
1594
1594
1594
1595
1595
1595
1595
1596
1596
1596
1596
1596
1596
1596
1597
1597
1597
1597
1598
1598
1598
1598
1598
1598
1598
1599
1599
1599
1599
1599
-1
1600
1600
1600
1601
1601
1601
1601
1601
1601
1601
1601
1602
1602
1602
1602
1602
1602
1603
1603
1603
1603
1603
1603
1603
1604
1604
1604
1604
-1
1605
1605
1605
-1
1606
1606
1606
-1
-1
1607
1607
1608
1608
1608
1608
1608
1608
1608
1609
1609
1609
1609
1609
-1
-1
1610
1610
-1
-1
1611
1611
1612
1612
1612
1612
1612
1612
1612
1613
1613
1613
1613
1613
1613
1614
1615
1615
1615
-1
1616
1616
1616
-1
1617
1617
1617
-1
1618
1618
1619
1619
1619
1619
1619
1619
1619
1620
1620
1620
1620
-1
1621
1621
1621
1622
1622
1622
1622
1622
1622
-1
-1
1623
1623
-1
-1
1624
1624
-1
-1
1625
1625
1626
1626
1626
1626
-1
1627
1628
1628
-1
1629
1629
1629
-1
1630
1630
1630
-1
1631
1631
1631
1632
1632
1632
1632
1632
1632
1632
-1
1633
1633
1633
1634
1635
1635
1635
-1
1636
1636
1636
1637
1637
1637
1637
1637
1637
1637
1637
-1
-1
1638
1638
1639
1639
1639
1640
1640
1495
1495
1641
1641
1641
1641
1642
1642
1642
1642
1643
1643
1643
1643
1644
1644
1644
1645
1645
1645
1646
1646
1646
1646
1646
1646
1647
1647
1647
1647
1648
1648
1648
1648
1649
1649
1649
1649
1650
1650
1650
1650
1651
1651
1651
1651
1652
1652
1652
1652
1653
1653
1653
1654
1654
1655
1655
1655
1655
1655
1655
1655
1656
1656
1656
1656
1657
1657
1657
1657
1657
1657
1657
1658
1658
1658
1658
1659
1659
1659
1659
1659
1659
1659
1660
1660
1660
1660
1661
1661
1661
1661
-1
1662
1662
1662
1662
1663
1663
1663
1663
1663
1663
1663
1664
1664
1664
1664
1664
1664
1665
1665
1665
1665
1666
1666
1666
1666
1666
1666
1666
1666
1667
1667
1667
1667
1667
1668
1668
1668
1668
1669
1669
1669
1669
1670
1670
1670
1670
1671
1671
1671
1671
1672
1672
1672
1672
1673
1673
1673
1673
1674
1674
1674
1674
1675
1675
1675
1676
1676
1017
1017
1677
1677
1677
1678
1678
1678
1678
1678
1679
1679
1679
1679
1679
1679
1679
1679
1680
1680
1681
1681
1682
1682
1682
1682
1682
1683
1683
1683
1683
1684
1684
1684
1684
1684
1685
1685
1685
1685
1686
1686
1686
1686
1687
1687
1687
1687
1688
1688
1688
1688
1689
1689
1689
1689
1690
1267
1267
1267
-1
-1
1691
1691
1691
1692
1692
212
212
1693
1693
1693
1693
1693
1693
1693
1694
1694
1694
1695
1695
1695
1695
1695
1696
1284
1284
1284
1697
1697
1697
1697
1697
1697
1697
1698
1698
1698
1698
1698
1698
1699
1699
1699
1699
1699
1699
1699
1700
1700
1700
1700
1700
1700
1700
1700
1701
1701
1701
1701
1701
1702
1702
1702
1702
1703
1703
1703
1703
1704
1704
1704
1704
1705
1705
1705
1705
1706
1706
1706
1707
1707
1707
1707
1708
1708
1708
1708
1708
1708
1709
1709
1709
1709
1709
1709
1709
-1
-1
-1
1710
1710
1710
1710
1711
1711
1711
1711
1711
-1
1712
1712
1712
1712
1713
1714
1714
1714
-1
1715
1715
1715
-1
-1
1716
1716
1717
1717
1717
1717
1717
1718
1718
1718
1718
1718
1718
1718
1718
1719
1719
1719
1719
1720
1720
1720
1720
1721
1721
1721
1721
1721
1721
1721
-1
1722
1722
1722
-1
1723
1723
1723
1723
1723
1724
1724
1724
1724
1724
1724
1724
1725
1725
1725
1725
1725
1725
1725
1726
1726
1726
1726
1726
1726
1726
1726
-1
1727
1727
1727
-1
1728
1728
1728
-1
1729
1729
1729
1730
1730
1730
1730
-1
1731
1731
1731
1732
1732
240
240
240
1733
1733
1733
1733
1733
1733
1733
-1
1734
1734
1734
-1
1735
1647
1647
-1
1736
1736
1736
-1
1737
1737
1737
1738
1113
1113
1739
1739
1739
-1
1740
1740
1740
1741
1741
1741
1741
1742
1742
1742
1742
1742
1742
1742
1743
1743
1743
1743
1743
1743
1743
1744
1744
1744
1744
1744
-1
1745
1745
1745
-1
1746
1746
1746
-1
1747
1747
1747
1748
1749
1749
1749
-1
1750
1750
1750
-1
1751
1751
1751
-1
1752
1752
1752
-1
1753
1753
1753
-1
1754
1754
1754
-1
1755
1755
1755
1756
1756
1756
1756
1757
1757
1757
1757
1757
1758
1758
1758
1758
1758
1758
1759
1759
-1
1760
1760
1760
-1
1761
1761
1761
1762
1762
1762
1762
1763
1763
1763
-1
1764
1764
1764
-1
1765
1765
653
1766
1766
1766
1766
1766
1766
1766
1767
1767
1767
1767
1767
1767
1767
-1
1768
1768
1768
-1
599
-1
-1
1769
1769
1769
-1
1770
1770
1770
1771
1771
1771
1772
383
383
383
383
1773
1773
1773
1774
1774
1774
1774
1774
1774
1774
-1
1775
1775
1775
-1
1776
1776
1776
-1
1777
1777
1777
-1
-1
1026
-1
-1
-1
1778
1778
1778
1778
1778
1778
1779
1779
1779
1779
1779
1779
1779
1779
-1
1780
1780
1780
-1
1781
1781
1781
-1
1782
1782
1782
-1
1783
1783
1783
-1
1784
1784
1784
-1
1785
1785
1785
-1
1786
1786
1787
1787
-1
1788
1788
1788
-1
1789
1790
1790
-1
-1
1791
1791
-1
1614
1614
1614
-1
-1
-1
-1
1792
1792
1792
1792
1792
1792
1793
1793
1793
1794
1794
1794
1795
1795
1795
-1
1796
1796
1796
1797
1797
1797
1797
1797
1797
1797
1797
1798
1798
1798
1798
1798
1799
1799
1799
1799
1800
1800
1800
1800
1801
1801
1801
1801
1802
1802
1802
1802
1802
1802
1802
1803
1803
1803
1803
1803
1804
1804
1804
1804
1804
1804
1804
1805
1805
1220
1220
1806
1806
1806
1806
1806
1806
1806
1807
1807
1807
519
1808
1808
1808
1808
1809
1809
1809
1809
1810
1810
1810
1810
1811
1811
1811
-1
-1
1812
1812
1812
1812
1813
1813
1813
1813
1814
1814
1814
1814
1814
1815
1815
1815
1815
1816
1816
1816
1816
1816
1816
1817
1817
1817
1817
1818
1818
1819
1819
1819
1820
1820
1820
1820
1821
1821
1821
1821
1821
1821
1821
1822
1822
1822
1822
1822
1822
1822
1823
1823
1823
1823
1824
1824
1824
1824
-1
1825
1825
1825
1825
1825
1825
1825
1826
1826
1826
1826
1826
1826
1826
2369
1827
1827
1827
1827
1827
1828
1828
1828
1828
1828
1828
1828
1829
1829
1829
1829
1829
1830
1830
1830
1830
1831
1831
1831
1831
1832
1832
1832
1832
1832
1832
1833
1833
1833
1833
1833
-1
1834
-1
1835
1835
1835
1835
-1
1836
1836
1836
-1
1837
1837
1837
1838
1838
1838
1838
1838
1838
1838
1839
1839
1839
1839
1839
-1
1840
1840
1840
1840
1841
1841
1841
1841
1841
1841
1842
1842
1842
1842
1842
1842
1842
1842
1843
1843
1843
1843
1843
1843
-1
1844
1844
1844
1845
1845
1845
1846
1846
1846
1846
1846
1846
1846
1847
1847
1847
1847
1847
1847
1847
1848
1380
1380
1380
1849
1849
1849
1849
1850
1850
1850
1851
1851
1851
1851
-1
1852
1852
1852
-1
1853
1853
1853
-1
1854
1854
1854
-1
1855
1855
1855
-1
1856
1856
1856
-1
1857
1857
1857
-1
1858
1858
1858
-1
1859
1859
1859
1860
1860
1860
1860
1861
1861
1861
1862
1862
1862
1862
1863
1863
1863
1863
1863
1863
1863
1864
1864
1864
1864
1864
1864
1865
1865
1865
1865
1865
1865
1865
-1
1866
1866
1866
1867
1867
1867
1867
1868
1868
1868
1868
1869
1869
1869
1869
1870
13
13
13
13
13
13
-1
1375
-1
504
504
504
-1
1871
1871
1871
-1
-1
1872
1872
1872
1873
1873
1873
1873
1874
1874
1874
1874
1874
1874
1875
1876
1876
1876
1877
1877
1877
1877
-1
1878
1349
1349
-1
1879
1879
1879
1880
1880
1880
1880
1880
1880
1881
1881
1881
1881
1881
1882
1882
1882
1882
1883
1883
1883
1883
-1
1884
1884
1884
-1
1885
1885
863
1886
1886
1886
1886
1886
1886
1886
1887
1887
1887
1887
1887
1887
1887
1888
1888
1888
1888
1889
1889
1889
1889
1889
1889
1889
1889
1890
1890
1890
1890
1891
1891
1892
1892
1892
1892
1892
1892
1892
1893
1893
1893
1893
1893
1893
1893
-1
1894
1894
1894
1894
1895
1895
1895
1895
1895
1895
1895
1895
1896
1896
1896
1896
1897
1897
1897
1897
1897
1898
1898
1898
1898
1899
1899
1899
1900
1900
1900
1900
1901
1901
1901
1901
1902
972
972
972
1903
1903
1903
1903
1904
1904
1904
1904
1905
1905
1905
1905
1906
1906
1906
1906
1907
1907
1907
1907
1908
1908
1908
1908
1908
1908
1908
1909
1909
1909
1909
1909
1909
1909
1910
1910
1910
1910
1910
1910
1910
1911
1911
1911
1911
1911
1911
1912
1912
1912
1912
1912
1912
1912
1913
1913
1913
1913
1913
1913
1914
1914
1914
1914
1915
1915
540
540
1916
584
584
584
1917
1917
1917
1917
-1
-1
1918
1918
1918
1919
1919
1919
1919
1920
1920
1920
1920
1920
1920
1920
1920
1921
1921
1921
1921
1922
1922
1922
1922
-1
425
425
425
425
425
425
1923
1923
1923
1923
1923
1924
1924
1925
1925
1925
1925
1925
1925
1925
1926
1926
1926
1926
1926
-1
1927
1927
1927
1927
1927
1927
1927
1928
1928
1928
1928
1929
1929
-1
1930
1930
1503
-1
1931
1931
1931
1932
1932
1932
1933
1933
1933
1933
-1
1934
1934
1934
-1
1935
1935
1935
1936
1936
1936
1936
-1
1937
1937
1937
1938
1938
1938
1938
1939
1939
1939
1939
1939
1939
1939
1940
1940
1940
1940
1940
1941
1942
487
487
1943
1943
1943
1943
1943
1943
1944
1944
1944
1944
1944
1945
1945
1945
1945
1945
1945
-1
1946
1946
1946
-1
1947
1947
1947
1948
1948
1948
1948
1948
1948
1948
1949
1949
1949
-1
1950
1950
1950
1951
1951
1951
1951
1951
1952
1952
1952
1952
1952
1952
1952
1953
1953
1953
1953
1953
1953
1953
1954
1954
1954
1954
1954
1954
1954
-1
1955
1955
1955
-1
1956
1956
1956
1957
1957
1957
1957
1958
1958
1958
1958
1958
1958
1958
1959
1959
1959
1959
1959
1959
1959
1960
1960
1960
1960
1960
1960
1960
1960
1961
1961
1961
1961
1961
1961
1961
1962
1962
1962
1962
-1
-1
1963
1963
1963
-1
-1
1964
1964
-1
1965
1965
1965
1966
1966
1966
1966
1966
1966
1967
1967
1967
1967
1967
-1
1968
1968
1968
-1
1969
1969
1969
1970
1970
1970
1970
1970
1970
1970
1971
1971
1971
1972
1972
1972
1973
1973
1973
1973
-1
1974
1974
1974
-1
1975
1975
1975
1976
1976
1976
1976
1976
1977
1977
1977
1977
1977
1977
1977
1978
1978
1978
1978
-1
-1
1979
1979
1980
1980
1980
1980
1980
-1
1981
1981
1981
1982
1982
1982
1982
1982
1983
1983
1983
1983
1983
1983
1983
-1
2223
335
1984
1984
1984
1984
1984
1984
1984
1984
-1
1985
1985
1985
1986
1986
1986
1986
1986
1986
1986
1987
1988
1988
1988
1988
1988
1988
1988
1989
1989
1989
1989
1989
1989
1990
1990
1990
1990
1990
1990
1990
-1
1336
1336
1336
-1
1991
1991
1991
-1
1992
1992
1993
892
892
892
-1
1994
1994
1994
-1
608
2145
-1
1995
1995
1995
-1
1996
1996
1996
1997
1998
1998
1998
-1
-1
1999
1999
-1
-1
2000
2000
-1
-1
2001
2001
-1
-1
2002
2002
-1
2003
2003
2003
-1
2004
2004
2004
-1
2005
2005
2005
2005
2005
2005
-1
2006
2006
2006
2007
2007
2007
2007
2007
2007
2008
2008
2008
2008
2008
2008
2008
2009
2009
2009
2009
2009
2009
2009
-1
-1
2010
923
-1
2011
2011
2011
-1
2012
6
6
2013
2013
2013
2013
2013
2013
2014
2014
2014
2014
2014
2014
2014
-1
-1
863
863
-1
2015
2015
-1
390
390
390
2016
2016
2016
2016
2016
2017
2017
2017
2017
2017
2018
2018
-1
2019
2019
-1
2020
2020
2021
2021
2021
2021
2022
2022
2022
2022
2022
2022
2022
2023
2023
2024
2024
2024
-1
2025
149
-1
-1
729
729
-1
2308
2026
2026
2027
1091
1091
1091
1091
-1
2028
2028
-1
2029
2029
2029
-1
2030
2030
2030
-1
-1
1138
1138
-1
2031
2031
2031
2032
2032
2032
2032
2032
2032
2032
2033
2033
2033
2033
-1
-1
2034
2034
-1
2035
2036
2036
2037
2038
2038
680
2039
2039
2039
2039
2039
2039
2040
2040
2040
2040
2040
2040
2040
2040
2041
2041
2041
2041
2041
2041
2041
2041
2042
2042
2042
2042
2043
2043
2043
2043
2043
2043
2043
2044
2044
2044
2045
2045
2045
2046
2046
2046
2046
2046
2046
2046
2047
2047
2047
2047
2047
2047
2047
2048
2048
2048
2048
2048
2048
2048
2048
2049
2049
2049
2049
2049
2049
2049
2050
2050
2050
2050
2051
2051
2051
2052
2052
2052
2053
2053
2053
2053
2053
2053
2053
-1
2054
1089
1089
2055
2055
2055
2056
2056
2056
2057
2057
2057
2057
2058
2058
2058
2058
2058
2058
2058
2059
2059
2059
2059
-1
2060
2060
2060
-1
2061
2061
2061
-1
2062
2062
2063
1832
1832
1832
1832
1832
2064
2064
2064
2064
2064
2065
2065
2065
2066
2066
2066
-1
2067
2067
2067
2068
2068
2068
2068
2069
2070
2070
2070
-1
-1
2071
2071
2071
2072
2072
2072
2072
2072
2072
2072
2073
2073
2074
2074
2074
2074
2075
2075
2075
2075
2076
881
881
881
881
2077
2077
2077
2078
2079
2080
2080
2080
2080
2080
2080
2080
-1
2081
2081
2081
2082
973
973
973
973
2083
2083
2083
2083
2083
2083
2084
2084
2084
2084
2084
2084
2084
2085
533
533
533
2086
2086
2086
2086
2086
2087
995
995
995
995
2088
2088
2088
-1
2089
2089
2089
-1
584
584
584
2090
2090
2090
2090
2090
2090
2091
2091
2091
2091
2091
2091
2091
2092
2092
2092
2092
2092
2092
2092
-1
2093
2093
2093
-1
2094
2094
1672
-1
2095
2095
2095
2096
2096
2096
1200
-1
2097
2097
2097
-1
2098
2098
2098
2099
2099
2099
2099
-1
-1
2100
2100
2100
-1
2101
2101
2101
2102
2102
2102
2102
2103
-1
2104
2105
610
610
2106
2106
2106
2106
2107
2107
2107
2107
2107
2107
2108
2108
2108
2108
126
126
-1
-1
-1
2109
1210
1210
1210
1210
1210
-1
2110
2110
2110
2111
2111
2111
2111
2111
2111
2111
2112
2112
2112
2112
2113
2113
2113
2113
2113
2113
2113
2114
2114
2114
2114
2114
2114
2115
2115
2115
2115
2115
2115
2115
2116
2116
2116
2116
2117
2117
2117
2117
2117
2118
2118
2118
2118
2118
2118
2118
2119
2119
2119
2119
2119
2120
2120
2120
2120
2120
2120
2120
-1
2121
969
969
-1
2122
2122
2122
-1
2123
2123
2123
-1
2124
2124
2124
2125
2125
2125
2125
2125
2125
2125
-1
2126
2126
2126
-1
-1
2127
2127
-1
-1
2128
2128
-1
-1
2129
2129
2130
-1
-1
2131
2131
2131
2131
2131
2131
2131
2132
2132
2132
2133
2133
2133
2134
2134
2134
2134
2134
2134
2134
-1
-1
2135
-1
2136
-1
2137
2137
-1
-1
1535
1535
-1
2138
2138
2139
2139
2139
2139
2139
2139
2139
-1
-1
415
-1
2140
2140
2140
2140
2140
2140
2140
2141
2141
2141
2141
2141
2141
2141
-1
2142
2142
-1
2143
2143
2143
-1
-1
2144
1169
-1
2145
2145
2145
-1
-1
2146
643
-1
2147
2147
2147
-1
2148
2148
2148
2148
-1
2149
2149
2149
-1
2150
2150
2150
2151
2151
2151
2151
2151
2151
2151
2152
2152
2152
2152
2152
2152
2152
2153
2153
2153
2153
2153
-1
2154
2154
2154
-1
2155
2155
2155
2155
2155
-1
-1
2156
2156
-1
2157
2157
2157
2158
2158
2158
2158
2159
2159
2159
2159
2159
2159
2159
2160
2160
2160
2160
2161
2162
-1
2163
2163
2163
2163
2163
2164
2164
2164
2164
2165
2165
2165
2165
2166
2166
2166
2166
2166
2166
2166
2167
2167
2167
2167
2168
2168
2168
2169
2169
2169
2169
2170
2170
2170
2170
2171
2172
1144
1144
2173
2173
2173
2173
2173
2173
2173
-1
2174
2174
2174
2175
2175
2175
2175
2175
2176
2176
2176
2176
2176
2176
2176
-1
2177
2177
2177
2178
2178
2178
2178
2179
2179
2179
2179
2179
2179
2179
2179
2180
2180
2180
2180
2180
2180
2180
2181
2181
2181
2181
2181
2181
2181
2181
2182
2182
2182
2182
2183
2183
2183
2183
2183
2183
2183
-1
2184
2184
2184
2185
2185
2185
2185
2185
2185
2186
2186
341
341
341
-1
2187
2187
2187
2187
2187
-1
2188
2188
2188
2188
2189
2189
2189
2189
2190
2190
2190
2190
2190
2190
2191
2191
2191
2191
2192
2192
1017
1017
2193
2193
2193
2193
2193
2194
2194
2194
2194
2194
2194
2195
2195
2195
2195
2195
2195
2195
-1
-1
2196
2196
-1
2197
2197
2197
-1
2198
2198
2198
-1
2199
2199
2199
2200
2200
2200
2200
2201
2201
2202
2202
2202
2202
2202
2202
-1
-1
-1
-1
2203
2203
-1
-1
2204
2204
-1
-1
2205
2205
-1
2206
1396
1396
-1
-1
2207
301
-1
-1
2208
2208
-1
2209
2209
2209
2210
2210
2210
2210
2210
-1
-1
2211
2211
2212
2212
2212
2212
2212
2212
2212
-1
2213
2213
2213
-1
2214
2214
2214
-1
2215
2215
2215
2216
2216
2216
2216
2216
2217
-1
2218
2218
-1
-1
2219
2219
-1
2220
2220
2220
2221
2221
2221
2221
2221
2221
-1
-1
2222
2222
2222
2223
2224
2224
2224
-1
2225
2225
2225
2226
2227
2227
2227
-1
2228
2228
2228
2229
2229
2229
2229
2229
2230
2230
2230
2230
2230
2230
2230
-1
2231
2231
2231
-1
2232
2232
-1
-1
1089
1089
-1
-1
-1
-1
2233
2233
2233
2233
2233
2233
-1
-1
2234
2234
2234
2234
2234
2234
2234
2235
2235
2235
2235
2235
2235
2235
2235
-1
-1
2236
199
2237
2046
2046
2046
2046
2046
2046
-1
-1
-1
-1
-1
2323
2238
2238
-1
651
651
651
2239
2239
2239
2239
2239
2240
2240
2240
2240
2240
-1
2241
2241
2241
2242
2242
2242
2242
2242
2242
2242
2243
2243
2243
2243
2243
2243
2243
2244
214
214
214
-1
-1
-1
2245
2245
2245
2245
-1
2246
2246
2246
2246
2246
2246
2247
2247
2247
2247
2247
2248
839
839
2249
2250
1801
1801
2251
2251
2251
2251
2251
2251
2251
2252
2253
2253
2253
2254
2254
2254
2254
2255
2255
2255
-1
2256
2256
2256
2256
2256
2257
2084
2084
2084
2084
2084
2258
2258
2258
2258
2259
2259
2259
2259
2259
2259
2259
-1
2260
2260
2260
2261
2261
2261
2261
2261
2261
2262
2262
2262
2262
2262
2262
2262
2263
2263
2263
2263
2263
2263
2263
2264
2264
2264
2264
-1
2265
2265
2265
374
2266
2266
2266
2266
2267
2267
2267
2267
2267
2267
2267
2268
2268
2268
278
2269
2269
2269
2269
2270
2270
2270
2270
2271
2271
2271
2271
2272
2272
2272
2272
2273
969
969
969
2274
2274
2274
2274
2275
2275
2275
1446
2276
2276
2276
2276
1524
2277
2277
2277
2277
2278
2278
2278
2278
2279
152
152
152
2280
2280
2280
2280
2280
2281
2281
2281
2281
2282
2282
2282
1607
2283
2283
2283
2283
2284
2285
2285
2285
2286
2286
2286
2286
2287
2287
2287
2287
2288
2288
2288
2288
2289
2289
2289
2289
2290
2290
2290
2290
2290
2290
2290
2291
2291
2291
2292
2292
2292
2292
2293
2293
2293
2293
2293
2293
2293
2294
2294
2294
2294
2295
2295
2295
2295
-1
2296
2296
2296
2296
2296
2296
2296
-1
-1
2297
2297
-1
-1
2298
2298
2298
2298
2298
2298
-1
2299
2299
1148
-1
2300
2300
-1
2301
2301
2301
-1
2302
2302
2302
2303
2303
2303
2303
2303
2303
2303
-1
2304
2304
2304
-1
2305
2305
2305
2306
2306
2306
2306
2306
2306
2306
2307
2307
2307
2307
2307
2308
-1
2309
2309
-1
-1
2310
2310
-1
-1
504
504
-1
2311
2311
2311
-1
2312
2312
2312
-1
2313
2313
2313
-1
-1
2314
2314
-1
-1
2315
2315
2316
2316
2316
2316
2316
2316
2317
2317
2317
2317
2317
2317
2317
-1
1027
1027
1027
2318
2318
2319
2319
2319
2319
2320
2320
2320
2320
2320
2320
2320
2321
2321
2321
2321
2321
2321
2321
-1
493
2322
2322
2323
2324
2325
2325
-1
2326
2326
2326
2327
-1
633
633
-1
2328
2328
2328
-1
2329
2329
2329
2329
2329
2329
2329
-1
2330
2330
2331
2331
2331
2331
2331
2331
2331
2332
2332
2332
2332
2332
2333
1185
1185
1185
2334
2334
2334
2334
2334
2335
2335
2335
2335
2335
2335
2336
2336
2336
2336
2336
2336
2336
2337
2337
2337
2337
-1
2338
2338
2338
-1
2339
2339
2339
-1
2340
2340
1917
-1
2341
2341
2341
2342
2342
2342
2342
-1
2343
2343
2343
-1
2344
2344
2344
-1
2345
2345
2345
-1
2346
2346
2346
2347
2347
2347
2347
2347
2348
2348
2348
2348
2348
2349
2349
2349
2349
2349
2349
2349
2350
2350
2350
2350
2350
2350
-1
2351
948
948
-1
2352
2352
518
2353
1113
2354
1739
1739
-1
2355
2355
2355
-1
2356
2356
2356
-1
2357
2357
2357
-1
2358
2358
2358
-1
2359
2359
2359
-1
2360
2360
2360
2361
2361
2361
2361
2362
2362
2362
-1
2363
2363
2363
2364
2364
2365
2365
2365
2366
2366
2366
-1
2367
2367
2367
-1
2368
299
299
1473
2369
2369
2370
2370
2370
2370
2370
2370
2370
2371
1802
1802
1802
1802
1802
1802
2372
2372
2372
2372
2373
2373
2373
2373
2374
1457
1457
1457
2375
2375
2375
2375
2375
2375
2375
2376
2376
2376
2376
2376
2376
2376
2377
2377
2377
2377
2377
2378
2378
2378
2378
2378
2378
2378
-1
2379
2379
2379
2380
2381
2381
-1
2382
2382
2382
2383
2383
2383
2383
2383
2383
2384
2384
2384
2384
2384
-1
2385
2385
2385
2386
2386
2386
2386
2386
2386
2386
-1
2387
2387
2388
2389
2389
2389
-1
2390
2390
-1
2391
2391
2391
-1
2392
2392
2392
-1
1545
1545
1545
-1
2393
2393
2393
-1
2394
2394
2394
-1
-1
2395
2395
-1
-1
-1
2396
2396
2396
2396
2396
2396
2396
2397
2397
2398
2398
2398
2398
2399
2399
2399
2399
2399
2399
2399
2399
2400
2400
2400
2400
2400
-1
-1
2401
2401
2401
2401
2401
2401
2401
-1
2402
2402
2402
2403
2403
2403
2403
2403
2403
2403
-1
2404
2404
2404
-1
2405
2405
2405
2406
2406
2406
2406
2406
2407
2407
2407
2407
2408
2408
2408
2408
2408
2408
2408
2409
2409
2410
2410
2410
2410
2411
2411
2411
2411
2412
2412
2412
2412
2413
214
214
214
-1
2414
2414
2414
2414
2415
491
491
491
-1
2416
2416
2416
2416
2417
2417
2417
2417
2417
2417
2417
-1
2418
2418
2418
2418
2418
2418
2418
2419
473
473
473
2420
2420
2420
2421
2421
2421
2421
2421
2421
2422
2422
2422
2422
2422
2422
2422
2423
2373
2373
2373
2424
2424
2424
2424
2425
2425
2425
2425
2426
2426
2426
2426
2426
2426
2426
2427
2427
2427
2427
2427
2427
2427
2428
2428
2428
2428
2428
2428
2428
2429
2429
2429
2430
2430
2430
2430
2430
2430
2431
2431
2431
2431
2432
2432
2432
2432
2433
2433
2434
2434
2434
2435
2435
2435
2435
2435
2435
2436
2436
2436
2436
2436
2436
2436
-1
-1
2437
2437
1451
1451
1451
2438
2438
2438
2438
2438
2439
2439
2439
2439
2439
2439
2439
2440
2440
2440
2440
2440
2440
2440
2441
2441
2441
2441
2442
2442
2442
2442
2443
2443
2443
2443
2444
2444
2444
2444
2444
2444
2444
2445
2445
2445
2446
2446
2446
2446
2447
2447
2447
2447
2447
-1
2448
2448
2448
2448
2448
2449
2449
2449
2449
2449
2449
2449
2449
2450
2450
2450
2450
2451
2111
2111
2111
2111
2111
2111
2452
2452
2452
2452
2452
-1
2453
2453
2453
783
2454
2454
2454
2454
2455
2455
2455
2455
2455
2455
2456
2456
2456
2456
2456
2457
2457
2457
2458
2458
2458
2458
2458
-1
2459
2459
2459
2460
2460
2460
2460
2460
2460
2460
-1
2461
2461
2461
-1
2462
2462
2462
2463
2463
2463
2463
2464
2464
2464
2465
2023
2023
2023
2023
2023
2466
2466
2466
2466
2466
2466
2466
2467
2108
2108
2108
2468
2468
2468
2468
2468
2469
2469
2469
2469
2470
706
706
706
2471
2471
2471
2471
2472
861
861
861
2473
2473
2473
2473
-1
2474
2474
2474
2475
2475
2475
2475
2476
2476
2476
2476
2477
2477
2477
2478
2478
626
626
2479
2479
2479
2479
2480
2480
2480
2481
2481
2481
2481
2481
2482
2482
2482
2482
2482
2482
2482
2482
2483
2483
2483
2483
2483
2483
2484
2484
2484
2484
2484
2484
2485
2485
2485
2485
2485
2485
2485
2486
2486
2486
2487
2487
2487
2487
2488
2488
2488
2488
2489
2489
2489
2489
2489
2489
2489
2490
2490
2490
2490
2490
-1
-1
-1
-1
-1
-1
-1
-1
2491
2491
2491
2491
2491
2491
2491
2492
2492
2492
2493
2493
2493
2493
2494
2494
2494
2494
2495
2495
2495
2495
2496
2496
2496
2496
2496
2496
2497
2497
2497
2497
2497
2497
2497
-1
-1
2498
2498
2498
2498
-1
2499
2499
2499
-1
2500
2500
2500
-1
2501
2501
2501
2502
2502
2502
2502
2502
2502
-1
2503
2503
2503
-1
2504
2504
2504
-1
2505
2505
2505
-1
2506
2506
2506
2507
2507
2507
2507
2507
2507
2508
2508
2508
2508
2508
2508
2509
2509
2509
2509
2509
2509
2509
2510
2510
2510
2510
2510
2510
2510
-1
2511
2511
2511
2512
2512
2512
2512
2513
2513
2513
-1
-1
2514
2514
2514
2514
-1
2515
2515
2515
-1
2516
2516
2516
2517
2518
2518
2156
-1
2519
2519
2519
-1
2520
2520
2520
2521
2522
2522
2522
-1
2523
2523
1285
2524
2524
2524
2524
2525
2525
2525
2525
2526
2526
1456
2527
693
693
2528
2528
2528
2528
2529
2529
2529
2529
2529
2530
2530
2530
2530
2530
2530
2530
-1
2531
1451
1451
2532
2532
2532
2532
2532
-1
2533
2533
2533
2533
2533
2533
2534
2534
2534
2534
2535
2535
2535
-1
2536
374
374
-1
2537
2537
2537
2538
2538
2538
2538
2538
2538
2538
-1
2539
2539
2539
-1
2540
2540
2540
2541
2541
2541
2541
2542
2542
2542
2543
2543
2543
2543
2543
2543
2543
2544
2544
2544
2544
2544
2545
2545
2545
2546
2546
2546
2547
2547
2547
-1
-1
2548
2548
2548
-1
2549
2549
2549
2550
2550
2550
2550
2550
2550
2550
-1
2551
2551
2551
-1
2552
2552
2552
2553
2553
2553
2553
-1
2554
2554
2554
2555
2555
2555
2555
2556
2556
2556
219
-1
2557
2557
2557
-1
2558
2558
2558
-1
2559
2559
2559
-1
2560
2560
2560
-1
2561
2561
641
-1
2562
2562
2562
-1
2563
2563
2563
2564
2564
645
645
-1
2388
2388
2388
2565
2565
-1
2566
2566
688
-1
2130
1486
1486
2567
2567
2567
2567
2567
2567
2567
2568
2568
2568
2568
2568
2568
2569
2569
2569
2569
2569
2570
2571
2571
2571
-1
2572
2572
2572
2573
2573
2573
2573
2573
-1
2574
2574
2574
2575
2575
2575
2575
2575
2575
2575
2576
1342
2577
2577
2578
2578
2578
2578
2578
2578
2578
-1
2579
2579
-1
2580
2580
2581
2581
2582
2582
2582
2582
2582
2582
2582
2583
2583
2583
2583
2583
2583
2583
2584
2584
2584
2584
2584
2585
2585
2585
2585
2585
2585
2586
2586
2586
2586
2587
81
81
81
2588
2588
2588
2588
2588
2588
2588
2589
2589
2589
2589
2590
2590
2590
2590
2590
2591
2591
2591
2591
2592
2592
2592
2592
2593
2593
2593
2593
2594
2594
2594
2594
2595
2595
2595
2595
2596
2596
2596
2596
2596
2596
2596
2596
2597
2597
2597
2597
2598
2521
2521
2521
2599
2599
2599
2599
2600
2600
2600
2600
2601
2601
2601
2601
2602
2602
2602
2602
2602
2602
2602
2603
2603
2603
2603
2604
2604
2604
355
2605
2605
2605
2605
2606
2606
2606
2135
2607
156
156
156
2608
2608
2608
2608
2609
2609
2609
2609
2609
2609
2609
2610
2610
2610
2610
2610
2610
2611
2611
2611
2611
2612
2612
2612
2612
2613
704
704
2614
2614
2614
2614
2615
2615
2615
2615
2616
2616
2616
2617
2617
2617
2618
2487
2487
2487
2619
2619
2619
2619
2620
2620
2620
2620
2621
2621
2621
2621
2622
2622
2622
2622
2622
2623
2623
2623
2623
2623
2623
2623
2624
2624
992
992
2625
2625
2625
2625
2625
2625
2625
2626
2626
2626
2626
2626
2626
2627
2627
2627
2627
2627
2627
-1
2628
2628
2628
-1
2629
2629
2629
-1
2630
2630
2630
-1
2631
2631
2631
-1
2632
2632
2632
2633
2633
2633
2633
2633
2633
2633
2634
2634
2634
2635
2635
2635
2635
2635
2635
2635
2636
2636
2636
2636
2637
2637
2637
2637
2637
2637
2637
2637
2638
2638
2638
2638
2638
2638
2638
2639
2639
2639
2639
2639
2639
2639
-1
2640
2640
2640
2641
2641
2641
2641
2641
2641
2641
-1
2642
2642
2642
-1
2217
-1
2643
2643
2643
2643
2643
2644
2644
2644
2644
2645
2646
571
571
2647
2647
2647
2647
2648
2648
2648
2648
2648
1875
2649
2649
-1
-1
17
-1
2650
58
58
58
58
58
2651
2651
2651
2651
2651
2651
2651
2652
2652
2652
2652
2652
-1
-1
2653
2653
2654
2654
2654
2654
2654
2654
2654
-1
-1
-1
2655
2655
2656
2656
2656
2656
2656
-1
2657
2657
-1
2658
2658
2658
-1
2659
2659
2660
2660
2660
2660
2660
-1
2661
2661
2661
-1
2662
2662
2662
2663
2663
2663
2663
2663
2663
2664
2664
2664
2664
2664
2664
-1
-1
2665
2665
2666
2666
2666
2666
2666
2666
-1
-1
2667
2667
-1
-1
2668
2668
-1
-1
2669
2669
-1
-1
2670
2670
2670
2670
2671
1634
1634
1634
-1
2672
2672
2672
2673
2673
2673
2673
2674
2674
2674
2674
-1
-1
2675
2675
2675
2676
2676
2676
2676
2677
2677
2678
2678
2678
2678
2678
2678
2678
2679
2679
546
546
2680
2680
1978
1978
