-1
0
0
0
1
1
1
1
1
1
1
2
2
2
2
2
-1
3
3
3
-1
4
4
4
-1
5
4
4
-1
6
5
4
-1
7
7
7
8
8
8
8
8
9
9
9
9
9
10
10
10
10
10
-1
11
11
11
-1
12
12
12
-1
13
13
13
-1
14
14
14
15
15
15
15
-1
16
16
16
-1
17
17
17
-1
18
18
18
19
19
19
-1
20
20
20
21
22
22
22
-1
23
23
23
-1
-1
-1
24
24
24
-1
25
25
25
-1
26
26
26
-1
27
27
27
-1
28
28
28
-1
29
29
29
-1
30
30
30
-1
31
31
31
-1
32
32
32
-1
33
33
33
-1
34
34
34
-1
35
35
35
36
36
36
36
36
-1
37
37
37
38
38
38
38
38
38
38
38
39
39
39
39
39
39
40
40
40
-1
41
41
41
-1
42
42
42
43
44
44
44
45
45
45
46
46
46
46
46
46
46
47
47
47
48
48
48
48
48
48
48
48
49
49
49
49
49
-1
50
50
50
51
51
51
51
-1
52
52
52
53
53
53
54
54
54
54
54
55
55
55
55
56
56
-1
57
57
57
57
57
57
57
57
-1
58
58
58
-1
59
59
59
-1
60
60
60
-1
61
61
61
62
62
62
63
63
63
63
63
64
64
64
64
64
65
65
65
65
66
66
66
66
66
67
67
67
67
68
68
68
68
69
69
69
69
70
70
70
70
71
71
71
71
-1
72
72
72
72
72
72
-1
73
73
73
74
74
74
74
74
74
74
74
-1
75
75
75
-1
76
76
76
-1
77
77
77
78
78
78
78
78
78
78
79
79
79
79
79
79
79
80
80
80
80
80
80
80
81
81
81
81
81
82
82
82
82
83
83
83
83
83
83
83
84
84
84
84
84
84
85
85
85
85
-1
86
86
86
87
87
87
87
87
87
87
88
88
88
88
89
89
89
89
90
90
90
90
91
91
91
91
-1
92
92
92
93
93
93
93
94
94
94
94
94
95
95
95
95
96
96
96
96
97
97
97
97
98
98
98
98
99
99
99
99
100
100
100
100
-1
101
101
101
-1
102
102
102
-1
103
103
103
-1
104
104
104
-1
105
105
106
106
106
106
106
106
106
107
107
107
107
107
107
107
-1
108
108
108
109
109
109
109
109
109
-1
110
110
110
-1
111
111
111
-1
112
112
112
113
113
113
113
113
113
113
114
114
114
114
114
114
-1
115
115
115
-1
116
116
116
-1
117
117
117
118
118
118
118
119
119
119
119
119
119
119
119
120
120
120
120
121
121
121
121
122
122
122
122
123
123
123
123
123
123
123
124
124
124
124
124
124
125
125
125
125
126
126
126
126
127
127
127
127
128
128
128
128
129
129
129
129
130
130
130
130
131
131
131
132
132
132
133
133
133
133
133
133
134
134
134
134
134
134
134
135
135
135
135
135
-1
136
136
136
136
136
136
137
137
137
137
137
137
137
138
138
138
138
138
138
139
139
139
139
139
139
139
-1
140
140
141
141
-1
142
142
142
143
143
143
143
143
143
144
144
144
144
144
144
145
145
145
145
145
146
146
146
146
146
146
146
-1
147
147
147
-1
148
148
148
-1
149
149
149
-1
150
150
-1
151
151
151
152
152
152
152
152
152
152
-1
153
153
153
-1
154
154
154
-1
155
155
155
155
-1
-1
156
156
-1
157
157
157
-1
158
158
158
-1
159
159
159
-1
-1
160
160
161
161
161
161
161
161
161
-1
162
162
162
162
162
163
163
163
163
163
163
164
164
165
165
165
165
165
166
166
166
166
166
166
166
167
167
167
167
167
167
168
169
169
169
169
169
169
170
170
170
170
171
171
171
171
171
-1
172
172
172
-1
173
173
173
-1
174
174
174
175
175
175
175
-1
176
176
176
-1
177
177
177
178
178
178
178
179
179
179
179
179
179
179
180
180
180
181
181
181
182
182
183
183
184
184
185
185
185
185
185
185
185
185
186
186
186
186
-1
187
187
187
188
188
188
188
188
188
188
189
189
189
189
189
189
189
190
190
190
190
191
191
191
191
192
192
192
192
193
193
193
193
193
193
193
194
194
194
194
-1
195
195
195
196
196
196
196
197
197
197
197
198
198
198
198
198
199
199
199
199
199
199
199
-1
200
200
200
201
201
201
201
201
201
202
202
202
202
202
203
203
203
203
203
203
204
204
205
205
205
-1
206
206
206
207
207
207
207
207
207
207
207
-1
208
208
208
209
209
209
209
209
209
209
210
210
210
211
211
211
211
211
211
211
212
212
212
212
212
212
212
-1
213
213
213
214
214
214
214
215
215
215
216
216
216
216
216
216
216
-1
217
217
217
218
218
219
219
219
220
220
220
221
221
221
222
222
222
222
223
223
223
223
224
224
224
224
224
224
224
225
225
225
225
226
226
226
226
227
227
227
227
227
228
228
228
228
228
228
228
229
229
229
229
230
230
230
-1
-1
-1
231
231
231
231
231
-1
232
232
232
233
233
233
234
234
234
234
235
235
235
235
235
235
236
236
236
236
236
236
237
237
237
237
237
238
238
238
238
239
239
239
239
239
239
239
239
-1
-1
240
240
240
241
241
241
241
241
241
241
242
242
242
242
242
242
242
-1
243
243
243
-1
244
244
-1
245
245
246
-1
247
247
247
247
247
247
248
248
248
-1
249
249
249
250
250
250
250
250
251
251
251
251
251
251
251
252
252
252
252
252
252
252
253
253
253
253
253
253
253
254
254
254
254
254
254
254
255
255
255
255
255
255
255
256
256
256
256
256
256
257
257
257
257
258
214
214
214
259
259
259
259
-1
260
260
260
261
261
261
262
262
262
-1
263
263
263
264
264
264
265
265
265
265
265
265
265
-1
266
266
266
267
267
267
267
267
267
267
268
268
268
268
268
269
269
269
269
269
270
270
270
270
270
270
-1
-1
-1
271
271
271
-1
272
272
272
273
273
273
273
274
274
274
274
274
275
275
275
275
276
276
276
276
277
277
277
278
278
278
278
278
278
278
279
279
279
279
279
280
280
280
280
280
280
280
281
281
281
281
282
282
282
282
283
283
283
283
283
283
283
284
284
284
284
284
285
285
285
286
286
286
286
286
286
286
-1
287
287
287
288
288
288
289
289
289
289
289
290
290
290
290
291
291
291
291
291
292
292
292
292
293
293
293
293
293
293
293
293
294
294
294
294
294
294
294
294
295
295
295
295
295
295
295
296
296
296
296
296
297
297
297
297
297
-1
298
298
298
-1
-1
-1
299
299
-1
-1
300
300
-1
-1
301
301
-1
-1
302
302
303
303
303
303
303
303
303
304
304
304
304
304
304
304
-1
-1
305
305
-1
-1
306
29
-1
-1
-1
-1
-1
307
307
-1
-1
308
308
-1
-1
309
86
-1
-1
310
310
-1
311
311
312
312
312
312
312
-1
313
313
313
313
313
313
-1
-1
-1
-1
314
314
-1
-1
315
315
-1
316
316
-1
317
317
317
317
318
318
318
318
318
318
318
319
319
319
319
319
-1
320
320
320
-1
321
321
-1
322
322
322
323
323
323
323
323
323
323
323
-1
324
324
324
-1
325
325
325
325
325
325
325
326
326
326
326
327
327
327
327
328
328
328
328
329
329
329
329
329
330
330
330
330
331
331
331
331
332
332
332
332
332
332
332
333
333
333
333
333
333
334
334
334
334
334
334
-1
335
335
335
335
335
336
336
336
336
336
336
336
337
337
337
337
337
337
337
338
338
338
338
338
338
339
339
339
339
339
339
339
-1
340
340
340
340
341
341
341
341
342
342
342
342
343
343
343
343
343
343
343
343
344
344
344
344
344
344
345
345
345
345
346
346
346
346
347
347
347
347
348
348
348
348
349
168
350
350
350
350
351
351
351
352
352
352
352
352
353
353
353
353
354
354
354
354
355
355
355
355
356
356
356
356
357
357
357
357
357
357
357
358
358
358
358
-1
359
359
-1
360
360
360
-1
361
361
362
362
362
362
362
362
-1
363
363
363
-1
364
364
364
365
365
365
365
365
365
365
-1
366
366
366
367
367
367
367
367
367
367
368
368
368
368
368
368
368
-1
369
369
369
-1
370
370
370
371
371
372
372
372
372
372
372
372
-1
-1
373
373
374
374
374
374
374
374
374
375
375
375
375
375
376
376
376
376
376
376
377
377
377
377
378
378
379
379
379
379
379
379
379
380
380
380
380
380
380
380
-1
381
381
381
-1
382
382
382
-1
383
383
383
384
384
384
384
384
385
385
385
385
385
386
386
386
386
386
387
387
387
387
387
388
388
388
388
-1
389
389
389
-1
390
390
390
391
391
391
391
-1
392
392
392
393
393
393
393
393
393
-1
394
394
394
394
394
394
394
395
395
395
395
395
395
395
396
396
396
396
396
396
396
397
397
397
154
-1
398
398
398
-1
399
399
399
400
400
400
-1
401
401
401
402
402
402
402
403
403
403
403
403
403
-1
404
404
404
404
405
405
405
405
405
405
406
406
406
406
406
406
406
407
407
407
407
407
407
408
408
408
408
408
408
409
409
409
409
410
410
410
410
-1
411
411
411
412
412
412
412
412
413
413
413
413
413
414
414
414
414
414
414
414
415
415
-1
416
416
416
-1
417
417
417
-1
418
418
418
-1
419
419
419
420
420
420
420
-1
421
421
421
422
422
422
422
423
423
423
423
423
424
424
424
425
425
425
425
426
426
426
426
426
-1
-1
427
427
-1
638
-1
-1
428
428
-1
429
429
429
-1
430
430
-1
431
432
432
-1
433
433
433
434
434
434
434
434
434
434
435
435
435
435
435
435
435
-1
436
436
436
437
437
437
437
438
438
438
439
439
439
439
439
439
439
440
440
440
440
440
440
-1
-1
441
441
-1
442
442
442
443
443
443
443
443
443
443
-1
444
444
444
445
445
445
445
446
446
446
446
447
447
447
447
447
447
447
447
448
448
448
448
448
448
448
448
449
449
449
450
450
450
450
450
450
450
450
451
451
451
451
452
452
452
452
453
453
454
454
454
454
454
454
454
455
455
455
455
456
456
456
456
456
-1
457
457
458
458
458
459
459
459
459
459
459
459
-1
460
460
460
461
461
461
461
462
462
462
462
463
463
463
463
463
464
464
464
464
465
465
465
465
465
465
465
466
466
466
466
-1
-1
467
467
467
467
468
468
468
468
-1
469
469
470
470
470
470
470
470
470
-1
471
471
471
472
472
-1
473
473
473
-1
474
474
474
-1
475
475
475
-1
476
476
476
477
477
477
477
478
478
479
479
480
480
480
480
481
481
481
481
482
482
482
482
-1
-1
-1
-1
-1
483
483
483
483
484
43
43
43
485
485
485
485
486
486
486
486
487
487
487
487
487
487
488
488
488
489
489
489
-1
490
490
-1
-1
491
491
-1
-1
492
492
493
493
-1
494
494
-1
495
495
495
-1
496
496
496
496
497
497
497
497
497
498
498
498
498
498
498
498
498
-1
499
499
499
499
500
500
500
500
500
501
501
501
501
501
501
501
-1
502
502
-1
503
503
503
504
504
504
504
504
505
505
505
505
505
505
506
506
506
507
507
507
508
508
508
508
509
509
509
-1
510
510
510
511
511
511
512
512
512
513
513
513
513
-1
514
514
514
515
515
515
515
516
516
516
516
517
517
517
-1
518
518
518
-1
519
519
519
-1
520
520
520
-1
521
521
521
522
522
522
522
523
523
523
524
524
524
524
524
524
524
525
525
525
525
525
526
526
526
526
527
527
527
527
528
528
528
528
529
529
529
529
530
530
530
530
531
531
531
532
532
532
532
533
533
533
533
534
534
534
534
535
535
535
535
-1
536
536
536
537
537
537
537
-1
538
538
538
539
539
539
539
-1
540
540
540
-1
541
541
-1
542
542
542
-1
543
543
543
-1
544
544
544
-1
545
545
545
546
546
546
547
547
547
547
547
547
547
548
548
548
548
548
548
548
549
549
549
549
549
549
550
550
550
550
550
550
551
551
551
551
551
551
552
552
552
552
552
552
553
553
553
554
554
554
554
555
555
555
555
556
556
556
556
556
556
556
557
557
557
557
557
557
557
558
558
558
558
559
559
559
559
559
560
560
560
560
560
560
560
561
561
561
-1
562
562
562
563
563
563
563
564
564
564
564
564
564
564
565
565
566
566
566
566
567
567
567
567
567
568
568
568
568
569
569
569
569
570
570
570
571
571
571
571
571
571
572
572
572
572
572
573
573
573
574
574
574
574
575
575
575
575
-1
576
576
576
577
577
577
577
-1
578
578
578
579
579
579
579
579
579
579
580
580
581
581
581
581
581
582
582
582
582
583
583
583
583
584
584
584
584
585
585
585
585
586
586
586
586
-1
587
587
588
588
588
588
-1
589
589
589
589
589
589
590
590
590
590
590
590
-1
591
591
591
592
592
592
592
592
592
593
593
593
593
593
594
594
594
594
595
595
595
595
595
595
595
596
596
596
596
596
596
-1
-1
597
597
-1
598
598
598
-1
599
599
599
600
600
600
600
600
600
-1
601
601
601
-1
602
602
602
-1
603
603
603
604
604
604
604
604
604
604
-1
-1
605
605
605
-1
606
606
606
-1
607
607
607
-1
608
608
608
-1
609
609
609
610
610
610
610
610
610
610
-1
611
611
611
-1
612
612
612
613
613
613
613
613
613
613
614
614
614
614
614
614
614
-1
615
615
615
-1
-1
616
616
-1
-1
617
617
-1
-1
-1
618
618
618
-1
619
619
619
-1
-1
620
620
-1
621
621
-1
622
622
622
623
623
623
623
623
623
-1
-1
624
624
-1
-1
625
625
-1
626
626
626
-1
627
627
627
628
463
463
463
-1
629
629
-1
630
630
630
-1
631
631
631
632
632
632
632
632
632
633
633
633
633
633
633
633
634
634
634
634
634
634
634
-1
635
635
635
635
635
635
636
636
636
636
636
636
636
-1
-1
637
637
637
637
637
637
-1
-1
-1
-1
638
639
639
639
640
640
640
641
641
641
642
643
643
643
643
643
-1
644
644
-1
-1
-1
-1
-1
-1
645
645
-1
-1
-1
-1
-1
646
646
646
646
-1
647
647
647
648
649
649
649
-1
-1
650
650
651
651
651
651
651
651
651
-1
652
652
652
652
-1
648
648
648
648
653
637
637
637
637
637
-1
654
654
-1
655
655
655
655
656
656
656
656
656
656
656
-1
657
657
657
-1
658
658
658
658
659
659
659
659
659
659
659
-1
-1
660
660
-1
661
661
661
-1
-1
662
662
-1
-1
663
663
-1
664
664
664
-1
665
665
665
665
665
665
666
666
667
667
667
667
-1
668
668
668
668
668
668
669
669
669
669
669
670
670
670
671
671
671
671
-1
672
672
672
673
673
673
673
674
674
674
-1
-1
675
675
675
675
675
675
675
676
676
676
676
676
676
677
677
677
677
678
678
679
679
679
679
680
680
680
681
681
681
-1
682
682
682
-1
-1
683
683
683
-1
684
684
-1
685
685
685
686
686
686
686
686
686
687
687
687
687
687
687
687
-1
688
688
688
-1
689
689
689
690
690
690
690
690
690
691
691
691
691
691
691
692
692
692
692
692
-1
693
693
694
694
694
-1
695
695
695
-1
696
696
696
-1
-1
697
697
-1
-1
698
698
-1
699
699
699
-1
-1
700
700
701
701
701
701
701
701
701
-1
702
702
702
-1
703
703
703
-1
704
704
704
-1
705
705
705
706
706
706
706
706
707
707
707
707
707
707
707
708
708
708
708
708
708
708
-1
709
709
709
-1
710
710
710
-1
711
711
712
712
712
713
713
713
714
714
714
714
-1
715
715
715
716
716
716
716
716
716
716
717
717
717
718
718
718
718
719
719
719
719
720
720
720
720
721
721
721
721
721
721
721
722
722
722
722
723
723
723
723
724
724
724
724
724
724
725
725
725
725
725
725
725
726
726
726
726
727
727
727
727
728
728
728
728
729
729
729
730
730
731
731
731
731
731
731
731
732
732
-1
733
733
733
-1
734
734
734
735
735
736
736
-1
737
737
737
738
738
738
738
-1
739
739
739
740
740
740
740
740
741
741
741
741
-1
742
742
742
743
743
743
743
-1
744
744
744
744
744
744
744
745
745
745
745
745
745
746
746
746
746
746
746
746
747
747
747
747
748
748
748
748
749
749
749
749
750
750
750
750
751
751
751
751
751
752
752
752
752
753
753
753
753
754
754
754
754
755
755
755
755
756
756
756
756
757
757
757
757
758
758
758
759
759
759
759
760
760
760
760
760
760
760
761
761
761
761
762
762
762
762
762
763
763
763
763
764
764
765
765
765
765
766
766
766
766
766
766
766
766
767
767
768
768
768
768
768
768
768
769
769
769
769
769
-1
770
770
770
770
770
770
770
771
771
771
771
772
772
772
772
772
772
772
772
773
773
773
773
774
774
774
774
775
775
775
775
776
776
776
776
777
777
777
777
777
777
777
777
778
778
778
778
779
779
779
779
780
780
780
780
781
781
781
781
782
782
782
783
783
783
783
783
783
783
784
784
784
784
784
784
784
784
785
785
785
785
786
786
787
787
787
787
787
787
787
787
-1
788
788
788
788
789
789
790
790
790
790
791
791
791
791
791
791
792
792
792
792
792
793
793
793
793
793
793
794
794
794
794
794
794
794
795
795
795
795
795
795
796
796
796
-1
797
797
797
797
797
797
797
798
798
799
799
799
799
799
799
800
800
800
800
-1
801
801
801
-1
802
802
802
803
803
803
803
803
804
804
804
804
804
804
805
805
805
805
805
-1
-1
806
806
806
806
807
807
807
807
807
807
808
808
808
808
808
809
809
809
809
809
809
810
810
810
810
810
810
811
811
811
811
811
811
811
812
812
812
812
813
813
813
813
814
814
814
814
814
814
814
-1
815
815
815
-1
816
816
44
-1
817
817
817
818
818
818
818
818
818
818
819
819
819
-1
820
820
820
-1
821
821
821
822
822
822
822
823
823
823
824
824
824
824
824
824
824
-1
825
825
825
-1
826
826
826
-1
827
827
827
-1
828
828
828
-1
829
829
829
-1
830
830
830
-1
831
831
831
-1
832
832
832
-1
833
833
833
834
834
834
834
834
834
834
835
835
835
835
835
835
835
836
836
836
836
836
837
837
837
-1
838
838
839
839
839
-1
840
840
840
-1
841
841
841
842
842
842
842
-1
843
843
843
844
844
844
844
844
844
844
845
845
845
845
-1
846
846
846
847
847
847
847
848
848
848
848
-1
849
849
850
850
850
850
850
850
-1
851
851
851
-1
852
852
852
853
853
853
853
853
854
854
854
854
854
854
854
854
-1
855
855
855
856
856
856
856
856
856
856
857
857
857
857
-1
858
858
858
859
859
859
859
860
860
861
861
861
862
862
862
862
863
863
863
863
863
863
863
863
864
864
864
864
865
865
865
865
866
866
866
866
866
866
867
867
867
867
867
868
868
868
868
868
868
869
869
870
870
870
870
870
870
870
871
871
872
872
872
873
873
873
873
873
873
874
874
874
875
875
875
875
876
876
876
876
877
877
877
877
878
878
878
878
879
879
879
879
879
879
879
879
880
880
880
880
880
880
881
881
881
881
881
881
882
882
883
883
883
883
884
884
884
884
885
885
885
885
886
886
886
886
887
887
887
887
887
887
887
888
888
888
888
889
889
889
889
890
890
890
245
891
891
891
891
892
892
892
892
893
893
893
893
894
894
894
894
894
895
895
895
895
895
895
896
896
896
896
896
896
896
897
897
897
897
898
898
898
898
899
899
899
899
900
900
900
900
900
900
901
901
901
901
902
902
902
902
902
902
902
902
903
903
903
903
-1
904
904
905
905
905
905
905
906
906
906
906
906
906
906
907
907
907
907
907
-1
908
908
908
908
908
-1
909
909
909
910
910
910
910
910
-1
911
911
911
-1
912
912
912
913
913
913
913
913
913
914
914
914
914
914
914
914
915
915
915
915
915
915
915
916
916
916
916
916
560
560
917
917
917
918
918
918
-1
919
919
919
-1
920
920
920
-1
-1
921
921
922
922
922
922
922
923
923
923
923
923
-1
-1
924
924
924
-1
925
925
925
-1
-1
926
926
-1
927
927
927
-1
928
928
928
929
929
929
929
929
-1
930
930
930
930
930
930
930
931
931
931
931
931
931
931
931
932
932
932
932
932
932
933
933
933
933
933
933
933
934
934
934
934
934
934
934
-1
935
935
-1
936
936
-1
-1
937
937
-1
938
938
938
-1
939
939
939
940
940
940
940
940
-1
941
941
941
-1
942
942
942
-1
943
943
-1
944
944
944
-1
945
945
945
-1
-1
946
946
947
947
947
947
947
947
947
948
948
948
948
948
948
948
-1
949
949
-1
950
950
950
-1
951
951
951
-1
-1
952
952
953
953
953
953
953
-1
431
-1
954
954
954
954
954
955
955
955
955
955
955
955
956
956
957
957
957
958
958
959
959
959
959
960
960
960
960
961
961
961
961
962
962
962
963
963
963
963
963
-1
964
964
964
965
965
965
965
965
965
965
966
966
966
966
-1
967
967
967
968
968
968
968
968
968
-1
969
969
969
-1
970
970
543
971
971
971
971
971
971
971
