0
0
0
0
0
-1
1
1
1
-1
2
2
-1
3
3
3
-1
4
4
4
-1
5
5
5
5
5
5
5
-1
6
6
6
7
7
7
7
8
8
8
8
8
9
9
9
9
10
10
10
10
11
11
11
11
12
12
12
12
-1
13
13
13
14
14
14
14
14
-1
15
15
15
-1
16
16
16
-1
17
17
-1
18
18
18
-1
19
19
19
20
20
20
20
21
21
21
21
22
22
23
23
23
23
23
23
23
23
-1
24
24
25
25
25
25
25
26
26
26
27
27
27
27
28
28
28
28
29
29
29
30
30
30
30
30
30
31
-1
-1
-1
-1
32
32
32
-1
33
6
6
34
34
34
34
-1
35
35
35
-1
36
36
36
37
37
37
37
37
38
31
39
39
39
40
40
40
40
-1
41
41
42
42
42
42
-1
43
43
44
44
44
44
45
45
45
45
46
46
46
46
47
47
47
47
48
48
48
48
48
48
48
49
49
49
49
50
50
50
50
51
51
51
51
52
52
52
52
53
53
53
53
54
54
54
54
55
55
55
55
56
56
57
57
58
58
58
59
59
59
59
59
59
59
59
60
60
60
60
60
60
61
61
61
61
61
61
61
62
62
62
62
63
63
63
64
64
64
64
65
65
65
65
65
65
66
66
66
66
66
67
67
67
67
67
67
68
68
68
68
68
68
68
69
69
69
69
69
70
70
70
70
70
70
70
71
71
71
72
72
72
72
73
73
73
73
73
74
74
74
74
75
75
75
75
76
76
76
76
77
77
77
77
-1
78
78
78
79
79
79
79
79
79
79
79
80
-1
81
81
-1
-1
82
82
-1
83
83
83
84
84
85
85
85
85
86
86
86
86
87
87
87
88
88
88
88
88
89
89
89
89
89
90
90
90
90
90
91
91
91
91
-1
92
92
92
93
93
93
93
-1
94
94
94
-1
95
95
95
96
96
97
97
97
97
97
97
97
-1
98
98
98
-1
99
99
99
-1
100
100
100
101
101
101
101
101
101
101
102
102
103
103
103
104
104
104
104
104
104
104
105
105
105
105
105
105
106
106
106
106
106
106
106
106
107
107
107
107
107
107
107
-1
-1
108
108
108
-1
109
109
109
-1
110
110
110
-1
111
111
111
112
112
112
112
112
113
113
113
113
113
113
-1
114
114
114
115
115
115
115
-1
116
116
116
-1
117
117
118
118
118
118
118
-1
119
119
119
-1
120
120
120
121
121
121
121
121
-1
122
122
122
123
123
123
123
123
124
124
-1
125
125
125
126
126
126
126
-1
127
127
127
-1
128
128
128
-1
-1
-1
129
129
129
130
130
130
130
130
130
130
131
131
131
131
131
131
131
-1
132
132
132
-1
133
133
133
-1
134
134
134
-1
135
135
135
-1
136
136
137
137
137
137
137
137
137
138
138
138
138
138
-1
139
139
139
140
140
140
140
140
-1
141
141
141
141
141
141
141
142
142
142
142
142
142
142
143
143
143
143
144
144
144
144
144
144
144
145
145
145
145
146
146
146
146
146
146
146
147
147
147
147
-1
148
148
148
-1
149
149
149
150
150
150
150
-1
151
151
151
152
152
152
152
153
153
153
153
154
154
154
154
154
154
155
155
155
155
156
156
156
156
156
157
157
157
157
158
158
158
158
159
159
159
159
160
160
160
160
160
161
161
161
161
161
161
161
162
162
162
162
162
162
162
163
163
163
163
-1
164
164
164
164
164
164
164
165
165
165
165
165
165
165
166
166
166
166
166
166
-1
167
167
167
-1
168
168
168
-1
169
169
169
170
170
170
170
170
-1
171
171
171
172
172
172
172
172
172
172
173
173
173
173
173
173
173
174
174
174
175
175
175
175
176
176
176
176
177
177
177
177
178
178
178
178
179
179
179
179
180
180
180
180
181
181
181
181
181
181
181
182
182
182
182
182
182
183
183
183
183
184
184
184
185
185
185
185
186
186
186
186
186
186
186
187
187
188
188
188
188
189
189
189
189
190
190
190
190
191
191
191
191
192
192
192
192
192
192
193
193
193
193
194
194
194
194
194
195
195
195
195
196
196
196
196
197
197
197
197
197
198
198
198
198
198
198
199
199
199
199
200
200
200
200
201
201
201
201
201
201
202
202
202
202
202
202
202
203
203
203
203
203
203
203
204
204
204
204
204
204
204
205
205
205
205
-1
206
206
206
206
206
206
206
207
207
207
-1
208
208
208
-1
-1
209
209
-1
-1
210
210
-1
211
211
211
212
212
212
212
212
212
212
213
213
213
213
214
214
214
214
215
215
215
215
216
216
216
216
217
217
217
217
218
218
218
218
219
219
219
219
220
220
220
220
221
221
222
222
222
222
222
223
223
223
223
223
223
223
224
224
224
224
224
224
225
225
225
225
226
226
226
226
-1
227
227
227
227
227
227
227
228
228
228
228
229
229
229
229
229
229
229
230
230
230
230
230
230
231
231
231
231
232
232
232
232
233
233
233
234
234
234
235
235
235
235
236
236
236
236
237
237
238
238
238
239
239
239
239
239
240
240
240
240
241
241
241
241
241
241
241
242
242
242
242
242
242
242
243
243
243
243
244
244
244
245
245
245
245
246
246
246
246
247
247
247
247
247
247
248
248
248
248
-1
249
249
250
250
250
250
251
251
251
251
251
251
251
252
252
252
252
253
253
253
253
253
253
254
254
254
254
-1
-1
255
255
255
256
256
256
256
257
257
257
258
258
258
259
259
259
259
260
260
260
260
260
-1
261
261
261
-1
262
262
262
-1
263
263
263
-1
264
264
-1
265
265
265
266
267
267
267
268
268
268
268
268
-1
269
269
269
270
270
270
270
270
270
270
-1
271
271
271
272
272
272
272
273
273
273
273
274
274
274
274
274
274
274
275
275
275
275
275
275
275
-1
276
276
276
277
277
277
277
277
277
278
278
278
278
278
278
278
279
279
279
279
-1
280
280
280
281
281
281
281
281
281
282
282
282
282
-1
283
283
283
-1
284
284
284
285
285
285
285
286
286
286
286
287
287
287
287
287
287
288
288
288
288
289
289
289
289
289
289
289
290
290
291
291
291
292
292
292
292
293
293
293
293
294
294
294
294
295
295
295
295
295
295
295
296
296
296
296
296
297
297
297
297
298
299
299
299
300
300
300
300
301
301
301
301
301
301
301
302
302
302
302
303
303
303
303
304
304
304
304
304
304
304
-1
305
305
305
306
306
307
307
307
307
307
308
308
309
309
309
310
310
310
310
310
311
311
311
311
311
312
312
312
312
-1
313
313
313
-1
314
314
314
315
315
315
315
315
315
-1
316
316
316
-1
317
317
317
-1
318
318
318
-1
319
319
319
-1
320
320
320
321
321
321
321
-1
322
322
322
-1
323
323
323
-1
324
324
324
-1
325
325
325
-1
326
326
326
-1
327
327
327
328
328
328
328
328
328
328
329
329
329
329
330
330
330
331
332
332
332
333
333
333
333
333
333
334
334
334
334
335
335
335
335
335
336
336
336
336
-1
337
337
337
337
337
338
338
338
338
-1
339
339
339
-1
340
340
340
-1
341
341
341
342
342
342
342
343
343
343
343
344
344
344
344
344
-1
-1
-1
345
345
-1
346
346
346
-1
347
347
347
348
348
348
349
349
349
-1
350
350
350
-1
351
351
351
-1
352
352
352
353
353
353
353
354
354
354
355
355
355
355
356
356
356
356
356
356
356
357
357
357
357
358
358
358
358
359
359
359
360
360
361
361
361
361
361
361
361
362
362
362
362
363
363
363
363
364
365
365
365
366
366
366
366
-1
367
367
367
367
367
368
368
368
368
368
368
369
369
369
369
370
370
370
370
370
370
370
371
371
371
371
372
372
372
372
373
373
373
373
373
373
-1
374
374
374
-1
375
375
375
376
376
376
376
377
377
377
377
378
378
379
379
379
379
379
380
380
380
380
381
381
381
382
382
382
382
383
383
383
383
384
384
384
384
385
385
385
385
386
386
386
386
386
386
386
387
387
387
387
387
387
387
388
388
388
388
388
388
388
389
389
389
389
389
389
389
390
390
-1
391
391
391
-1
392
392
392
-1
393
393
393
-1
-1
394
394
-1
-1
395
395
396
396
396
396
-1
397
397
397
398
398
398
398
399
399
399
399
399
399
399
400
400
400
400
400
400
401
401
401
401
401
401
401
401
402
402
402
402
402
402
402
403
403
403
403
403
404
404
404
405
405
405
406
406
406
406
406
406
406
407
407
407
407
407
407
407
407
408
408
408
408
-1
409
409
409
-1
410
410
410
411
411
411
411
411
411
411
-1
412
412
412
413
413
413
413
414
414
414
414
415
415
415
415
415
415
-1
-1
-1
-1
-1
298
-1
-1
-1
416
416
416
417
417
417
417
418
418
418
418
419
419
419
419
420
420
420
420
421
421
421
421
421
421
422
422
422
422
422
422
423
423
423
423
423
423
423
424
424
424
424
425
425
425
425
425
425
425
425
426
426
426
426
427
427
427
427
428
428
428
428
428
428
428
429
429
429
429
429
429
429
429
430
430
430
430
431
431
431
431
431
431
431
-1
-1
432
432
-1
433
433
433
-1
434
434
-1
-1
435
435
-1
436
436
436
-1
-1
437
437
-1
438
438
439
439
439
439
439
439
439
-1
440
440
440
440
440
441
441
441
441
-1
442
442
442
443
443
443
443
443
443
443
443
-1
444
444
-1
445
445
445
-1
446
446
446
447
447
447
447
447
447
448
448
448
448
449
449
449
450
450
450
450
450
450
450
-1
451
451
451
-1
452
452
452
453
453
453
453
453
453
453
454
454
454
454
455
455
455
456
456
456
456
456
457
457
457
457
457
457
457
458
458
458
-1
459
459
459
-1
460
460
461
461
461
462
462
462
462
462
462
462
463
463
463
463
463
464
464
464
464
464
464
-1
465
465
-1
466
466
466
467
467
467
467
467
-1
468
468
468
-1
-1
469
469
470
470
470
470
470
470
470
-1
471
471
471
-1
472
472
472
-1
473
473
473
-1
474
474
474
-1
475
475
475
476
476
476
476
476
476
476
477
477
477
477
477
477
477
478
478
478
478
478
478
478
479
479
479
479
479
479
480
480
480
480
-1
-1
481
481
482
482
482
482
482
482
483
483
483
483
483
483
483
484
484
484
484
-1
485
485
485
-1
486
486
486
-1
487
487
487
-1
488
488
488
-1
489
489
489
490
490
490
490
490
490
491
491
491
491
491
-1
492
492
492
-1
-1
493
493
-1
494
494
494
-1
-1
495
495
-1
496
496
496
-1
-1
-1
-1
-1
-1
-1
-1
-1
497
497
497
-1
498
498
498
498
499
499
499
-1
500
-1
-1
-1
-1
500
-1
-1
-1
-1
-1
501
501
501
501
502
502
502
502
502
502
503
503
503
503
503
504
504
504
504
505
505
505
505
506
506
506
506
507
507
507
507
508
508
508
508
-1
509
509
-1
-1
510
510
511
511
511
511
512
512
512
512
512
513
513
513
513
514
514
514
515
515
515
515
515
515
515
516
516
516
517
517
517
517
518
518
519
519
519
519
519
519
519
520
520
520
520
521
521
521
521
522
522
522
522
523
523
523
523
524
524
524
524
524
525
525
525
525
525
525
525
526
526
526
526
-1
527
527
527
528
528
528
528
528
528
528
-1
529
530
530
-1
-1
529
529
531
531
531
531
531
531
531
532
532
532
532
532
532
532
533
533
533
533
534
534
534
535
535
535
536
536
536
536
537
537
537
537
538
538
539
539
539
539
-1
540
540
540
-1
541
541
541
541
541
-1
542
542
542
-1
543
543
543
-1
544
544
544
-1
545
545
545
-1
546
546
546
-1
547
547
547
-1
548
548
-1
549
549
549
-1
-1
-1
550
550
550
-1
551
551
551
552
552
552
-1
-1
553
553
554
554
554
554
554
555
555
555
555
556
556
556
556
556
556
557
557
557
557
558
558
558
558
559
559
559
559
560
560
560
560
560
-1
-1
561
561
561
562
562
562
562
563
563
563
563
564
564
564
564
565
565
565
565
566
566
566
566
566
566
566
567
567
567
567
567
567
567
568
568
568
568
569
569
569
569
570
570
570
570
571
571
571
571
572
572
572
572
572
573
573
-1
574
574
574
574
574
574
574
575
575
575
575
