0
0
0
0
-1
1
1
1
1
2
2
2
2
2
2
2
-1
3
3
3
-1
4
4
4
-1
5
5
5
-1
6
6
6
-1
7
7
7
-1
8
8
8
-1
9
9
9
-1
10
10
10
11
11
11
11
12
12
12
12
13
13
13
13
13
13
13
14
14
14
14
14
14
14
15
15
15
16
16
16
16
16
16
16
-1
17
17
17
-1
18
18
18
-1
19
19
19
-1
20
20
20
-1
21
21
21
22
22
22
22
-1
23
23
23
-1
24
24
24
-1
25
25
25
-1
26
26
26
27
27
27
27
27
27
28
29
29
29
29
30
30
30
30
30
31
31
31
31
31
32
33
33
33
34
34
34
35
35
36
35
37
37
37
37
38
38
38
-1
39
39
39
40
40
40
40
41
41
42
42
42
42
42
43
42
42
42
42
-1
44
44
44
-1
45
45
45
-1
46
46
46
47
47
47
47
48
48
48
48
-1
49
49
49
-1
50
50
50
-1
51
51
51
52
52
52
53
53
53
53
54
54
54
54
54
54
54
55
55
55
55
55
56
56
56
56
56
56
56
57
57
58
58
58
58
58
59
59
59
59
59
60
28
28
28
28
-1
61
61
61
62
62
62
62
62
63
63
63
63
63
63
63
64
64
65
65
65
65
65
65
-1
66
66
67
67
67
68
68
68
68
68
68
69
70
70
70
71
71
72
72
-1
73
73
73
-1
74
74
74
75
75
75
76
76
76
76
-1
77
77
-1
78
78
78
-1
79
79
79
-1
80
80
80
-1
81
81
81
82
82
82
82
82
82
82
83
83
83
83
83
83
84
84
84
84
84
84
84
85
85
85
85
86
86
86
86
86
87
87
87
87
87
87
87
87
88
88
88
88
88
88
88
-1
89
89
89
-1
90
90
90
-1
91
91
91
92
93
93
93
94
94
94
94
95
95
95
95
96
96
96
96
97
97
97
97
98
98
98
98
98
99
99
99
99
99
99
99
-1
100
100
100
-1
101
101
101
102
103
103
103
104
104
104
105
105
105
105
105
105
105
106
106
106
-1
107
107
107
107
107
108
108
108
108
109
109
109
109
110
110
110
110
111
111
111
111
112
112
112
112
112
112
112
113
113
113
113
113
113
113
114
114
114
114
114
114
114
115
115
115
115
-1
116
116
116
116
116
117
117
117
117
117
117
118
118
118
118
119
119
119
119
119
120
120
120
120
120
120
120
121
121
121
121
121
121
121
122
122
122
122
122
122
122
123
123
123
123
123
123
123
124
124
124
124
-1
125
125
125
125
126
126
126
126
127
127
127
127
128
128
128
128
128
128
128
129
129
129
129
129
129
129
130
130
130
130
131
131
131
131
131
131
131
131
132
132
132
132
133
133
133
133
134
134
134
134
135
135
136
136
136
136
137
137
137
137
137
137
137
-1
138
138
138
139
140
140
140
141
141
141
141
141
141
-1
142
142
142
143
143
143
143
144
144
144
144
145
145
145
145
145
145
145
-1
146
146
146
147
147
147
147
147
-1
148
148
148
-1
149
149
149
-1
150
150
150
151
151
-1
152
152
152
152
152
152
-1
153
153
153
154
154
154
154
154
-1
155
155
155
-1
156
156
156
157
158
158
158
-1
159
159
159
-1
160
160
160
160
160
160
160
-1
161
161
161
162
162
163
163
163
163
164
164
164
164
-1
165
165
165
166
166
166
166
167
167
167
167
167
167
168
168
168
168
169
169
169
169
169
169
169
170
170
170
170
171
171
171
172
172
172
172
-1
173
173
173
174
174
174
174
174
175
175
176
176
176
176
176
176
176
177
177
177
177
178
178
178
179
179
179
179
179
179
179
-1
180
180
180
181
181
181
181
181
181
-1
182
182
182
-1
183
183
183
184
184
184
184
185
185
185
185
185
186
186
186
186
186
186
186
-1
187
187
187
188
188
188
188
188
-1
189
189
189
-1
190
190
190
191
191
192
192
192
193
193
193
193
193
193
193
194
194
194
194
194
194
194
-1
195
195
195
-1
196
196
196
-1
-1
-1
197
197
197
197
198
198
198
198
198
199
199
199
199
199
199
199
200
200
200
200
200
200
201
201
201
201
201
201
202
202
202
202
202
-1
203
203
203
204
204
204
204
204
205
205
205
206
206
206
-1
207
207
207
-1
208
208
208
208
208
208
208
209
209
209
209
209
210
210
210
210
210
210
210
211
211
211
212
212
213
213
213
213
214
214
214
215
215
215
215
216
216
216
216
217
217
217
217
217
217
217
218
218
218
218
218
218
218
219
219
219
219
219
219
219
220
220
220
220
221
221
221
221
-1
222
222
222
-1
223
223
223
224
224
224
224
224
224
224
225
225
225
225
225
225
225
226
226
226
226
-1
227
227
227
228
228
228
228
229
229
229
229
229
229
229
229
230
230
230
230
230
230
230
-1
-1
231
231
231
232
232
232
232
232
232
232
-1
233
233
233
234
234
234
234
235
236
236
236
237
237
237
237
237
237
237
-1
-1
-1
238
238
238
239
239
239
239
239
239
-1
240
240
240
-1
241
241
241
-1
242
242
242
-1
243
243
-1
-1
244
244
-1
245
245
245
-1
246
246
246
-1
247
247
247
248
248
248
248
248
248
248
249
249
249
249
250
250
250
250
250
250
250
-1
251
251
251
252
252
252
252
252
252
252
253
253
253
253
253
253
253
254
254
254
254
254
254
254
255
255
255
255
255
-1
256
256
256
257
257
257
257
257
257
257
-1
258
258
258
-1
-1
259
259
260
260
260
260
-1
261
261
261
-1
-1
262
262
-1
263
263
263
-1
264
264
264
265
265
265
265
265
265
265
265
266
266
266
266
266
266
266
267
267
267
267
267
267
-1
268
268
268
269
269
269
269
269
269
269
270
270
270
270
270
270
270
270
271
92
92
92
-1
-1
272
272
272
-1
273
273
273
273
273
274
274
275
275
275
275
275
-1
276
276
276
-1
277
277
277
-1
278
278
278
-1
-1
-1
-1
279
279
279
-1
280
280
280
281
281
281
281
281
281
281
-1
-1
-1
-1
282
282
282
283
283
283
283
-1
284
284
284
-1
285
285
285
-1
286
286
286
-1
287
287
287
288
288
288
288
288
288
288
-1
289
289
289
-1
290
290
290
-1
291
291
291
-1
292
292
292
-1
293
293
293
294
294
294
295
88
88
88
88
88
88
296
296
296
-1
297
297
297
-1
298
298
298
-1
299
299
299
-1
300
300
300
-1
301
301
301
-1
302
302
302
303
303
303
303
303
303
303
304
304
304
304
304
304
304
304
-1
-1
-1
-1
-1
-1
-1
-1
-1
-1
305
305
305
305
305
305
306
306
306
306
306
306
306
307
307
307
307
308
308
308
308
308
-1
309
309
309
-1
310
310
310
-1
271
271
271
311
311
311
311
312
312
312
312
312
312
312
313
313
313
313
313
313
313
-1
314
314
314
315
315
315
315
315
315
315
316
316
-1
317
317
317
318
318
318
318
318
-1
319
319
320
320
320
321
321
321
321
322
322
322
322
322
322
323
323
323
323
323
324
324
324
324
325
325
325
325
325
326
326
326
326
327
327
327
327
327
-1
-1
328
328
-1
329
329
329
330
330
330
330
331
331
331
331
331
331
331
332
332
332
332
333
333
333
333
333
333
333
334
334
334
334
334
334
335
335
335
335
336
336
336
336
336
336
336
337
337
337
337
-1
338
338
338
338
338
-1
339
339
339
340
340
340
340
340
341
341
341
342
342
342
342
342
342
342
343
343
343
343
-1
344
344
344
-1
345
345
345
346
346
347
347
347
347
348
348
348
349
349
349
349
350
350
350
350
350
350
351
351
351
351
351
-1
352
352
352
353
353
353
353
354
354
354
354
354
354
354
355
355
355
355
355
355
355
356
356
356
356
356
357
357
357
357
357
357
358
359
359
359
360
360
360
360
-1
361
361
361
362
362
362
362
362
362
362
363
363
363
363
363
363
363
364
364
364
364
364
364
365
365
365
365
365
365
365
365
366
366
366
366
366
366
366
367
367
367
367
367
-1
368
368
368
369
369
369
369
370
370
370
370
371
371
371
371
372
372
372
372
372
372
372
373
373
373
373
374
374
374
374
375
375
376
376
376
376
376
376
376
377
377
377
377
377
377
377
378
378
378
378
378
379
379
379
379
379
379
380
380
380
381
381
381
382
382
382
382
-1
383
383
383
383
383
383
383
384
384
384
384
384
384
384
385
385
385
385
386
386
386
386
387
387
387
387
388
388
388
388
389
389
389
389
390
157
157
157
391
391
391
391
392
392
392
392
393
393
393
393
394
394
394
394
395
395
395
-1
396
396
-1
397
397
397
397
398
235
235
235
399
399
399
399
400
400
400
400
400
400
401
401
401
401
401
401
402
402
402
402
402
403
403
403
403
404
404
404
404
405
405
405
405
405
405
405
406
406
406
406
407
407
407
407
408
408
408
1418
409
409
409
409
410
410
410
410
411
411
412
412
412
412
413
413
413
413
414
414
414
415
415
415
416
416
416
416
417
417
417
417
418
418
418
418
418
418
418
418
419
419
419
419
420
-1
421
421
-1
-1
422
302
423
423
423
423
423
423
424
424
424
424
425
425
425
425
425
425
425
426
426
426
426
427
427
427
428
428
428
428
429
429
429
429
430
430
430
430
431
431
431
431
432
432
432
433
433
433
434
434
434
434
434
434
435
435
435
435
435
435
435
436
436
436
436
437
437
437
437
437
437
437
437
438
438
438
438
438
438
438
439
439
439
439
439
439
440
440
440
440
440
440
441
441
441
441
441
442
442
442
442
443
443
443
443
444
444
444
444
444
-1
445
445
445
445
445
446
446
446
446
446
446
446
447
447
447
447
447
447
-1
448
448
448
449
450
450
450
-1
451
451
451
452
452
452
-1
453
453
453
-1
454
454
454
-1
455
455
455
-1
456
456
456
-1
457
457
457
-1
458
458
458
459
459
459
459
459
460
460
460
460
460
460
460
461
462
462
462
463
463
463
463
463
-1
-1
464
464
464
-1
465
465
465
466
466
466
466
466
466
466
467
467
468
468
469
469
469
469
470
470
470
470
470
470
471
471
471
471
472
472
472
472
472
472
472
473
473
473
473
473
473
474
474
474
474
474
-1
475
475
475
475
475
475
476
476
476
476
477
477
477
477
478
478
478
478
478
478
478
479
479
479
479
479
479
479
-1
480
480
480
481
481
481
481
482
482
482
-1
483
483
44
-1
484
484
484
485
485
486
486
486
486
486
486
486
-1
487
487
487
-1
488
488
488
-1
489
489
489
-1
490
490
490
-1
491
491
491
-1
492
492
492
492
492
492
492
-1
493
493
493
494
494
494
494
494
-1
495
495
495
-1
-1
496
496
-1
-1
497
497
-1
-1
498
498
-1
-1
499
499
500
501
501
501
-1
502
502
502
503
503
503
503
503
503
503
504
504
504
504
504
504
505
505
505
505
505
505
505
505
-1
-1
506
506
507
507
507
507
507
507
507
508
508
508
508
508
508
508
509
509
509
509
509
509
-1
510
510
510
510
-1
511
511
511
512
512
512
512
513
513
513
-1
514
514
-1
-1
515
515
-1
-1
516
516
-1
517
517
517
-1
518
518
-1
519
519
519
519
520
520
520
520
520
520
521
521
521
522
522
522
522
522
522
522
523
523
523
523
523
523
523
-1
524
524
524
-1
-1
525
525
-1
-1
526
526
-1
527
527
527
-1
528
528
528
-1
-1
529
529
529
530
530
530
530
530
530
-1
-1
531
500
500
500
-1
532
532
532
533
533
533
534
534
534
534
-1
535
535
535
536
536
536
536
536
536
536
537
537
537
537
537
537
537
538
538
538
539
539
539
539
540
540
540
540
541
541
541
541
542
542
542
542
543
543
543
543
544
544
544
544
544
545
545
545
545
546
546
546
546
547
547
547
547
548
548
548
548
548
548
548
549
549
549
549
549
550
550
550
551
551
551
551
552
552
552
552
553
553
553
553
554
554
554
554
555
555
555
555
555
-1
556
556
556
556
557
557
557
557
558
558
558
558
558
558
558
559
559
559
559
560
560
560
560
561
561
561
561
562
417
417
417
563
563
563
563
564
564
564
564
565
565
565
565
565
566
566
567
567
567
568
568
568
568
568
568
568
568
569
569
569
569
569
569
569
570
570
570
570
-1
571
571
571
571
572
572
572
572
572
573
573
573
573
-1
574
574
574
575
575
575
575
576
576
260
260
577
577
577
577
577
577
578
578
578
578
578
578
579
579
579
579
579
579
579
580
580
580
580
581
581
581
581
582
582
582
582
582
582
582
583
583
583
583
584
584
584
584
585
585
585
585
585
585
585
586
586
586
586
587
587
587
587
588
588
588
588
-1
589
589
589
590
590
590
590
591
591
591
591
592
592
592
592
593
593
593
593
-1
594
594
594
595
595
595
595
596
596
596
596
596
596
597
597
597
597
-1
-1
-1
-1
598
598
584
-1
599
599
599
600
600
600
600
600
600
600
601
601
601
601
601
-1
602
602
602
-1
603
603
603
604
604
604
604
-1
605
605
605
606
606
606
606
606
-1
607
607
607
-1
608
608
608
-1
609
609
609
-1
610
610
610
-1
611
611
611
612
612
612
612
612
612
-1
613
613
613
-1
614
614
614
615
615
615
616
616
616
-1
617
617
617
618
618
618
618
618
618
618
619
619
619
619
619
619
620
620
620
620
620
-1
621
621
621
621
621
621
621
622
622
622
622
622
623
623
623
623
623
624
625
625
625
-1
626
626
626
627
627
627
627
627
627
627
628
628
628
628
628
629
629
629
629
629
-1
630
630
630
-1
631
631
631
-1
632
632
632
633
633
633
634
634
634
634
635
635
635
635
635
-1
636
636
636
636
636
636
637
637
637
637
637
637
637
638
638
638
638
638
638
638
-1
639
639
639
640
640
640
640
-1
641
641
641
641
641
642
642
642
642
642
642
643
643
643
643
643
643
644
644
644
644
644
644
644
645
645
645
645
645
645
646
646
646
646
646
646
-1
647
647
647
-1
648
648
648
649
649
649
649
649
649
649
650
650
650
650
650
650
650
650
-1
651
651
651
652
652
652
653
653
653
653
653
653
653
-1
654
654
654
-1
655
655
655
656
656
656
656
656
656
-1
-1
657
657
658
658
658
659
659
659
659
659
659
659
660
660
660
661
661
661
661
661
661
661
662
662
662
662
662
663
663
663
663
664
664
664
664
665
665
665
665
666
666
666
666
667
667
667
667
667
667
667
668
668
668
669
669
669
669
670
670
670
670
670
670
670
671
671
671
671
671
671
672
672
672
672
672
672
673
673
673
673
673
674
674
674
674
675
675
675
675
676
676
676
676
677
677
677
677
678
678
678
678
678
678
678
679
679
679
679
679
679
680
680
680
680
681
681
681
681
682
682
682
682
683
683
683
683
683
683
683
684
684
684
684
685
685
685
685
686
686
686
686
686
686
686
687
687
687
687
687
687
687
688
688
688
688
689
689
689
689
689
689
689
689
-1
690
690
690
690
691
691
691
691
691
692
692
692
692
693
693
693
693
693
693
693
694
694
694
694
695
695
695
695
696
696
696
696
697
697
697
697
697
698
698
698
698
699
699
699
699
700
700
700
388
701
701
701
701
702
702
702
702
703
703
703
703
704
704
704
705
705
705
705
705
705
706
706
706
706
706
706
707
707
707
707
708
708
708
708
709
709
709
709
710
710
710
710
711
711
711
711
712
712
712
712
712
713
713
713
713
-1
714
714
715
715
715
715
715
715
715
716
716
716
716
717
717
717
717
718
718
718
718
-1
719
719
719
719
720
720
720
720
721
370
370
370
722
722
722
722
723
723
723
723
724
724
724
724
724
724
724
725
725
725
725
725
725
725
726
726
726
726
726
726
727
727
727
727
727
727
728
728
728
728
729
729
729
729
730
730
730
730
731
731
731
731
732
732
732
732
732
732
733
733
733
733
734
734
734
734
735
735
735
735
736
736
736
736
736
736
736
737
737
737
737
738
738
738
465
739
739
739
739
740
740
740
740
741
741
741
741
741
-1
742
742
742
-1
-1
-1
-1
-1
743
743
743
743
743
743
744
744
744
744
744
-1
745
745
745
746
746
746
746
747
747
747
748
748
748
748
749
749
749
749
750
750
750
750
750
-1
751
751
751
751
752
752
752
752
753
109
109
109
754
754
754
754
754
754
-1
-1
755
755
755
756
756
757
757
757
757
757
757
757
758
758
758
758
759
759
759
759
759
759
759
760
760
760
760
761
761
761
761
762
762
762
762
763
763
763
763
764
764
764
764
765
765
765
766
766
766
766
767
767
767
767
768
768
768
769
769
769
769
769
769
770
771
771
771
771
771
771
772
772
772
773
773
773
774
774
774
775
775
775
775
776
776
776
776
776
777
777
777
777
778
778
778
778
779
779
779
779
780
780
780
780
780
780
-1
-1
781
781
781
781
782
782
782
782
783
783
783
783
784
784
784
784
784
785
785
785
785
785
785
785
786
786
786
786
787
787
787
787
788
788
788
788
789
789
789
789
789
789
790
790
790
790
791
791
791
791
791
791
791
-1
792
792
792
-1
793
793
793
793
-1
794
794
794
-1
-1
795
795
796
796
796
796
796
796
796
797
797
797
797
798
350
350
350
350
350
799
799
799
799
799
799
799
800
800
800
800
-1
801
801
801
-1
802
802
802
-1
803
803
803
-1
804
804
804
805
805
805
805
805
805
805
805
806
806
806
806
806
806
806
807
807
807
807
808
808
808
808
808
808
-1
809
809
809
810
810
810
810
810
810
811
811
812
812
-1
813
813
813
-1
814
814
814
815
815
815
815
815
815
816
816
816
816
816
816
816
816
817
817
817
817
817
817
817
817
818
818
818
818
818
818
818
819
819
819
819
819
819
819
820
820
820
820
-1
821
821
821
822
823
823
823
-1
824
824
824
824
824
824
825
825
825
826
826
826
826
-1
827
827
827
-1
-1
828
828
-1
-1
829
829
-1
-1
830
830
-1
831
831
832
832
832
832
832
832
832
832
833
833
833
833
833
833
834
834
834
834
834
834
834
834
-1
835
835
835
836
836
836
836
836
836
-1
837
837
837
-1
838
838
-1
839
839
839
840
840
840
840
840
840
840
841
841
841
841
841
842
842
842
842
842
842
842
843
32
32
32
844
844
844
845
845
845
845
845
845
845
846
846
846
846
847
847
847
162
848
770
770
770
770
770
770
849
849
849
849
849
849
849
850
850
850
850
850
850
851
851
851
851
851
851
851
852
852
852
852
853
853
853
853
854
854
854
854
855
855
855
855
855
-1
856
856
856
857
857
857
857
857
857
857
-1
-1
-1
858
858
858
858
858
858
858
-1
859
859
859
-1
860
860
860
-1
861
861
861
-1
862
862
862
-1
863
863
863
864
864
864
864
-1
865
865
786
-1
866
866
866
867
867
867
867
867
868
868
868
869
869
869
870
870
870
870
870
870
870
871
871
871
871
871
-1
872
872
872
-1
873
873
873
-1
874
874
874
875
875
875
875
876
876
876
876
877
877
877
877
878
878
878
879
879
879
879
-1
-1
880
880
880
-1
881
881
881
882
882
882
882
883
883
883
883
-1
884
884
884
-1
885
885
885
-1
886
886
886
887
887
887
887
888
888
888
888
889
889
889
889
889
890
890
890
890
891
891
891
891
891
891
892
892
892
892
893
893
893
894
894
894
894
895
895
895
895
895
895
896
896
896
896
896
896
896
-1
897
897
897
898
898
898
898
899
899
899
900
900
900
900
900
-1
901
901
901
901
901
901
901
902
902
902
902
903
903
903
903
903
904
904
904
904
905
906
906
906
907
907
907
907
908
908
908
909
909
-1
910
910
910
911
911
911
911
911
912
912
912
912
912
913
913
913
913
913
913
913
-1
-1
-1
914
914
-1
915
915
779
-1
916
916
916
-1
917
917
917
-1
918
918
918
-1
919
919
919
920
920
920
-1
921
921
888
922
922
922
922
923
923
924
578
578
578
578
578
578
-1
925
925
925
926
926
926
926
927
927
927
927
928
-1
929
64
64
64
64
64
930
930
931
931
931
931
932
932
932
932
933
933
933
933
934
934
934
934
935
935
935
935
935
935
936
936
936
936
936
936
936
937
937
937
937
-1
938
938
938
939
939
939
940
940
940
940
940
940
941
941
941
941
941
941
942
942
942
942
942
943
943
943
944
944
944
944
944
944
944
945
945
945
945
945
945
945
946
946
946
946
946
947
947
947
947
947
947
948
948
948
948
948
948
948
949
949
949
949
950
950
950
950
950
950
950
951
951
951
951
952
952
952
952
953
953
953
953
954
954
954
954
954
954
955
955
955
955
955
-1
956
956
957
957
957
958
958
958
958
959
959
959
959
959
959
959
960
960
960
960
960
-1
961
961
961
-1
962
410
410
963
963
963
963
-1
-1
964
964
964
964
964
965
965
965
965
965
966
966
966
966
966
967
967
967
967
967
967
967
968
968
968
968
968
-1
969
969
969
970
971
971
971
-1
972
972
972
-1
973
973
973
-1
974
974
974
-1
975
975
975
-1
976
976
976
-1
977
977
977
978
978
978
978
978
978
-1
979
979
979
979
979
979
979
-1
980
980
980
981
981
981
981
981
-1
982
982
982
983
983
983
983
983
984
984
984
984
985
985
985
985
985
985
985
986
986
986
986
987
987
987
987
988
988
988
988
988
988
988
989
989
989
989
-1
990
990
990
991
991
991
991
991
991
991
992
992
992
992
992
992
992
993
993
35
35
-1
994
994
994
-1
995
995
995
996
996
996
996
996
996
996
997
997
997
997
998
998
998
998
-1
999
999
999
-1
1000
1000
1000
1001
1001
1001
1001
1001
1001
1002
1002
1002
1002
1002
1002
1003
1003
1003
1003
1003
1003
1003
1004
1004
1004
1004
1005
1005
1006
1006
1007
1007
1007
1007
1007
1007
1008
1008
1008
1008
1008
1008
1009
1009
1009
1009
1010
1010
1010
1010
-1
1011
1011
1011
1012
1012
356
356
356
1013
1013
1013
1013
-1
1014
1014
1014
1015
1015
1015
1015
1015
1016
1016
1016
1016
1016
1017
1017
1017
1017
1017
1017
1017
1017
1018
1018
1018
1018
1019
1019
1019
1019
1020
1020
673
673
673
1021
1021
1021
1021
1022
1022
1022
1023
1023
1023
1023
1023
1023
1023
1024
1024
1024
1024
1024
1024
1024
-1
1025
1025
1025
1026
1026
1026
1026
1026
1026
1026
1027
1027
1027
1027
1027
1027
1027
-1
1028
1028
1028
-1
624
1029
1029
1029
1029
1029
1029
1030
1030
1030
-1
1031
1031
1031
-1
1032
1030
1030
-1
1033
1033
1033
1034
1034
1034
1034
1035
1035
1035
1035
1036
1036
1036
1036
1037
1037
1037
1037
1037
1037
1038
1038
1038
1038
1039
1039
1039
1039
1040
1040
1040
1041
1041
1041
1041
1042
1042
1042
1042
1043
1043
1043
1043
1044
1044
1044
1044
1045
1045
1045
1045
1046
1046
1046
1046
1047
1047
1047
1047
1047
1047
1047
-1
1048
1048
1048
1048
1048
1048
1048
1049
1049
1049
1049
1050
1050
1050
1050
1050
1051
1051
1052
1052
1052
1053
1054
1054
1054
1054
1055
1055
1055
1055
-1
1056
1056
1056
1056
1056
1057
1057
1057
1057
1057
1057
1057
1057
1058
1058
1058
1058
1058
1058
1058
-1
1059
1059
1059
1060
1060
1060
1060
1060
1060
1060
-1
-1
1061
1061
-1
1062
1063
830
-1
1064
1065
1065
-1
1066
1066
1066
-1
-1
1067
1067
-1
-1
1068
1068
-1
1069
1069
1069
-1
1070
1070
1070
-1
1071
1071
1071
-1
1072
1072
1072
1073
1073
1073
1073
1073
1073
1073
1074
1074
1074
1074
1074
1075
1076
1076
1076
1077
1077
1077
1077
1077
1077
-1
1078
1078
1078
1078
1078
1078
1078
1079
-1
1080
1080
-1
-1
1081
1081
-1
1082
1082
1082
-1
1083
1083
1083
1084
1084
-1
-1
1085
1085
-1
-1
-1
-1
1086
1086
-1
-1
1087
1087
-1
1088
1088
1088
-1
-1
1089
1089
-1
424
1090
1090
-1
1091
1092
1092
-1
1093
80
80
-1
1094
1094
1094
1095
1095
1095
1095
1095
1095
1095
1096
1096
1096
1096
1096
1096
1096
1096
1097
1097
1097
1097
1097
1097
1097
-1
1098
1098
1098
-1
-1
1099
1099
-1
-1
1100
1100
-1
-1
1101
1101
-1
1102
1102
1102
-1
1103
1103
1103
-1
1104
1104
1104
1104
-1
35
993
-1
1105
1105
1105
-1
1106
1106
1106
1107
1107
1107
1107
1107
1107
1107
1108
1108
1108
1109
1109
1109
1109
1109
1109
1110
1110
1110
1110
1110
1110
1110
1111
1111
1111
1111
1111
1112
1112
1112
1112
1112
1112
1112
-1
1113
1113
1113
1113
1114
1114
1114
1114
1114
-1
1115
1115
1115
1115
1116
1116
1116
1116
1116
1116
1117
1117
1117
1117
1117
1118
1118
1118
844
1119
1119
1119
1119
1119
1120
1120
1120
1120
-1
-1
-1
1121
1121
1121
1121
1122
1122
1122
1122
1123
1123
1123
1123
1124
1124
1124
1124
1124
1124
1124
1125
1125
1126
1126
1126
1126
1126
1126
1126
-1
1127
1127
1127
1128
1129
1129
1129
-1
1130
1130
1130
-1
1131
1131
1131
1132
1132
1132
1132
1132
1132
1133
1133
1133
1133
1134
1134
1134
1134
1134
1134
1134
-1
1135
1135
1135
-1
1136
1136
1136
1136
1136
1136
1136
1137
1137
1137
1137
1138
1138
1138
1138
1138
1138
-1
1139
1139
1139
1140
1140
1140
1140
1140
1140
1140
-1
1141
1141
1141
-1
1142
1142
1142
-1
1143
1143
1143
1144
1144
1144
1144
1144
-1
1145
1145
1145
-1
1146
1146
1146
-1
1147
1147
1147
1148
1148
1148
1149
1149
1150
1150
1150
1151
1151
1151
1152
1152
1152
1152
1152
-1
1153
1153
1153
-1
1154
1154
1154
-1
1155
1155
1155
1156
1156
1156
1156
1157
1157
1157
-1
1158
1158
1158
-1
1159
1159
1159
-1
1160
1160
1160
-1
1161
1161
1161
1162
1162
1162
1162
1163
1163
110
110
-1
1164
1164
1164
-1
102
102
102
-1
1165
1165
1165
1165
1166
1166
1166
1166
1167
1167
1167
1167
1167
1167
1167
1167
1168
1168
1168
1168
1168
1168
1168
1169
1169
1169
1169
1169
1169
1169
-1
1170
1170
1170
1170
1170
1171
1171
1171
1171
1171
1172
1172
1172
1172
1173
1173
1173
1173
1174
1174
1174
1174
1175
1175
1175
1175
1176
1176
1176
1176
1177
1177
1177
1177
1177
1178
1178
1178
1178
1179
1179
1179
1179
1180
1180
1180
1180
1181
1181
1182
1182
1182
1182
1183
1183
1183
1183
1184
1184
1184
1184
1185
870
870
870
870
870
870
1186
1186
1186
1186
1187
1187
1187
1187
1188
1188
1188
1189
1189
1189
1189
1189
1189
1189
-1
1425
1190
1190
1190
1190
1191
1191
1191
1192
1192
1192
1192
1193
1193
1193
1193
1194
1194
1194
1194
1194
1194
1194
1195
1195
1195
1195
1195
1195
1195
1196
1196
1196
1196
1196
1196
1196
-1
1197
1197
1197
1197
1198
1198
1198
1198
1199
1199
1199
1199
1200
1200
1200
1200
1201
1201
1201
1201
1201
1201
1201
1202
380
-1
-1
1203
1203
1203
1203
1204
1204
1204
1204
1205
1205
1205
1206
1206
1206
1206
1206
1206
1206
1207
1207
1207
1207
1207
1207
1207
1207
-1
1208
1208
1208
-1
1209
158
158
1210
1210
1210
1210
1210
1210
1210
1211
1211
1211
1211
1211
1211
1211
1212
1212
1212
1212
1212
1212
1212
1213
1213
1213
1213
1213
1213
1213
1214
1214
1214
1214
1214
1214
1214
1215
1215
1215
1215
1215
1216
1216
1216
1216
1216
-1
1217
1217
1217
1218
1218
1218
1219
1219
1219
1219
1219
1219
1219
1219
1220
1220
1220
1221
1221
1221
1221
1221
1221
1221
1222
1222
1222
1222
1223
1223
1223
1223
1223
1223
1223
1224
1224
1224
1224
1224
-1
1225
1225
1225
1226
1226
1226
1226
1226
1226
1227
1227
1227
1227
1227
1227
1227
1228
1228
1228
1228
-1
1229
1229
1229
-1
1230
1230
1230
-1
-1
1231
1231
1232
1232
1232
1232
1232
1232
1232
-1
-1
1233
1233
-1
-1
1234
1234
1235
1235
1235
1235
1235
1235
1235
1236
1236
1236
1236
1236
1236
-1
1237
1237
1237
-1
1238
1238
1238
-1
1239
1239
1239
-1
1240
1240
1241
1241
1241
1241
1241
1241
-1
-1
1242
1242
-1
-1
1243
1243
-1
-1
1244
1244
1245
1245
1245
1245
-1
1246
1247
1247
-1
1248
1248
1248
-1
1249
1249
1249
-1
1250
1250
1250
1251
1251
1251
1251
1251
1251
1251
-1
1252
1252
1252
1253
1254
1254
1254
1255
1255
1255
1255
1255
1255
1255
1255
1256
1256
1256
1256
1257
1257
1257
1257
1258
1258
1258
1258
1259
1259
1259
1259
1260
1260
1260
1261
1261
1261
1262
1262
1262
1262
1262
1262
1263
1263
1263
1263
1264
1264
1264
1264
1265
1265
1265
1265
1266
1266
1266
1266
1267
1267
1267
1267
1268
1268
1268
1268
1269
1269
1269
1270
1270
1271
1271
1271
1271
1271
1271
1271
1272
1272
1272
1272
1273
1273
1273
1273
1273
1273
1273
1274
1274
1274
1274
1275
1275
1275
1275
1275
1275
1275
1276
1276
1276
1276
1277
1277
1277
1277
1278
1279
1279
1279
1279
1279
1279
1280
1280
1280
1280
1281
1281
1281
1281
1281
1281
1281
1281
1282
1282
1282
1282
1283
1283
1283
1283
1284
1284
1284
1284
1285
1285
1285
1285
1286
1286
1286
1286
1287
1287
1287
1287
1288
1288
1288
1288
1289
1289
1289
1290
1290
779
779
1291
1291
1291
1291
1291
1292
1292
1292
1292
1292
1292
1292
1292
1293
1293
1294
1294
1295
1295
1295
1295
1296
1296
1296
1296
1296
1297
1297
1297
1297
1298
1298
1298
1298
1299
970
970
970
-1
-1
1300
1300
1300
1301
1301
1301
1301
1302
1302
1302
1302
1302
1302
1302
1303
1303
1303
1304
1304
1304
1304
1304
1305
1305
1305
1305
1305
1305
1305
1306
1306
1306
1306
1306
1306
1307
1307
1307
1307
1307
1307
1307
1308
1308
1308
1308
1309
1309
1309
1309
1310
1310
1310
1310
1311
1311
1311
1311
1312
1312
1312
1313
1313
1313
1313
1314
1314
1314
1314
1314
1314
1315
1315
1315
1315
1315
1315
1315
-1
-1
1316
1316
1316
1316
1317
1317
1317
1317
1317
-1
1318
1318
1318
1318
-1
1319
1319
1319
1320
1320
1320
1320
1320
1320
1320
1320
1321
1321
1321
1321
1322
1322
1322
1322
1322
1322
1322
-1
666
666
666
-1
1323
1323
1323
1323
1323
1324
1324
1324
1324
1324
1324
1324
1325
1325
1325
1325
1325
1325
1325
1326
1326
1326
1326
1326
1326
1326
1326
-1
1327
1327
1327
-1
1328
1328
1328
1329
1329
1329
1329
-1
1330
1330
1330
1331
1331
1331
1331
198
1332
1332
1332
1332
1332
1332
1332
-1
1333
1333
1333
-1
1334
1334
1334
1335
848
848
1336
1336
1336
1337
1337
1337
1337
1338
1338
1338
1338
1338
1338
1338
1339
1339
1339
1339
1339
1339
1339
1340
1340
1340
1340
1340
-1
1341
1341
1341
-1
1342
1342
1342
-1
1343
1343
1343
-1
1344
1344
1344
-1
1345
1345
1345
-1
1346
1346
1346
-1
1347
1347
1347
-1
1348
1348
1348
-1
1349
1349
1349
1350
1350
1350
1350
1351
1351
1351
1351
1351
1351
1352
1352
-1
1353
1353
1353
1354
1354
1354
1354
1355
1355
1355
-1
1356
1356
1356
-1
1357
1357
1357
1358
1358
1358
1358
1358
1358
1358
1359
1359
1359
1359
1359
1359
1359
-1
1360
1360
1360
-1
-1
-1
-1
1361
1361
259
-1
1362
1362
1362
1363
1363
1363
1364
1364
1364
1364
1364
1364
1364
-1
1365
1365
1365
-1
1366
1366
1366
-1
1367
1367
1367
1368
1368
1368
1368
1368
1368
1369
1369
1369
1369
1369
1369
1369
1369
-1
1370
1370
1370
-1
1371
1371
1371
-1
1372
1372
1372
-1
1373
1373
1373
-1
1374
1374
1374
-1
1375
1375
1375
-1
1376
1376
1376
1376
-1
1377
1377
1377
-1
1378
1379
1379
-1
-1
1380
1380
1381
1381
1381
1381
1381
1381
1382
1382
1382
1383
1383
1383
1384
1384
1384
1385
1385
1385
1385
1385
1385
1385
1385
1386
1386
1386
1386
1386
1387
1387
1387
1387
1388
1388
1388
1388
1389
1389
1389
1389
1389
1389
1389
1390
1390
932
932
1391
1391
1391
1391
1391
1391
1391
1392
1392
1392
1392
1393
1393
1393
1393
1394
1394
1394
1394
-1
-1
1395
1395
1395
1395
1396
1396
1396
1396
1397
1397
1397
1397
1397
1398
1398
1398
1398
1399
1399
1399
1399
1399
1399
1400
1400
1400
1400
1400
1400
1400
1401
1401
1401
1401
-1
1402
1402
1402
1402
1402
1402
1402
1403
1403
1403
1403
1403
1403
1403
1846
1404
1404
1404
1404
1404
1405
1405
1405
1405
1405
1405
1405
1406
1406
1406
1406
1406
1407
1407
1407
1407
1408
1408
1408
1408
1408
1408
1409
1409
1409
1409
1409
1410
1410
1410
1410
-1
1411
1411
1411
-1
1412
1412
1412
1413
1413
1413
1413
1413
1413
1413
1414
1414
1414
1414
1414
-1
1415
1415
1415
1415
1415
1415
1416
1416
1416
1416
1416
1416
1416
1416
1417
1417
1417
1417
1417
1417
-1
1418
1418
1418
1419
1419
1419
1420
1420
1420
1420
1420
1420
1420
1421
1421
1421
1421
1421
1421
1421
1422
1423
1423
1423
1424
1424
1424
1424
1425
1425
1425
1426
1426
1426
1426
-1
1427
1427
1427
-1
1428
1428
1428
-1
1429
1429
1429
-1
1430
1430
1430
-1
1431
1431
1431
-1
1432
1432
1432
-1
1433
1433
1433
1434
1434
1434
1434
1435
1435
1435
1436
1436
1436
1436
1437
1437
1437
1437
1437
1437
-1
1438
1438
1438
1439
1439
1439
1439
1440
1440
1440
1440
1441
1441
1441
1441
1442
13
13
13
13
13
13
-1
1053
1443
398
398
398
-1
1444
1445
1445
1445
-1
1446
1446
1446
1447
1447
1447
1447
1447
1447
1448
1448
1448
1448
1448
1449
1449
1449
1449
1450
1450
1450
1450
-1
1451
1451
1451
1452
1452
1452
1452
1452
1452
1452
1453
1453
1453
1453
1453
1453
1453
1453
1454
1454
1454
1454
1455
1455
1456
1456
1456
1456
1456
1456
1456
1457
1457
1457
1457
1458
1458
1458
1458
1458
1458
1458
1458
1459
1459
1459
1459
1460
1460
1460
1460
1460
1461
1461
1461
1461
1462
1462
1462
1463
1463
1463
1463
1464
1464
1464
1464
1465
749
749
749
1466
1466
1466
1466
1467
1467
1467
1467
1468
1468
1468
1468
1469
1469
1469
1469
1470
1470
1470
1470
1471
1471
1471
1471
1471
1471
1471
1472
1472
1472
1472
1472
1472
1472
1473
1473
1473
1473
1473
1473
1474
1474
1474
1474
1474
1474
1474
1475
1475
1475
1475
1475
1475
1476
461
461
461
1477
1477
1477
1477
-1
-1
1478
1478
1478
1479
1479
1479
1479
1480
1480
1480
1480
1480
1480
1480
1480
1481
1481
1481
1481
1482
1482
1482
1482
1483
1483
1484
1484
1484
1484
1484
1484
1484
1485
1485
1485
1485
1485
-1
1486
1486
1486
1486
1486
1486
1486
1487
1487
1487
1487
1488
1488
-1
1489
1489
1155
-1
1490
1490
1490
1491
1491
1491
1492
1492
1492
1492
-1
1493
1493
1493
1494
1494
1494
1494
1495
1495
1495
1495
1495
1495
1495
1496
1496
1496
1496
1496
-1
1497
1497
1497
1498
1498
1498
1498
1498
1498
1499
1499
1499
1499
1499
1500
1500
1500
1500
1500
1500
-1
1501
1501
1501
-1
1502
1502
1502
1503
1503
1503
1503
1503
1503
1503
-1
1504
1504
1504
1505
1505
1505
1505
1505
1506
1506
1506
1506
1506
1506
1506
1507
1507
1507
1507
1507
1507
1507
1508
1508
1508
1508
1508
1508
1508
-1
1509
1509
1509
-1
1510
1510
1510
1511
1511
1511
1511
1512
1512
1512
1512
1512
1512
1512
1513
1513
1513
1513
1513
1513
1513
1514
1514
1514
1514
1514
1514
1514
1514
1515
1515
1515
1515
1515
1515
1515
1516
693
693
693
-1
-1
1517
1517
1517
-1
1518
1518
1518
1519
1519
1519
1519
1519
1519
1520
1520
1520
1520
1520
1521
1521
1521
1521
1521
1521
1521
1522
1522
1522
1523
1523
1523
1524
1524
1524
1524
-1
1525
1525
1525
1526
1526
1526
1526
1526
1527
1527
1527
1527
1527
1527
1527
1528
1528
1528
1528
-1
-1
1529
1529
1530
1530
1530
1530
1530
-1
1531
1531
1531
1532
1532
1532
1532
1532
1533
1533
1533
1533
1533
1533
1533
-1
1738
-1
1534
1534
1534
1534
1534
1534
1534
1534
-1
1535
1535
1535
1536
1536
1536
1536
1536
1536
1536
1537
1538
1538
1538
1538
1538
1538
1538
1539
1539
1539
1539
1539
1539
1540
1540
1540
1540
1540
1540
1540
-1
1541
1541
1541
-1
1542
1542
1543
684
684
684
-1
471
-1
-1
1544
1544
1544
-1
1545
1545
1545
-1
1546
1546
1546
-1
-1
1547
1547
-1
-1
1548
1548
-1
-1
1549
1549
-1
-1
1550
1550
-1
1075
1075
1075
-1
1551
1551
1551
-1
1552
772
772
772
772
772
1553
1553
1553
1553
1553
1553
1554
1554
1554
1554
1554
1554
1554
1555
1555
1555
1555
1555
1555
1555
-1
1556
1556
1556
-1
1557
1557
1557
1558
1558
1558
1558
1558
1558
1558
1559
-1
1451
1451
-1
1560
1560
-1
311
311
311
1561
1561
1561
1561
1561
1562
1562
1562
1562
1562
1563
1563
-1
1564
1564
-1
1565
1565
1566
1566
1566
1566
1566
1566
1566
1567
1567
1568
1568
1568
-1
1569
1569
-1
-1
1570
1570
-1
1796
1571
1571
-1
1572
1572
-1
1573
1573
1573
-1
1574
866
866
-1
1575
1575
1575
1576
1576
1576
1576
1576
1576
1576
1577
1577
1577
1577
-1
1578
1579
1579
-1
1580
1581
1581
1582
1583
1583
526
1584
1584
1584
1584
1584
1584
1585
1585
1585
1585
1585
1585
1585
1585
1586
1586
1586
1586
1586
1586
1586
1586
1587
1587
1587
1587
1588
1588
1588
1588
1588
1588
1588
1589
1589
1589
1590
1590
1590
1591
1591
1591
1591
1591
1591
1591
1592
1592
1592
1592
1592
1592
1592
1593
1593
1593
1593
1593
1593
1593
1593
1594
1594
1594
1594
1594
1594
1594
1595
1595
1595
1595
1596
1596
1596
1597
1597
1597
1598
1598
1598
1598
1598
1598
1598
-1
1599
1599
1599
1600
1600
1600
1601
1601
1601
1602
1602
1602
1602
1603
1603
1603
1603
1603
1603
1603
1604
1604
1604
1604
-1
1605
1605
1605
-1
1606
1606
1606
-1
1607
1607
1608
1408
1408
1408
1408
1408
1609
1609
1609
1609
1609
1610
1610
1508
1611
1611
1611
-1
1612
1612
1612
1613
1613
1613
1613
-1
1614
1614
1614
-1
-1
1615
1615
1615
1616
1616
1616
1616
1616
1616
1616
1617
1617
1618
1618
1618
1618
1619
1020
1020
1020
1020
1620
1620
1621
1621
1621
1621
1621
1621
1621
-1
1622
1622
1622
1623
750
750
750
750
1624
1624
1624
1624
1624
1624
1625
1625
1625
1625
1625
1625
1625
1626
420
420
420
1627
1627
1627
1627
1627
1628
1628
1628
1628
1628
1629
1629
1629
-1
1630
1630
1630
-1
1476
1476
1476
1631
1631
1631
1631
1631
1631
1632
1632
1632
1632
1632
1632
1632
1633
1633
1633
1633
1633
1633
1633
-1
1634
1634
1286
1635
1635
1635
1635
-1
1636
1636
1636
-1
1637
1637
1637
1638
1638
1638
1638
-1
-1
1639
1639
1639
-1
1640
1640
1640
1641
1641
1641
1641
1642
1642
1642
1642
1643
1643
1643
1643
1643
1643
1644
1644
1644
1644
117
117
-1
-1
-1
1645
1645
1645
1645
1645
1645
-1
1646
1646
1646
1647
1647
1647
1647
1647
1647
1647
1648
1648
1648
1648
1648
1648
1648
1649
1649
1649
1649
1649
1649
1650
1650
1650
1650
1650
1650
1650
1651
1651
1651
1651
1651
1652
1652
1652
1652
1652
-1
1653
1653
1653
-1
1654
1654
1654
1655
1655
1655
1655
1655
1655
1655
-1
1656
1656
1656
-1
-1
1657
1657
-1
-1
1658
1658
-1
-1
1659
1659
-1
-1
-1
1660
1660
1660
1660
1660
1660
1660
-1
-1
1661
-1
1662
-1
1663
1663
1664
-1
1181
1181
-1
1665
1665
1666
1666
1666
1666
1666
1666
1666
1667
1667
1667
1667
1667
1667
1667
1668
1668
1668
1668
1668
1668
1668
-1
1669
1669
1669
-1
1670
1670
1670
-1
-1
1671
499
-1
1672
1672
1672
-1
1673
1673
1673
1673
-1
1674
1674
1674
-1
1675
1675
1675
1676
1676
1676
1676
1676
1676
1676
1677
1677
1677
1677
1677
1677
1677
1678
1678
1678
1678
1678
-1
1679
1679
1679
-1
1680
1680
1680
1680
1680
-1
-1
1681
1280
-1
1682
1682
1682
1683
1683
1683
1683
1684
1684
1684
1684
1684
1684
1684
1685
1685
1685
1685
1686
1687
-1
1688
1688
1688
1688
1688
1689
1689
1689
1689
1690
1690
1690
1690
1691
1691
1691
1691
1691
1691
1691
1692
1692
1692
1693
1693
1693
1693
1694
1694
1694
1694
-1
1695
871
871
1696
1696
1696
1696
1696
1697
1697
1697
1697
1697
1697
1697
-1
1698
1698
1698
1699
1699
1699
1699
1700
1700
1700
1700
1700
1700
1700
1700
1701
1701
1701
1701
1701
1701
1701
1702
1702
1702
1702
1702
1702
1702
1702
1703
1703
1703
1703
1703
1703
1703
1704
1704
1704
1704
1704
1704
1705
1705
1705
1705
1705
-1
1706
1706
1706
1706
1706
-1
1707
1707
1707
1707
1708
1708
1708
1708
1709
1709
1709
1709
1709
1709
1710
1710
1710
1710
1711
1711
1711
779
1712
1712
1712
1712
1712
1713
1713
1713
1713
1713
1713
1714
1714
1714
1714
1714
1714
1714
-1
1715
1715
1715
-1
1716
1716
1716
1717
1717
1717
1717
1718
1718
1719
1719
1719
1719
1719
1719
-1
-1
-1
-1
1720
1720
-1
-1
1721
1721
1722
-1
1723
1723
-1
1724
1070
1070
-1
-1
1725
242
-1
1726
1726
1726
1727
1727
1727
1727
1727
-1
-1
1728
1728
1729
1729
1729
1729
1729
1729
1729
-1
1730
1730
1103
-1
1731
1731
1731
-1
1732
1732
1732
1733
1733
1733
1733
1733
-1
-1
1734
1734
-1
1735
1735
1735
1736
1736
1736
1736
1736
1736
-1
1737
1737
1737
1738
1739
1739
1739
-1
1740
1740
1740
1741
1741
1741
1741
1741
-1
1742
1742
-1
-1
1062
830
-1
-1
1743
-1
1744
1744
1744
1744
1744
1744
-1
-1
1745
166
1746
1591
1591
1591
1591
1591
1591
-1
-1
-1
-1
-1
-1
1747
1747
1748
1748
1748
1748
1748
1749
1749
1749
1749
1749
1749
1749
1750
1750
1750
1750
1750
1750
1750
-1
1751
1751
1751
-1
2074
-1
1752
1752
1752
1752
-1
1753
640
640
1754
1754
1754
1754
1754
1754
1754
-1
1755
1755
1755
1756
1756
1756
1756
1757
1757
1757
-1
1758
1758
1758
1758
1758
1759
1625
1625
1625
1625
1625
1760
1760
1760
1760
-1
1761
1761
1761
1762
1762
1762
1762
1762
1762
1762
1763
1763
1763
1763
1763
1763
1763
1764
1764
1764
1764
1765
1765
1765
1765
1766
1766
1766
1766
1767
1767
1767
1767
1767
1767
1767
1768
1768
1768
227
1769
1769
1769
1769
1770
1770
1770
1770
1771
1771
1771
1771
1772
1772
1772
1772
1773
746
746
746
1774
1774
1774
1774
1775
1775
1775
1775
1776
1776
1776
1776
1777
1777
1777
1777
1778
1778
1778
1778
1778
1779
1779
1779
1779
1780
1780
1780
1780
1781
1781
1781
1781
1782
1782
1782
1782
1783
1783
1783
1783
1784
1784
1784
1785
1785
1785
1785
1785
1785
1785
1786
1786
1786
1786
-1
1787
1787
1787
1787
1787
1787
1787
-1
-1
1788
1788
-1
-1
-1
1789
1789
873
-1
1790
1790
-1
1791
1791
1791
1792
1792
1792
1792
1792
1792
1792
-1
1793
1793
1793
1794
1794
1794
1794
1794
1794
1794
1795
1795
1795
1795
1795
1796
-1
1797
1797
-1
-1
1798
1798
-1
-1
1799
1799
-1
1800
1800
1800
-1
1801
1801
1801
-1
-1
1802
1802
-1
-1
1803
1803
1804
1804
1804
1804
1804
1804
1805
1805
1805
1805
1805
1805
1805
-1
788
788
788
1806
1806
1807
1807
1807
1807
1807
1807
1807
1808
1808
1808
1808
1808
1808
1808
-1
391
1809
1809
-1
-1
1810
1810
-1
125
125
125
1811
-1
1812
1812
-1
1813
1813
1813
-1
1814
1814
1814
1814
1814
1814
1814
1815
1815
1815
1815
1815
1815
1815
1816
905
905
905
1817
1817
1817
1817
1817
1818
1818
1818
1818
1818
1818
1819
1819
1819
1819
-1
1820
1820
1820
-1
1821
1821
1821
-1
1822
1822
1477
-1
1823
1823
1823
1824
1824
1824
1824
-1
1825
1825
1825
-1
1826
1826
1826
-1
1827
1827
1827
-1
1828
1828
1828
1829
1829
1829
1829
1829
1830
1830
1830
1830
1830
1830
1830
1831
1831
1831
1831
1831
1831
-1
1832
729
729
-1
1833
1833
1833
1834
848
1835
1336
1336
-1
1836
1836
1836
-1
1837
1837
1837
-1
1838
1838
1838
-1
1839
1839
1839
1840
1840
1840
1840
1841
1841
1841
-1
1842
1842
1842
1843
1843
1844
1844
1844
-1
1845
240
240
-1
1846
1846
1847
1847
1847
1847
1847
1847
1847
1848
1848
1848
1848
1848
1848
1848
1849
1849
1849
1849
1850
1850
1850
1850
1851
1121
1121
1121
1852
1852
1852
1852
1852
1852
1852
1853
1853
1853
1853
1853
1853
1853
1854
1854
1854
1854
1854
1855
1855
1855
1855
1855
1855
1855
-1
358
358
358
-1
1856
1856
1857
1857
1857
1857
1857
1857
1858
1858
1858
1858
1858
1859
1860
1860
1860
1861
1861
1861
1861
1861
1861
1861
1862
1863
1863
1863
-1
1864
1864
1864
-1
1865
1865
1865
-1
1866
1866
1866
-1
1867
1867
1867
-1
1868
1868
1868
-1
-1
1869
1869
-1
-1
-1
1870
1870
1870
1870
1870
1870
1870
1871
1871
1872
1872
1872
1872
1873
1873
1873
1873
1873
1873
1873
1873
1874
1874
1874
1874
1874
1875
1875
1875
1875
1875
1875
1875
-1
1876
1876
1876
1876
1876
1877
1877
1877
1877
1878
1878
1878
1878
1879
1879
1879
1879
1880
1880
1880
1880
1881
1881
1881
1881
1882
1882
389
389
-1
1883
1883
1883
1883
1884
1884
1884
1884
1884
1884
1884
-1
1885
1885
1885
1886
1886
1886
1886
1886
1886
1887
1887
1887
1887
1887
1887
1887
1888
1850
1850
1850
1889
1889
1889
1889
1890
1890
1890
1890
1890
1890
1890
1891
1891
1891
1891
1891
1891
1891
1892
1892
1892
1893
1893
1893
1893
1893
1893
1894
1894
1894
1894
1895
1895
1895
1895
1896
1896
1897
1897
1897
1898
1898
1898
1898
1898
1899
1899
1899
1899
1899
1899
1899
1900
1900
1900
1900
1900
1900
1900
1901
1901
1901
1901
1902
1902
1902
1902
1903
1903
1903
1903
1904
1904
1904
1904
1904
1904
1904
1905
1905
1905
1905
1905
-1
1906
1906
1906
1906
1906
1907
1907
1907
1907
1907
1907
1907
1907
1908
1908
1908
1908
1909
1909
1909
1909
1909
-1
1910
1910
1910
1910
1911
933
933
933
1912
1912
1912
1912
1912
1912
1913
1913
1913
1913
1913
1914
1914
1914
1915
1915
1915
1915
1915
-1
1916
1916
1916
1917
1917
1917
1917
1917
1917
1917
-1
1918
1918
1918
-1
1919
1919
1919
1920
1920
1920
1920
1921
1921
1921
1922
1567
1567
1567
1567
1567
1923
1644
1644
1644
1924
1924
1924
1924
1924
1925
1925
1925
1925
1926
540
540
540
1927
1927
1927
1927
1928
1928
1928
1928
1929
1929
1929
1929
-1
1930
1930
1930
1931
1931
1931
1931
1932
1932
1932
1933
1933
1933
1933
1934
1934
1934
1934
1935
1935
1935
1935
1935
1936
1936
1936
1936
1936
1936
1937
1937
1937
1937
1937
1937
1937
1938
1938
1938
1939
1939
1939
1939
1940
1940
1940
1940
1941
1941
1941
1941
1941
1941
1941
1942
1942
1942
1942
1942
-1
-1
-1
-1
-1
-1
-1
1943
1943
1943
1943
1943
1943
1943
1944
1944
1944
1945
1945
1945
1945
1946
1946
1946
1946
1947
1947
1947
1947
1947
1947
1947
-1
1948
1948
1948
1948
-1
1859
1859
1859
-1
1949
1949
1949
-1
1950
1950
1950
-1
1951
1951
1951
-1
1952
1952
1952
-1
1953
1953
1953
1954
1954
1954
1954
1954
1954
1955
1955
1955
1955
1955
1955
1956
1956
1956
1956
1956
1956
1956
1957
1957
1957
1957
1957
1957
1957
1958
1958
1958
1958
1959
1959
1959
-1
-1
1960
1960
1960
1960
-1
1961
1961
1961
-1
1962
1962
1962
1963
1964
1964
1964
-1
1965
1965
1965
-1
1966
1966
1966
-1
1967
1967
1967
-1
1968
1968
987
1969
1969
1969
1969
1970
1970
1970
1970
1971
1971
1971
1972
1972
1972
1972
1973
1973
1973
1973
1973
1974
1974
1974
1974
1974
1974
1974
-1
1975
1975
1975
1976
1976
1976
1976
1976
-1
1977
1977
1977
1977
1977
1977
1978
1978
1978
1978
1979
1979
1979
-1
1980
1980
1765
1981
1981
1981
1981
1981
1981
1981
-1
1982
1982
1982
-1
1983
1983
1983
1984
1984
1984
1984
1985
1985
1985
1986
1986
1986
1986
1986
1987
1987
1987
-1
-1
1988
1988
1988
1989
1989
1989
1989
1989
1989
1989
-1
1990
1990
1990
-1
1991
1991
1991
1992
1992
1992
1992
-1
1993
1993
1993
1994
1994
1994
1994
1995
1995
1995
178
-1
1996
1996
1996
-1
1997
1997
1997
-1
1998
1998
1998
-1
1999
1999
1999
-1
2000
2000
2000
-1
1862
1862
290
2001
2001
-1
2002
2002
529
2003
2003
2003
2003
2003
2003
2003
2004
2004
2004
2004
2004
2004
2005
2006
2006
2006
-1
2007
2007
2007
2008
2008
2008
2008
2008
-1
2009
2009
2009
2010
2010
2010
2010
2010
2010
2010
2011
2011
2011
2011
2011
2011
2011
-1
2012
2012
-1
2013
2013
2014
2014
2014
2014
2014
2014
2014
2015
2015
2015
2015
2015
2016
2016
2016
2016
2017
2017
2017
2017
2017
2017
2017
2018
2018
2018
2018
2019
2019
2019
2019
2019
2020
2020
2020
2020
2021
2021
2021
2021
2022
2022
2022
2022
2023
2023
2023
2023
2024
2024
2024
2024
2025
2025
2025
2025
2026
2026
2026
2026
2027
2027
2027
2027
2027
2027
2027
2028
2028
2028
2028
2029
2029
2029
287
2030
2030
2030
2030
2031
2031
2031
1661
2032
139
139
139
2033
2033
2033
2033
2034
2034
2034
2034
2034
2034
2034
2035
2035
2035
2035
2036
2036
2036
2036
2037
2037
2037
2037
2038
2038
2038
2038
2038
2039
2039
2039
2039
2039
2039
2039
2040
2040
2040
2040
2040
2040
2040
2041
2041
2041
2041
2041
2041
2042
2042
2042
2042
2042
2042
-1
2043
2043
2043
-1
2044
2044
2044
-1
2045
2045
2045
-1
2046
2046
2046
2047
2047
2047
2048
2048
2048
2048
2048
2048
2048
2049
2049
2049
2049
2050
2050
2050
2050
2050
2050
2050
2050
2051
2051
2051
2051
2051
2051
2051
2052
2052
2052
2052
2052
2052
2052
-1
2053
2053
2053
2054
2054
2054
2054
2054
2054
2054
-1
2055
2055
2055
-1
-1
-1
2056
2056
2056
2056
2056
2057
2057
2057
2057
2058
2058
2058
2058
2058
2059
57
57
57
57
57
2060
2060
2060
2060
2060
2060
2060
2061
2061
2061
2061
2061
-1
-1
2062
2062
-1
-1
-1
2063
2063
2064
2064
2064
2064
2064
-1
2065
2065
-1
2066
2066
2066
2067
2067
2067
2067
2067
-1
2068
2068
2068
-1
2069
2069
2069
2070
2070
2070
2070
2070
2070
2071
2071
2071
2071
2071
2071
2072
2072
2072
2072
2072
2072
-1
-1
2073
2073
2074
-1
2075
2075
-1
-1
2076
2076
-1
2077
2077
2077
2077
2078
1253
1253
1253
-1
-1
2079
2079
2079
2080
2080
2080
2080
2081
2081
2082
2082
2082
2082
