0
0
0
0
1
1
1
1
2
2
2
2
3
3
3
4
4
4
4
4
5
5
5
5
-1
6
6
6
6
7
7
7
7
8
8
8
8
9
9
9
9
10
10
10
10
10
10
10
11
11
11
11
11
11
11
12
12
12
12
12
12
12
12
13
13
13
13
14
14
14
14
15
15
15
15
16
16
16
16
17
17
17
17
18
18
18
18
19
19
19
19
20
20
20
20
21
21
21
21
21
21
21
22
22
22
22
23
23
24
24
24
24
25
25
26
26
27
27
27
28
28
28
28
29
29
29
29
30
30
30
30
31
31
31
31
31
31
32
32
32
32
32
32
32
33
33
33
33
34
34
35
35
35
35
35
35
35
36
36
36
36
37
37
37
37
38
38
38
38
39
39
39
39
40
40
40
41
41
41
41
42
42
42
42
43
43
43
43
43
44
44
44
44
44
45
45
45
45
46
46
46
46
47
47
47
47
48
48
48
48
49
49
49
49
50
50
50
50
50
50
853
-1
51
51
52
52
52
52
53
53
53
53
54
54
54
54
-1
55
55
55
55
-1
-1
56
56
55
55
57
57
57
57
58
55
55
55
59
59
59
59
60
54
54
54
61
61
61
61
62
55
55
55
63
63
63
63
64
64
65
65
65
-1
-1
66
66
66
67
67
67
67
67
68
68
68
68
68
-1
69
69
69
69
69
69
69
70
70
70
70
71
71
71
71
72
72
72
72
72
72
73
73
73
73
74
74
74
74
74
-1
75
75
75
75
76
76
76
76
77
77
77
77
77
77
78
78
78
78
79
79
79
79
80
80
80
80
80
80
80
81
81
81
81
81
81
81
82
82
82
83
83
83
83
84
84
84
85
85
85
86
86
86
87
87
87
88
88
88
-1
89
89
89
89
89
90
90
90
90
91
91
91
91
92
92
92
93
93
93
93
93
93
93
94
94
94
94
95
95
95
95
95
95
96
96
96
96
96
96
97
97
97
97
97
97
-1
98
98
99
99
99
99
99
99
99
99
100
100
100
100
101
101
101
101
102
102
102
102
103
103
104
104
104
104
104
104
105
105
105
106
106
106
106
106
-1
107
107
107
-1
108
108
108
-1
109
109
109
110
110
110
110
111
111
111
111
112
112
112
112
113
113
113
113
113
113
114
114
114
114
114
114
115
115
115
115
115
115
-1
-1
-1
-1
-1
-1
-1
-1
116
116
116
116
116
116
116
117
117
117
117
117
117
117
118
118
118
118
118
118
119
119
119
119
119
119
119
120
120
120
120
120
120
120
121
121
121
121
121
121
121
122
122
122
-1
123
123
123
-1
124
124
124
-1
125
125
125
126
126
126
126
127
127
127
128
128
128
128
128
128
129
129
129
129
129
129
129
130
130
130
130
130
130
131
131
131
131
131
131
132
132
132
132
132
132
132
133
133
133
133
133
133
133
134
134
134
134
134
134
134
-1
135
135
135
-1
136
136
136
-1
137
137
137
-1
138
138
138
-1
139
139
139
-1
140
140
140
141
141
141
141
141
141
141
142
142
142
142
142
142
142
143
143
143
143
144
144
144
144
144
144
145
145
145
145
146
146
146
146
147
147
148
148
148
148
-1
149
149
149
150
150
150
150
-1
151
151
151
152
152
152
152
153
153
153
154
154
154
154
154
154
154
155
155
155
155
155
155
155
156
156
156
156
157
157
157
157
158
158
158
158
158
158
158
159
159
159
159
159
159
159
160
160
160
160
160
160
160
161
161
-1
162
162
162
162
162
162
162
163
163
163
163
163
163
164
164
164
164
165
165
165
165
166
166
166
166
-1
167
167
167
168
168
168
168
168
168
168
169
169
169
169
169
169
170
170
170
170
170
171
171
171
172
172
173
173
174
174
174
174
175
175
175
175
176
176
176
176
176
176
177
177
177
177
177
178
178
178
178
178
178
-1
179
179
179
-1
180
180
180
-1
181
181
181
-1
182
182
182
183
183
183
183
184
184
184
184
185
185
185
185
186
186
186
186
187
187
-1
188
188
188
188
189
189
189
190
190
190
190
191
191
191
192
192
193
193
193
193
194
194
194
194
194
194
194
195
195
195
195
195
195
195
196
-1
197
197
197
197
-1
198
198
198
199
199
199
199
199
199
199
-1
-1
200
200
-1
-1
201
201
-1
-1
202
202
203
203
203
203
203
204
204
204
204
204
204
204
205
205
205
205
-1
206
206
206
206
207
207
207
207
208
208
208
208
208
208
209
209
209
209
209
209
209
210
210
210
210
-1
211
211
211
211
212
212
212
212
212
212
212
213
214
214
214
-1
215
215
215
216
216
216
216
216
217
217
218
218
218
218
218
219
219
219
219
219
219
219
219
220
220
220
220
221
221
221
221
221
221
221
222
222
222
222
222
222
222
-1
223
223
223
223
-1
224
224
224
-1
225
225
225
226
226
226
226
227
227
227
227
228
228
228
228
228
228
228
229
229
229
229
230
230
230
230
230
230
230
231
231
231
-1
232
232
232
232
233
233
233
233
233
234
234
234
234
235
235
235
235
235
235
236
236
236
236
237
237
237
237
238
238
238
238
238
238
238
239
239
239
239
239
239
240
174
174
174
241
241
241
241
241
241
241
242
242
242
242
243
243
243
243
244
244
244
244
244
245
245
245
245
246
246
246
246
246
246
246
247
247
247
247
248
248
248
248
248
248
248
249
249
249
250
250
250
-1
251
251
251
251
251
251
251
252
252
252
252
252
252
252
253
253
253
253
253
253
253
253
254
254
254
254
255
255
255
255
256
256
256
256
257
257
257
257
257
257
257
258
258
258
258
259
259
259
259
260
260
260
260
260
260
260
261
261
261
261
262
262
262
262
263
263
263
263
264
264
265
265
265
-1
266
266
266
-1
267
267
267
268
268
268
268
268
268
268
-1
269
269
269
-1
270
270
270
271
271
271
272
272
272
272
-1
273
273
273
274
274
274
274
-1
275
275
275
-1
276
276
276
277
277
277
277
277
277
277
-1
-1
278
278
-1
-1
-1
-1
279
279
279
279
279
279
279
-1
280
280
280
280
-1
-1
281
281
-1
-1
-1
282
282
282
282
282
282
282
283
283
-1
-1
284
284
284
-1
-1
-1
285
285
285
286
286
286
286
-1
287
287
287
287
287
287
287
288
288
288
288
288
-1
289
289
289
-1
290
290
290
291
291
291
291
291
292
292
292
292
292
293
293
293
293
293
293
293
294
294
294
294
295
295
295
295
296
296
296
296
297
297
297
-1
298
298
298
299
299
299
299
300
300
300
300
300
301
301
301
301
301
301
301
302
302
296
296
303
303
303
303
-1
304
304
304
-1
305
305
305
306
306
306
306
306
306
306
307
307
307
307
307
307
307
308
308
308
308
-1
309
310
310
311
311
311
311
312
312
312
312
313
313
313
313
313
313
313
314
314
314
314
314
314
314
-1
-1
315
315
315
315
316
316
316
316
317
317
309
309
318
318
318
319
319
319
320
320
320
321
321
321
321
321
321
321
322
322
322
323
323
323
323
323
323
323
324
324
324
324
324
324
325
325
325
326
326
326
-1
327
327
327
-1
328
328
328
-1
329
329
329
330
330
330
330
331
331
331
331
332
332
332
332
332
333
333
333
333
334
334
334
334
334
334
334
335
335
335
335
335
335
335
336
336
336
336
336
336
336
337
337
337
337
337
337
337
338
338
338
338
338
338
338
339
339
339
339
339
339
339
340
340
340
340
340
340
340
-1
341
341
341
342
342
342
342
343
343
343
343
344
344
344
344
345
345
345
345
345
345
345
345
346
346
346
346
346
347
347
347
347
347
348
348
349
349
349
349
350
350
350
351
351
351
351
351
351
351
352
352
352
352
352
352
352
353
353
353
353
354
354
354
354
-1
355
355
356
356
356
356
-1
357
357
357
358
358
358
358
358
358
359
359
359
359
360
360
360
360
361
361
361
362
362
362
363
363
363
364
364
364
365
365
365
366
366
366
366
367
367
367
367
367
-1
368
368
368
-1
369
369
369
-1
370
370
370
-1
371
371
371
-1
372
372
372
-1
373
373
373
374
374
374
374
374
374
374
375
375
375
375
375
375
375
376
376
376
376
376
376
376
377
377
377
377
378
378
378
378
379
379
379
379
380
380
380
380
380
380
-1
381
381
381
-1
382
382
382
-1
383
383
383
-1
384
384
384
-1
385
385
385
386
386
386
386
387
387
387
387
388
388
388
388
-1
389
389
389
390
390
390
390
390
-1
391
391
391
-1
392
392
392
393
394
394
394
395
395
395
395
396
396
396
396
397
397
397
397
-1
398
398
398
-1
399
399
399
-1
400
400
400
-1
401
401
401
-1
402
402
402
-1
403
403
403
404
404
404
404
405
405
405
405
405
405
405
406
406
406
406
406
406
406
406
407
407
407
407
407
407
407
408
408
408
408
408
408
408
-1
409
409
409
-1
49
-1
410
410
410
-1
411
411
411
412
412
412
412
412
412
413
413
413
413
413
413
413
-1
414
414
414
415
415
415
415
416
416
416
417
417
417
417
417
417
418
418
418
-1
419
419
419
-1
420
420
420
421
421
421
421
422
422
422
422
422
422
422
-1
423
423
423
424
424
-1
425
425
425
-1
426
426
426
-1
427
427
427
-1
-1
428
428
428
429
429
429
430
430
431
431
431
431
431
431
431
432
432
432
432
433
433
433
433
434
434
434
434
435
435
435
435
436
436
436
436
437
437
437
437
437
437
437
438
438
438
438
438
438
438
438
439
439
439
439
439
439
439
440
440
440
441
441
441
-1
442
442
442
442
442
443
443
443
443
444
444
444
444
444
445
445
445
-1
446
446
446
-1
447
447
447
448
448
448
448
449
449
449
449
450
450
450
450
450
450
450
450
451
451
451
451
452
452
452
452
453
453
453
453
454
454
454
454
454
454
454
455
455
455
455
455
455
455
456
456
456
456
456
456
456
457
457
457
457
457
458
458
458
458
458
-1
459
459
459
-1
460
460
460
-1
461
461
461
-1
462
462
462
-1
463
463
463
464
464
464
9
465
465
465
465
-1
466
466
466
467
467
467
467
467
467
468
468
468
468
-1
469
469
470
470
470
470
470
470
-1
471
471
471
471
471
472
472
472
472
472
472
473
473
473
473
473
473
473
474
474
474
474
474
474
475
475
475
475
475
475
475
476
476
476
476
476
476
477
477
477
477
477
477
477
-1
478
478
478
479
479
479
479
479
479
480
480
480
480
480
480
480
481
481
482
482
-1
483
483
483
483
484
484
484
484
484
484
484
485
485
485
485
-1
486
486
486
-1
487
487
487
488
488
489
489
489
489
489
489
490
490
490
490
-1
491
491
491
-1
492
492
492
493
493
493
493
493
493
493
493
-1
494
494
494
495
348
348
348
348
-1
496
496
496
497
497
497
497
498
498
498
498
498
498
498
499
499
499
500
500
500
500
501
501
501
501
501
501
502
502
502
502
502
502
502
-1
62
62
62
503
503
503
504
504
504
504
-1
505
505
505
506
506
506
506
-1
507
507
507
508
508
508
509
509
509
510
510
510
511
511
511
511
511
511
511
512
512
512
512
513
513
513
514
514
514
514
515
515
515
515
-1
516
516
516
517
517
517
517
517
-1
518
518
518
519
519
519
519
519
519
519
-1
520
520
520
521
521
522
522
522
523
523
523
523
524
524
524
524
525
525
525
525
526
526
527
527
527
527
528
528
528
528
529
529
529
529
529
530
530
530
530
531
531
531
531
531
531
531
531
532
532
532
533
533
533
533
534
534
534
534
534
534
534
535
535
535
535
535
536
536
536
536
536
536
536
537
537
537
537
537
537
538
538
538
538
538
539
539
539
539
540
540
540
540
541
541
541
542
542
542
542
543
543
543
543
544
544
544
544
545
545
545
545
546
546
546
546
547
547
547
547
548
548
548
548
548
548
548
549
549
549
549
549
550
550
550
550
550
550
551
551
551
551
551
551
551
551
552
552
552
552
552
553
553
553
553
553
553
553
554
554
554
554
554
554
554
554
555
555
555
556
556
556
-1
-1
226
-1
557
557
557
558
558
558
558
558
558
558
-1
-1
-1
559
559
559
559
560
560
560
560
560
560
560
-1
297
297
561
561
561
561
562
562
562
562
562
562
562
-1
563
563
563
-1
564
564
-1
565
565
565
-1
-1
566
566
-1
567
567
567
568
569
569
569
570
570
570
570
-1
571
571
571
572
572
572
572
572
572
573
573
573
573
574
574
574
574
575
575
575
575
575
575
575
576
576
576
576
577
577
578
578
578
579
579
579
580
580
580
580
580
-1
581
581
581
-1
582
582
582
583
583
583
-1
-1
584
584
584
585
585
585
585
585
585
585
-1
586
586
586
587
587
587
587
588
588
588
588
588
589
589
589
589
589
590
590
590
590
590
590
590
591
591
591
591
591
591
591
592
592
592
592
593
593
593
594
594
594
594
594
-1
595
595
595
-1
596
596
596
-1
597
597
597
-1
598
598
598
-1
599
599
599
600
600
600
600
600
600
601
601
601
601
601
601
-1
602
602
602
-1
603
603
603
-1
604
604
604
-1
605
605
605
606
606
606
606
606
607
607
607
607
607
607
607
608
608
608
608
608
608
608
-1
609
609
609
610
610
610
610
610
610
610
610
611
611
611
611
611
611
611
612
612
612
-1
613
613
613
-1
614
614
614
-1
615
615
615
-1
616
616
616
617
617
618
618
618
-1
619
619
619
-1
620
620
620
-1
621
621
621
-1
-1
622
622
-1
623
623
623
624
624
624
624
624
624
624
624
625
625
625
-1
-1
-1
626
626
626
626
626
626
-1
627
627
627
627
627
627
628
628
628
628
628
628
628
-1
-1
629
629
-1
630
630
630
-1
-1
631
631
-1
-1
632
632
633
633
633
633
-1
634
634
634
634
-1
635
635
635
-1
636
636
636
637
637
637
637
637
638
638
638
638
638
638
-1
639
639
639
640
640
640
640
640
640
640
641
641
641
641
-1
642
642
642
643
643
643
644
644
644
644
645
645
645
645
-1
646
646
646
-1
647
647
647
-1
-1
648
648
-1
649
649
649
-1
213
213
213
-1
650
650
650
-1
-1
-1
651
651
-1
652
652
652
-1
-1
-1
-1
653
653
653
653
653
653
653
-1
654
654
654
655
655
655
655
656
656
656
656
-1
657
657
657
657
657
658
658
658
658
658
658
658
659
659
659
659
660
660
660
661
661
661
661
661
661
661
662
662
662
662
-1
663
663
663
663
663
663
663
663
-1
-1
664
664
-1
665
665
665
-1
666
666
666
667
667
667
667
668
668
668
668
668
668
669
669
669
669
670
670
670
670
671
671
671
671
672
672
672
672
673
673
673
673
674
674
674
674
675
675
675
675
676
676
676
676
-1
677
677
677
677
678
678
678
678
679
679
679
679
680
680
680
680
681
681
681
681
682
682
682
682
-1
683
683
683
-1
684
684
684
685
685
685
685
685
685
685
-1
686
686
686
-1
687
687
687
-1
688
688
688
689
689
689
689
689
689
689
-1
690
690
690
-1
691
691
691
692
692
-1
693
693
693
694
694
694
694
694
695
695
695
695
695
695
696
696
696
696
696
696
696
697
697
697
697
697
698
698
698
698
698
698
699
699
699
699
699
699
699
700
700
700
700
700
700
-1
701
701
702
702
702
702
703
703
54
54
-1
704
704
704
705
705
705
705
705
705
705
706
706
706
707
707
707
707
708
708
708
708
708
709
709
709
709
710
710
710
710
711
711
711
711
712
712
712
712
712
712
713
713
713
713
713
-1
714
714
714
714
714
714
715
715
715
715
715
715
715
715
-1
-1
716
716
717
717
717
717
717
717
717
718
718
718
718
718
718
718
719
719
719
719
719
719
719
720
720
720
720
720
720
720
721
721
721
722
722
723
723
723
723
723
723
723
724
724
724
724
724
724
725
725
725
725
726
726
726
726
-1
727
727
727
728
728
728
728
728
728
728
729
729
729
729
729
729
729
730
730
730
730
731
731
731
731
732
732
732
732
732
733
733
733
733
734
734
734
734
734
734
734
-1
735
735
735
736
736
736
736
736
736
-1
737
737
737
-1
-1
738
738
-1
739
389
389
740
740
740
740
740
740
740
741
741
741
741
742
742
742
742
742
742
742
743
743
743
743
743
743
743
743
744
744
744
744
744
744
-1
745
745
745
745
745
746
746
746
746
746
747
747
747
747
747
747
747
748
748
748
749
749
749
749
749
749
750
750
750
750
751
751
751
751
752
752
752
752
753
753
753
753
753
753
753
-1
754
754
754
755
755
755
755
756
756
756
756
756
756
756
757
757
757
757
758
758
759
759
759
759
759
759
760
760
761
761
761
761
761
761
761
762
762
762
762
762
762
762
763
763
763
763
764
764
764
764
764
764
764
765
765
765
765
765
765
765
766
766
766
766
767
767
767
767
768
768
768
768
769
769
769
769
769
769
769
770
770
770
771
771
771
771
771
771
771
772
772
772
772
773
773
773
773
774
774
774
774
775
775
776
776
776
777
777
777
-1
778
778
778
-1
779
779
779
-1
780
780
780
781
781
781
781
782
782
782
782
-1
783
783
783
-1
784
784
784
-1
785
785
785
786
786
786
786
787
787
787
787
788
788
788
788
788
788
789
789
789
789
789
789
789
790
790
791
791
791
791
791
791
791
791
792
792
792
792
793
793
793
794
794
794
795
795
795
795
795
796
796
796
796
797
797
797
797
798
798
798
798
798
799
799
799
799
800
800
800
801
801
801
802
802
802
802
802
-1
803
803
803
803
803
803
803
803
804
804
804
804
804
-1
805
805
805
-1
-1
806
806
807
807
807
807
807
808
808
808
-1
809
809
809
810
810
811
811
811
811
812
812
812
812
812
813
813
813
813
813
813
814
814
814
814
814
814
814
814
815
815
815
815
815
815
815
816
816
816
816
816
816
816
816
-1
817
817
817
-1
818
818
818
819
819
819
819
819
-1
820
820
820
820
820
821
821
821
821
821
821
-1
822
822
822
-1
823
823
823
-1
-1
824
824
-1
825
825
825
826
826
826
826
826
827
827
827
827
827
827
827
-1
-1
828
828
829
829
829
829
829
829
829
829
-1
-1
830
830
-1
831
831
831
-1
832
832
832
-1
833
833
833
-1
-1
834
834
-1
835
835
-1
-1
836
836
836
836
836
836
836
-1
837
837
838
838
838
838
838
-1
839
839
839
-1
-1
840
840
-1
-1
841
841
842
842
842
842
842
842
842
843
843
843
843
843
843
-1
844
844
844
-1
-1
845
845
846
846
846
846
846
846
847
847
847
847
847
847
848
848
848
848
848
848
848
-1
849
849
-1
850
850
-1
851
851
851
-1
-1
852
852
-1
853
854
854
-1
855
855
855
-1
-1
856
856
-1
857
857
857
-1
858
858
858
858
858
858
858
859
859
859
859
860
860
860
860
860
860
860
-1
861
861
861
-1
862
862
862
-1
863
863
863
-1
864
864
864
-1
865
865
865
866
866
866
866
866
866
866
-1
867
867
867
868
868
868
868
868
868
868
868
869
869
869
869
869
-1
870
870
870
-1
871
871
871
-1
872
872
872
-1
873
873
873
874
874
875
875
875
-1
876
876
876
-1
877
877
877
-1
878
878
878
-1
879
879
879
-1
880
880
880
881
881
881
881
882
882
882
882
882
882
882
-1
883
883
883
-1
884
884
884
-1
885
885
885
886
886
886
887
887
887
887
887
888
888
888
888
-1
889
889
889
-1
890
890
890
-1
891
891
891
892
892
892
893
893
893
893
894
894
894
895
895
895
895
895
895
-1
896
896
896
897
897
897
897
-1
898
898
898
899
899
899
-1
900
900
900
-1
901
901
901
-1
902
902
902
903
903
903
903
904
904
904
904
905
905
905
905
906
906
906
906
907
907
907
907
908
908
-1
909
909
909
-1
910
910
910
-1
911
911
911
912
912
912
912
912
912
913
913
913
913
913
914
914
914
914
-1
915
915
915
915
915
-1
916
916
916
917
917
917
917
917
918
918
918
918
918
918
919
919
919
919
919
920
920
920
920
920
920
920
921
921
921
921
922
922
922
922
-1
923
923
923
923
924
924
924
924
924
925
925
925
925
926
926
926
926
927
927
927
927
-1
928
928
928
929
929
929
929
929
929
929
930
930
930
930
930
930
930
931
931
931
931
931
931
932
932
932
932
933
933
933
934
934
934
934
934
934
934
-1
935
935
935
935
936
936
936
936
937
937
937
937
937
938
938
938
938
938
-1
939
939
939
939
939
939
939
940
940
940
940
940
940
940
941
941
941
941
941
941
-1
942
942
942
-1
943
943
943
944
944
944
944
944
944
945
945
945
945
945
945
946
946
946
946
946
946
946
947
947
947
947
-1
948
948
948
949
949
949
949
949
949
949
-1
-1
-1
-1
950
950
950
950
951
951
951
951
952
952
952
952
953
953
953
953
953
-1
954
954
954
954
954
954
954
955
955
955
955
955
955
955
956
956
956
956
956
957
957
957
957
958
958
958
958
959
959
960
960
960
961
961
961
962
962
962
962
963
963
963
963
964
964
964
965
965
965
965
966
966
966
966
967
967
967
967
968
968
968
968
969
969
969
970
970
970
970
970
970
970
971
971
971
971
972
972
972
972
973
973
973
974
974
974
974
974
974
974
975
975
975
975
976
976
976
976
977
977
977
977
977
977
977
978
978
978
978
979
979
979
979
980
980
980
980
980
980
-1
981
981
981
982
982
982
982
982
982
982
-1
-1
983
984
984
984
984
984
-1
-1
985
985
-1
986
986
986
-1
-1
987
987
-1
-1
988
988
-1
-1
989
989
-1
990
990
990
-1
991
991
991
-1
992
992
992
-1
-1
993
993
-1
-1
994
994
-1
-1
995
995
-1
996
996
996
997
997
997
997
997
997
997
998
998
998
998
998
998
998
999
999
999
999
999
999
999
1000
1000
1000
1000
1000
1000
1000
-1
-1
1001
1001
-1
-1
1002
1002
1003
1003
1003
1003
1003
-1
1004
1004
-1
1005
1005
1005
-1
1006
1006
226
-1
1007
1007
597
1008
1008
1008
1008
1008
1008
1009
1009
1009
1009
1009
1009
1009
-1
1010
1010
1010
-1
-1
-1
1011
1011
1011
1011
1011
1011
1011
1012
1012
1012
1012
1012
1012
1012
-1
1013
1013
1013
1014
1014
1014
1014
1015
1015
1015
1015
1015
1015
1016
1016
1016
1016
1016
1016
1016
1017
1017
1017
1017
1017
1017
1017
-1
-1
1018
1018
1018
1018
1018
1018
1018
-1
1019
1019
1019
-1
1020
1020
1020
-1
1021
1021
1021
1022
1022
1022
1022
1022
1022
1022
1023
1023
1024
1024
1024
1024
1025
1025
1025
1025
1026
1026
1026
1026
1027
1027
1027
1027
1028
1028
1028
1028
1029
1029
1029
1029
1030
1030
1030
1030
1031
1031
1031
1031
1031
1032
1032
1032
1032
1033
1033
1033
1033
1034
1034
1034
1034
1035
1035
1035
1035
1035
1035
1035
1035
1036
1036
1036
1036
1036
1036
1037
1037
1037
1037
1037
1037
1037
1038
1038
1038
1038
1039
1039
1039
1039
1039
1039
1040
1040
1040
1040
1041
1041
1041
1041
1041
-1
-1
1042
1042
1042
1042
-1
1043
1043
1043
-1
1044
1044
1045
1046
1046
1046
-1
1045
1045
1045
-1
1047
1047
-1
1048
1048
1048
-1
1049
1049
-1
-1
1050
1050
1051
1051
1051
1051
1051
1051
1051
1052
1052
1053
1053
1053
1053
1053
1054
1054
1054
1054
1055
1055
1055
1056
1056
1056
-1
1057
1057
1057
1057
1057
1058
1058
1058
1058
1059
1059
1059
1059
1059
1059
1059
-1
1060
1060
1060
1061
1062
1062
1062
-1
1063
1063
1063
1064
1064
1065
1065
1066
1066
1066
1066
1066
1066
1066
-1
1067
1067
1067
1068
1068
1068
1068
1068
1069
1069
1069
1069
1069
1069
1069
1070
1070
1070
1070
1070
1071
1071
1071
1071
1071
1071
1071
1071
1072
1072
1072
1072
1073
1073
1073
1073
1073
1073
1073
-1
-1
1074
1074
-1
206
206
206
1075
1075
1075
1075
1075
1075
1075
1075
-1
1076
1076
1076
-1
1077
1077
1077
1078
1078
1078
1078
1078
1078
1078
-1
-1
1079
1079
-1
1080
1080
1080
-1
1081
1081
1081
-1
1082
1082
1082
-1
1083
1083
1083
1084
1084
1084
1085
1085
-1
1086
1086
-1
1087
1087
-1
1088
1088
1088
-1
1089
1089
1089
-1
1090
1090
1090
-1
1091
1091
1091
-1
1092
1092
1092
1093
1093
1093
1093
1093
745
745
745
745
745
745
1094
1094
1094
1095
1095
1095
1095
1095
1095
1095
1095
-1
1096
1096
839
-1
1097
1097
1097
-1
1098
1098
1098
1099
1099
1099
1099
1099
1100
1100
1100
1100
1101
1101
1101
1101
-1
1102
1102
1102
1103
1103
1103
-1
1104
1104
1104
1105
1105
1105
1105
1106
1106
1106
1106
1106
1106
1106
1107
1107
1107
1107
-1
1108
1108
1108
1109
1109
1109
175
-1
1110
1110
1110
-1
1111
1111
1111
1112
1112
1112
1112
1112
1112
-1
1113
1113
1113
1114
1114
1114
1114
-1
1115
1115
1115
1116
1116
1116
1116
1116
1116
1116
1117
1117
1117
1117
1117
1117
1118
1118
1118
1118
1118
1118
1118
1119
1119
-1
-1
-1
-1
-1
-1
-1
1120
1120
1120
-1
1121
1121
1121
-1
1122
1122
1122
1123
1123
1123
1123
1123
1123
1123
1124
1124
1124
-1
1125
1125
1125
1126
1126
1126
1126
1127
1127
1127
1127
1127
-1
1128
1128
1128
1129
1129
1129
1129
1130
1130
1130
1130
-1
1131
1131
1131
-1
1132
1132
1132
1133
1133
-1
-1
1134
1134
1134
-1
1135
1135
1135
1136
1136
1136
1136
1137
1137
1137
1138
1138
1138
1138
1138
1138
1138
1139
1139
1139
1139
-1
-1
1140
1140
1140
1141
1141
1141
1141
1141
1142
1142
1142
1142
1142
-1
1143
1143
1143
1144
1144
1144
1144
1145
1145
1145
1145
-1
1146
1146
1146
-1
1147
1147
1147
-1
-1
-1
1148
1148
1148
1149
1149
1149
1149
1149
1149
-1
1150
1150
1150
-1
1151
1151
1151
1152
1152
1152
1153
1153
1153
1153
1154
1154
1154
1154
1155
1155
1155
1155
1155
1155
-1
1156
1156
1156
-1
1157
1157
1157
1158
1158
1158
1159
1159
1159
1159
1160
1160
1160
1160
1160
1161
1161
1161
1161
1162
1162
1162
1162
1163
1163
1163
1163
