-1
0
0
0
1
1
1
1
1
1
1
2
2
2
2
2
-1
3
3
3
-1
4
4
4
-1
5
4
4
-1
6
4
4
-1
7
7
7
8
8
8
8
8
-1
9
9
9
10
10
10
10
10
11
11
11
11
11
-1
12
12
12
-1
13
13
13
-1
14
14
14
-1
15
15
15
16
16
16
16
-1
17
17
17
-1
18
18
18
-1
19
19
19
20
20
20
-1
21
21
21
22
23
23
23
-1
24
24
24
-1
25
25
25
26
26
26
-1
-1
-1
27
27
27
-1
28
28
28
-1
29
29
29
-1
30
30
30
-1
31
31
31
-1
32
32
32
-1
33
33
33
-1
34
34
34
-1
35
35
35
-1
36
36
36
-1
37
37
37
-1
38
38
38
39
39
39
39
39
-1
40
40
40
41
41
41
41
41
41
41
41
42
42
42
42
42
42
43
43
43
-1
44
44
44
-1
45
45
45
-1
46
46
46
-1
47
47
47
48
49
49
49
50
50
50
51
51
51
51
51
51
51
52
52
52
52
52
52
52
-1
53
53
53
54
54
54
55
55
55
55
55
55
55
55
56
56
56
56
56
-1
57
57
57
58
58
58
58
-1
59
59
59
60
60
60
-1
61
61
61
62
62
62
62
62
63
63
63
63
64
64
-1
65
65
65
65
65
65
65
65
-1
66
66
66
-1
67
67
67
-1
68
68
68
-1
69
69
69
70
70
70
71
71
71
71
71
72
72
72
72
72
73
73
73
73
74
74
74
74
74
75
75
75
75
75
75
75
76
76
76
76
77
77
77
77
78
78
78
78
79
79
79
79
80
80
80
80
-1
81
81
-1
82
82
82
83
83
83
83
83
-1
84
84
84
84
84
84
-1
85
85
85
86
87
87
87
88
88
88
88
89
89
89
89
89
89
89
89
-1
90
90
90
-1
91
91
91
-1
92
92
92
93
93
93
93
93
93
93
94
94
94
94
94
94
94
95
95
95
95
95
95
95
-1
96
96
96
97
97
97
97
97
98
98
98
98
99
99
99
99
99
99
99
100
100
100
100
100
100
101
101
101
101
-1
102
102
102
103
103
103
103
103
103
103
104
104
104
104
105
105
105
105
105
106
106
106
106
107
107
107
107
108
108
108
108
108
108
108
109
109
109
109
110
110
110
110
111
111
111
111
-1
112
112
112
113
113
113
113
114
114
114
114
114
115
115
115
115
116
116
116
116
117
117
117
117
118
118
118
118
119
119
119
119
120
120
120
120
-1
121
121
121
-1
122
122
122
123
123
123
123
123
-1
-1
124
124
-1
125
125
125
-1
126
126
127
127
127
127
127
127
127
128
128
128
128
128
128
128
-1
129
129
129
130
130
130
130
130
-1
131
131
131
132
132
132
132
132
132
-1
133
133
133
-1
134
134
134
-1
135
135
135
136
136
136
136
136
136
136
137
137
137
137
137
137
-1
138
138
138
-1
139
139
139
-1
140
140
140
-1
141
141
141
142
142
142
142
142
142
142
-1
143
143
143
144
144
144
144
145
145
145
145
145
145
145
145
146
146
146
146
147
147
147
147
148
148
148
148
149
149
149
149
149
149
149
150
150
150
150
150
150
151
151
151
151
152
152
152
152
153
153
153
153
154
154
154
154
155
155
155
155
156
156
156
156
157
157
157
157
158
158
158
158
159
159
159
160
160
160
161
161
161
161
161
162
162
162
162
162
162
163
163
163
163
163
163
163
164
164
164
164
164
-1
165
165
165
165
165
165
166
166
166
166
166
166
166
167
167
167
167
167
167
168
168
168
168
168
169
169
169
169
169
169
169
-1
170
170
171
171
-1
172
172
172
173
173
173
173
173
173
174
174
174
174
174
174
175
175
175
175
175
176
176
176
176
176
176
176
-1
177
177
177
-1
178
178
178
-1
179
179
179
-1
180
180
-1
181
181
181
182
182
182
182
182
182
182
183
183
183
183
183
183
183
-1
184
184
184
-1
185
185
185
-1
186
186
186
186
187
187
187
187
187
187
188
188
188
188
188
188
188
-1
-1
189
189
-1
190
190
190
-1
191
191
191
-1
192
192
192
-1
-1
193
193
-1
194
194
194
195
195
195
195
195
195
195
-1
196
196
196
196
196
197
197
197
197
197
197
198
198
199
199
199
199
199
200
200
200
200
200
200
200
201
201
201
201
201
201
202
203
203
203
203
203
203
204
204
204
204
205
205
205
205
205
206
206
206
206
206
-1
207
207
207
-1
208
208
208
-1
209
209
209
210
210
210
210
-1
211
211
211
-1
212
212
212
213
213
213
213
214
214
214
214
214
214
215
215
215
215
215
215
215
216
216
216
217
217
217
218
218
219
219
220
220
221
221
221
221
221
221
221
221
222
222
222
222
222
223
223
223
223
-1
224
224
224
225
225
225
225
225
225
225
226
226
226
226
226
226
226
227
227
227
227
228
228
228
228
229
229
229
229
230
230
230
230
230
231
231
231
231
231
231
231
232
232
232
232
-1
233
233
233
234
234
234
234
235
235
235
235
236
236
236
236
236
-1
237
237
237
238
238
238
238
238
238
238
-1
239
239
239
-1
240
240
240
241
241
241
241
241
241
242
242
242
242
242
243
243
243
243
243
243
244
244
245
245
245
-1
246
246
246
247
247
247
247
247
247
247
247
-1
248
248
248
249
249
249
249
249
249
249
250
250
250
251
251
251
251
251
251
251
252
252
252
252
252
252
252
253
241
241
241
241
241
-1
254
254
254
255
255
255
255
256
256
256
257
257
257
257
257
257
257
-1
258
258
258
259
259
260
260
260
261
261
261
262
262
262
263
263
263
263
264
264
264
264
265
265
265
265
265
265
265
266
266
266
266
-1
267
267
267
267
268
268
268
268
268
269
269
269
269
269
269
269
270
270
270
270
271
271
271
-1
272
272
272
272
272
272
272
-1
-1
273
273
273
273
273
-1
274
274
274
275
275
275
275
275
275
275
276
276
276
277
277
277
277
278
278
278
278
278
278
279
279
279
279
279
279
280
280
280
280
280
281
281
281
281
282
282
282
282
282
282
282
282
-1
-1
283
283
283
284
284
284
284
284
284
284
285
285
285
285
285
285
285
-1
286
286
286
-1
287
287
-1
288
288
-1
-1
-1
289
289
289
290
290
290
290
290
290
291
291
291
-1
292
292
292
293
293
293
293
294
294
294
294
294
295
295
295
295
295
295
295
296
296
296
296
296
296
296
297
297
297
297
297
297
297
298
298
298
298
298
298
298
299
299
299
299
299
299
299
300
300
300
300
300
300
300
301
301
301
301
301
301
301
302
302
302
302
302
303
303
303
303
303
303
304
304
304
304
305
255
255
255
306
306
306
306
-1
307
307
307
308
308
308
309
309
309
-1
310
310
310
311
311
311
312
312
312
312
312
312
312
-1
313
313
313
314
314
314
314
314
314
314
-1
315
315
315
316
316
316
316
316
-1
317
317
317
317
317
318
318
318
318
318
318
-1
-1
-1
319
319
319
-1
320
320
320
321
321
321
321
322
322
322
322
322
323
323
323
323
324
324
324
324
325
325
325
326
326
326
326
326
326
326
327
327
327
327
327
328
328
328
328
328
328
328
329
329
329
329
330
330
330
331
331
331
332
332
332
332
333
333
333
333
333
333
333
334
334
334
334
334
335
335
335
336
336
336
336
336
336
336
-1
337
337
337
338
338
338
339
339
339
339
339
340
340
340
340
341
341
341
341
341
342
342
342
342
343
343
343
343
343
343
343
343
344
344
344
344
344
344
344
344
345
345
345
345
345
345
345
346
346
346
346
347
347
347
347
347
348
348
348
348
348
-1
349
349
349
-1
-1
-1
350
350
-1
-1
351
351
-1
-1
352
352
-1
-1
353
353
354
354
354
354
354
354
354
355
355
355
355
355
355
355
-1
-1
356
356
-1
-1
357
32
-1
-1
-1
-1
-1
358
358
-1
359
359
359
359
-1
-1
360
360
-1
-1
361
361
-1
-1
362
362
363
363
363
363
363
363
363
363
-1
364
364
365
365
365
365
365
-1
366
366
366
366
366
366
-1
-1
-1
367
367
367
-1
-1
368
368
-1
-1
369
369
-1
370
370
-1
371
371
371
371
372
372
372
372
372
372
372
-1
373
373
373
373
373
374
374
374
374
374
375
375
375
375
375
-1
376
376
376
-1
377
377
-1
378
378
378
379
379
379
379
379
379
379
379
-1
380
380
380
-1
381
381
381
381
381
381
381
382
382
382
382
383
383
383
383
384
384
384
384
385
385
385
385
385
386
386
386
386
387
387
387
387
388
388
388
388
389
389
389
389
389
389
389
390
390
390
390
390
390
391
391
391
391
391
391
-1
392
392
392
392
392
393
393
393
393
393
393
393
394
394
394
394
394
394
394
395
395
395
395
395
395
396
396
396
396
396
396
396
-1
397
397
397
397
398
398
398
398
399
399
399
399
400
400
400
400
400
400
400
400
401
401
401
401
401
401
401
402
402
402
402
402
402
402
402
403
403
403
403
403
403
404
404
405
405
405
405
-1
406
406
407
407
407
407
408
408
408
408
409
409
409
409
410
202
411
411
411
411
412
412
412
412
413
413
413
414
414
414
415
415
415
415
415
416
416
416
416
417
417
417
417
418
418
418
418
419
419
419
419
420
420
420
420
420
420
420
421
421
421
421
-1
422
422
423
423
423
423
423
-1
424
424
424
-1
425
425
426
426
426
426
426
426
-1
427
427
427
-1
428
428
428
-1
429
429
429
430
430
430
430
430
430
430
-1
431
431
431
432
432
432
432
432
432
432
433
433
433
433
433
433
433
-1
434
434
434
-1
435
435
435
436
436
437
437
437
437
437
437
437
-1
-1
438
438
439
439
439
439
439
439
439
440
440
440
440
440
441
441
441
441
441
441
442
442
442
442
443
443
444
444
444
444
444
444
444
445
445
445
445
445
445
445
-1
446
446
446
-1
447
447
447
-1
448
448
448
449
449
449
449
449
450
450
450
450
450
451
451
451
451
451
452
452
452
452
452
453
453
453
453
454
454
454
454
454
454
454
-1
455
455
455
-1
456
456
456
457
210
210
210
-1
458
458
458
459
459
459
459
459
459
-1
460
460
460
460
460
460
460
461
461
461
461
461
461
461
462
462
462
462
462
462
462
463
463
463
185
-1
464
464
464
-1
465
465
465
-1
466
466
466
467
467
467
-1
468
468
468
469
469
469
469
470
470
470
470
470
470
-1
471
471
471
471
472
472
472
472
472
472
472
472
473
473
473
473
473
473
474
474
474
474
474
474
474
475
475
475
475
475
475
475
476
476
476
476
476
476
477
477
477
477
477
477
478
478
478
478
479
479
479
479
-1
480
480
480
481
481
481
481
481
482
482
482
482
482
482
-1
483
483
483
484
484
484
484
484
485
485
485
485
485
485
485
486
486
487
487
487
487
487
487
487
488
488
488
488
-1
489
489
489
-1
490
490
490
-1
491
491
491
-1
492
492
492
493
493
493
493
-1
494
494
494
494
494
494
495
495
495
496
496
496
496
497
497
497
497
497
498
498
498
498
499
499
499
500
500
500
500
501
501
501
501
501
-1
-1
502
502
-1
752
-1
-1
503
503
-1
504
504
504
-1
505
505
-1
-1
506
506
-1
507
507
507
-1
508
508
508
509
509
509
509
509
509
509
510
510
510
510
510
510
510
-1
511
511
511
512
512
512
512
513
513
513
513
513
513
513
513
514
514
514
515
515
515
515
515
515
515
516
516
516
516
516
516
516
517
517
517
517
517
517
-1
-1
518
518
-1
519
519
519
520
520
520
520
520
520
520
-1
521
521
521
522
522
522
522
523
523
523
523
524
524
524
524
524
524
524
524
525
525
525
525
525
525
525
525
526
526
526
527
527
527
527
527
527
527
527
528
528
528
528
529
529
529
529
530
530
531
531
531
531
531
531
531
532
532
532
532
533
533
533
533
534
534
534
534
534
-1
535
535
536
536
536
537
537
537
537
537
537
537
538
538
538
538
538
538
538
-1
539
539
539
540
540
540
540
541
541
541
541
542
542
542
542
542
543
543
543
543
544
544
544
544
544
544
544
545
545
545
545
-1
-1
546
546
546
546
547
547
547
547
548
548
548
548
549
549
549
-1
550
550
551
551
551
551
551
551
551
552
552
552
552
552
552
552
-1
553
553
553
554
554
-1
555
555
555
-1
556
556
556
-1
557
557
557
-1
558
558
558
-1
559
559
559
-1
560
560
560
561
561
561
561
562
562
562
562
563
563
563
563
563
563
563
563
564
564
565
565
566
566
566
566
567
567
567
567
567
567
567
568
568
568
568
569
569
569
569
-1
-1
-1
-1
-1
570
570
570
570
571
48
48
48
572
572
572
572
573
573
573
573
573
573
574
574
574
574
575
575
575
575
575
575
576
576
576
577
577
577
-1
578
578
-1
-1
579
579
-1
-1
580
580
-1
-1
581
581
582
582
-1
583
583
-1
682
584
584
-1
-1
585
585
-1
586
586
586
-1
587
587
587
587
588
588
588
588
588
589
589
589
589
589
589
589
589
-1
590
590
590
590
-1
-1
591
591
592
592
592
592
592
593
593
593
593
593
593
593
-1
594
594
-1
595
595
595
596
596
596
596
596
597
597
597
597
597
597
598
598
598
599
599
599
600
600
600
600
601
601
601
-1
602
602
602
603
603
603
604
604
604
605
605
605
605
-1
606
606
606
-1
607
607
607
608
608
608
608
609
609
609
609
610
610
610
-1
611
611
486
-1
612
612
612
-1
613
613
613
-1
614
614
614
615
615
615
615
616
616
616
617
617
617
617
617
617
617
618
618
618
618
618
-1
619
619
619
-1
620
620
620
621
621
621
621
-1
622
622
622
-1
623
623
623
624
624
624
624
625
625
625
625
625
626
626
627
627
627
628
629
629
629
630
630
630
630
631
631
631
631
632
632
632
633
633
633
633
633
633
634
634
634
634
635
635
635
636
636
636
636
637
637
637
637
637
637
638
638
638
638
639
639
639
639
640
640
640
640
-1
641
641
641
642
642
642
642
-1
643
643
643
644
644
644
644
-1
645
645
645
-1
646
646
-1
647
647
647
-1
648
648
648
-1
649
649
649
-1
650
650
650
651
651
651
652
652
652
652
652
652
652
653
653
653
653
653
653
653
654
654
654
654
654
654
655
655
655
655
655
655
656
656
656
656
656
656
657
657
657
657
657
657
658
658
658
659
659
659
659
660
660
660
660
661
661
661
661
661
661
661
662
662
662
662
662
662
662
663
663
663
663
664
664
664
664
664
665
665
665
665
665
665
665
666
666
666
-1
667
667
667
668
668
668
668
669
669
669
669
669
669
669
670
670
671
671
671
671
672
672
672
672
672
673
673
673
673
674
674
674
674
675
675
675
676
676
676
676
676
676
677
677
677
677
677
678
678
678
679
679
679
679
680
680
680
680
681
681
681
681
682
683
683
683
684
684
684
684
-1
685
685
685
686
686
686
686
686
686
686
687
687
688
688
688
688
688
689
689
689
689
690
690
690
690
691
691
691
691
692
692
692
692
693
693
693
693
-1
694
694
695
695
695
695
-1
696
696
696
696
696
696
697
697
697
697
697
697
-1
698
698
698
699
699
699
699
699
699
-1
700
700
700
-1
701
-1
702
702
702
702
702
703
703
703
703
704
704
704
704
704
704
704
705
705
705
705
705
705
-1
-1
706
706
-1
707
707
708
708
708
708
708
708
708
-1
709
709
709
-1
710
710
710
711
711
711
711
711
711
-1
712
712
712
-1
713
713
713
-1
714
714
714
-1
715
715
715
716
716
716
716
716
716
716
-1
-1
717
717
717
-1
718
718
718
-1
719
719
719
-1
720
720
720
-1
721
721
721
722
722
722
722
722
722
722
-1
-1
723
723
723
-1
724
724
724
725
725
725
725
725
725
725
726
726
726
726
726
726
726
-1
727
727
727
-1
-1
728
728
-1
-1
729
729
-1
-1
-1
730
730
730
-1
731
731
731
-1
-1
732
732
-1
733
733
-1
734
734
734
735
735
735
735
735
735
-1
-1
736
736
-1
-1
737
737
-1
738
738
738
-1
739
739
739
740
542
542
542
-1
741
741
-1
742
742
742
-1
743
743
743
-1
744
744
744
745
745
745
745
745
745
746
746
746
746
746
746
746
747
747
747
747
747
747
747
-1
748
748
748
748
748
748
749
749
749
749
749
749
749
-1
750
750
750
-1
-1
751
751
751
751
751
751
-1
-1
-1
-1
752
753
753
753
754
754
754
755
755
755
-1
756
756
756
756
756
-1
757
757
-1
-1
-1
-1
-1
-1
758
758
-1
-1
-1
-1
-1
-1
-1
759
759
759
759
-1
760
760
760
761
762
762
762
-1
-1
763
763
764
764
764
764
764
764
764
-1
765
765
765
765
-1
761
761
761
761
766
766
766
766
766
766
767
767
767
767
767
767
-1
768
768
-1
-1
769
769
-1
770
770
770
770
771
771
771
771
771
771
771
-1
772
772
772
-1
773
773
773
773
774
774
774
774
774
774
774
-1
-1
775
775
-1
776
776
776
-1
-1
777
777
-1
-1
778
778
-1
779
779
779
-1
780
780
780
780
780
780
-1
781
781
-1
782
782
782
783
783
783
783
-1
784
784
784
784
784
785
785
785
785
785
785
786
786
786
786
786
787
787
787
787
787
787
788
788
788
789
789
789
789
790
790
790
790
791
791
791
791
791
791
-1
792
792
792
793
793
793
793
794
794
795
795
795
-1
-1
-1
796
796
796
796
796
796
796
797
797
797
797
797
797
798
798
798
798
799
799
800
800
800
800
801
801
801
802
802
802
803
803
803
803
-1
804
804
804
-1
-1
805
805
805
-1
806
806
-1
807
807
807
808
808
808
808
808
808
809
809
809
809
809
809
809
-1
810
810
810
-1
811
811
811
-1
812
812
812
-1
813
813
813
814
814
814
814
814
814
815
815
815
815
815
815
816
816
816
816
816
-1
817
817
818
818
818
-1
-1
-1
819
819
819
820
820
820
820
820
-1
821
821
821
-1
-1
822
822
-1
-1
823
823
-1
824
824
824
-1
-1
825
825
826
826
826
826
826
826
826
-1
827
827
827
-1
828
828
828
-1
829
829
829
-1
830
830
830
831
831
831
831
831
832
832
832
832
832
832
832
833
833
833
833
833
834
834
834
834
834
834
834
-1
835
835
835
-1
836
836
836
837
837
837
838
838
838
-1
839
839
839
839
-1
840
840
841
841
841
842
842
842
843
843
843
843
844
844
844
844
-1
845
845
845
846
846
846
846
846
846
846
847
847
847
847
847
847
847
848
848
848
-1
849
849
849
-1
-1
850
850
850
850
851
851
851
851
851
851
851
852
852
852
852
853
853
853
854
854
854
854
855
855
855
855
855
855
856
856
856
856
856
856
856
857
857
857
857
858
858
858
858
859
859
859
859
859
859
860
860
860
860
860
860
860
861
861
861
861
862
862
862
862
863
863
863
863
864
864
864
865
865
865
865
865
865
866
866
866
867
867
868
868
868
868
868
868
868
-1
869
869
870
870
871
871
871
871
871
-1
872
872
872
-1
873
873
873
874
874
875
875
-1
876
876
876
877
877
877
877
-1
878
878
878
879
879
879
879
879
880
880
880
880
-1
881
881
881
882
882
882
882
-1
883
883
883
884
884
884
884
-1
885
885
885
886
886
886
886
886
887
887
887
887
887
887
887
-1
888
888
888
888
889
889
889
889
889
889
889
890
890
890
890
890
890
891
891
891
891
891
891
891
892
892
892
892
892
892
892
893
893
893
893
894
894
894
894
895
895
895
895
896
896
896
896
897
897
897
897
897
898
898
898
898
899
899
899
899
900
900
900
900
901
901
901
901
902
902
902
902
903
903
903
903
904
904
904
905
905
905
905
906
906
906
906
907
907
907
907
907
907
907
908
908
908
908
908
908
908
909
909
909
909
-1
910
910
910
910
910
911
911
911
911
912
912
913
913
913
913
914
914
914
914
914
914
914
914
915
915
916
916
916
916
916
916
916
917
917
917
917
917
-1
918
918
918
918
918
918
918
919
919
919
919
920
920
920
920
920
920
920
920
921
921
921
921
922
922
922
922
923
923
923
923
924
924
924
924
925
925
925
925
925
925
925
925
926
926
926
926
927
927
927
927
928
928
928
928
929
929
929
929
930
930
930
931
931
931
931
931
931
931
932
932
932
932
932
932
932
932
933
933
933
933
934
934
935
935
935
935
935
935
935
935
936
936
936
936
936
-1
937
937
937
937
938
938
939
939
939
939
940
940
940
940
941
941
404
942
942
942
942
942
942
943
943
943
943
943
944
944
944
944
944
944
945
945
945
945
945
945
945
946
946
946
946
946
946
947
947
947
-1
948
948
948
948
948
948
948
949
949
950
950
950
950
950
950
951
951
952
952
952
952
-1
953
953
953
-1
954
954
954
955
955
955
955
955
955
955
956
956
956
956
956
957
957
957
957
957
957
958
958
958
958
958
-1
-1
959
788
-1
960
960
960
960
960
960
961
961
961
961
962
962
962
962
962
962
963
963
963
963
963
964
964
964
964
964
964
965
965
965
965
966
966
966
966
966
966
967
967
967
967
967
967
967
968
968
968
968
969
969
969
969
970
970
970
970
971
971
971
971
971
971
971
-1
972
972
972
-1
973
973
49
-1
974
974
974
975
975
975
975
975
975
975
976
976
976
-1
977
977
977
-1
978
978
978
-1
979
-1
-1
980
980
980
981
981
981
982
982
982
982
983
983
983
984
984
984
984
984
984
984
-1
985
985
985
-1
986
986
986
-1
987
987
987
-1
988
988
988
-1
989
989
989
-1
990
990
990
-1
991
991
991
-1
992
992
992
-1
993
993
993
-1
994
994
994
-1
995
988
988
-1
996
996
996
997
997
997
997
997
997
997
998
998
998
998
998
998
998
999
999
999
999
999
1000
1000
1000
-1
1001
1001
1002
1002
1002
-1
1003
1003
1003
-1
1004
1004
1004
1005
1005
60
1006
1006
1006
1006
-1
1007
1007
1007
1008
1008
1008
1008
1008
1008
1008
1009
1009
1009
1009
-1
1010
1010
1010
1011
1011
1011
1011
1011
1011
1011
1012
1012
1012
1012
1013
1013
1013
1013
-1
1014
1014
1015
1015
1015
1015
1015
1015
-1
1016
1016
1016
-1
1017
1017
1017
1018
1018
1018
1018
1018
1019
1019
1019
1019
1019
1019
1020
1020
1020
1020
1020
1020
1020
1020
-1
1021
1021
1021
1022
1022
1022
1022
1022
1022
1022
1023
1023
1023
1023
1024
1024
1024
1024
-1
1025
1025
1025
1026
1026
1026
1026
1027
1027
1028
1028
1028
1029
1029
1029
1030
1030
1030
1030
1031
1031
1031
1031
1031
1031
1031
1031
1032
1032
1032
1032
1032
1032
1032
1033
1033
1033
1033
1034
1034
1034
1034
1035
1035
1035
1035
1036
1036
1036
1036
1036
1036
1037
1037
1037
1037
1037
1038
1038
1038
1038
1038
1038
1038
1039
1039
1039
1039
1039
1039
1040
1040
1041
1041
1041
1041
1041
1041
1041
1042
1042
1043
1043
1043
1044
1044
1044
1044
1044
1044
1045
1045
1045
1046
1046
1046
1046
1047
1047
1047
1047
1048
1048
1048
1048
1049
1049
1049
1049
1050
1050
1050
1050
1051
1051
1051
1051
1051
1051
1051
1051
1052
1052
1052
1052
1052
1052
1053
1053
1053
1053
1053
1053
1054
1054
1055
1055
1055
1055
1056
1056
1056
1056
1057
1057
1057
1057
1058
1058
1058
1058
1059
1059
1059
1059
1059
1059
1059
1060
1060
1060
1060
1060
1061
1061
1061
1061
1062
1062
1062
1062
1063
1063
1063
1063
1064
1064
1064
288
1065
1065
1065
1065
1066
1066
1066
1066
1067
1067
1067
1067
1068
1068
1068
1068
1068
1069
1069
1069
1069
1069
1069
1070
1070
1070
1070
1070
1070
1070
1071
1071
1071
1071
1072
1072
1072
1072
1073
1073
1073
1073
1074
1074
1074
1074
1074
1074
1075
1075
1075
1075
1076
1076
1076
1076
1076
1076
1076
1076
1077
1077
1077
1077
-1
1078
1078
1079
1079
1079
1079
1079
1080
1080
1080
1080
1080
1080
1080
1081
1081
1081
1081
1081
-1
1082
1082
1082
1082
1082
-1
1083
1083
1083
1084
1084
1084
1084
1084
-1
1085
1085
1085
-1
1086
1086
1086
1087
1087
1087
1087
1087
1087
1088
1088
1088
1088
1088
1088
1088
1089
1089
1089
1089
1089
1089
1089
1090
1090
1090
1090
1090
665
665
1091
1091
1091
1092
1092
1092
-1
1093
1093
1093
-1
1094
1094
1094
-1
-1
1095
1095
1096
1096
1096
1096
1096
1097
1097
1097
1097
1097
-1
-1
1098
1098
1098
-1
1099
1099
1099
-1
-1
1100
1100
-1
1101
1101
1101
-1
1102
1102
1102
1103
1103
1103
1103
1103
-1
1104
1104
1104
1104
1104
1104
1104
1105
1105
1105
1105
1105
1105
1105
1105
1106
1106
1106
1106
1106
1106
1107
1107
1107
1107
1107
1107
1107
1108
1108
1108
1108
1108
1108
1108
-1
1109
1109
-1
1110
1110
-1
-1
1111
1111
-1
1112
1112
1112
-1
1113
1113
1113
1114
1114
1114
1114
1115
1115
1115
1115
1115
-1
1116
1116
1116
-1
1117
1117
1117
-1
1118
1118
-1
1119
1119
1119
-1
1120
1120
1120
-1
-1
1121
1121
1122
1122
1122
1122
1122
1122
1122
1123
1123
1123
1123
1123
1123
1123
1124
1124
1124
1124
1124
1124
1124
-1
1125
1125
-1
1126
1126
1126
-1
1127
1127
1127
-1
-1
1128
1128
-1
1129
1129
1129
1130
1130
1130
1130
1130
-1
-1
-1
1131
1131
1131
1131
1131
1132
1132
1132
1132
1132
1132
1132
1133
1133
1133
1133
1134
1134
1135
1135
1135
1136
1136
1137
1137
1137
1137
1138
1138
1138
1138
1139
1139
1139
1139
1139
-1
1140
1140
1140
1140
1141
1141
1141
1141
1142
1142
1142
1143
1143
1143
1143
1143
-1
1144
1144
1144
1145
1145
1145
1145
1145
1145
1145
1146
1146
1146
1146
-1
1147
1147
1147
1148
1148
1148
1148
1148
1148
-1
1149
1149
1149
1150
1150
1150
1150
1150
1150
1150
-1
1151
1151
648
1152
1152
1152
1152
1152
1152
1152
