0
0
-1
-1
-1
-1
-1
1
1
1
1
2
2
2
2
3
3
3
3
4
4
4
4
4
4
4
5
5
5
6
6
6
6
6
6
6
7
7
7
7
7
7
7
8
8
8
9
9
9
9
10
10
10
10
-1
11
11
11
12
12
12
12
13
13
13
13
14
14
14
14
-1
15
-1
16
16
16
16
17
17
17
17
-1
18
18
18
19
19
19
19
19
19
19
20
20
20
21
21
21
22
22
22
23
23
23
23
24
24
24
25
25
25
26
26
26
26
27
27
27
27
28
28
28
28
29
29
29
29
30
30
31
31
31
31
31
31
32
32
32
32
32
32
33
33
33
33
33
33
33
34
34
34
34
34
34
34
35
35
35
35
36
36
36
36
36
36
36
37
37
37
37
37
37
37
38
38
38
38
-1
39
39
39
40
40
40
40
41
41
41
41
42
42
42
42
43
43
44
44
44
44
-1
-1
-1
45
45
45
45
46
46
46
46
47
47
47
47
48
48
48
48
48
48
48
49
49
49
49
49
49
49
49
50
50
50
50
50
50
50
50
51
51
52
52
52
52
53
53
53
54
54
54
54
54
54
-1
-1
-1
-1
-1
55
56
55
55
57
57
57
57
58
58
58
58
59
59
59
59
60
60
60
60
61
61
61
61
62
62
62
62
63
63
63
63
64
64
-1
65
65
65
65
65
66
66
66
67
67
67
67
68
68
68
68
68
68
68
69
69
69
69
-1
55
55
55
70
71
71
71
72
73
73
73
74
75
-1
-1
-1
76
76
-1
77
77
77
78
78
78
-1
-1
79
79
-1
80
80
80
-1
81
81
81
-1
-1
82
82
82
82
82
-1
83
83
83
-1
84
84
84
84
84
85
85
85
85
85
85
85
-1
-1
-1
-1
86
86
87
87
87
87
87
87
88
88
88
88
88
88
-1
89
89
89
89
89
89
89
90
90
90
90
90
90
90
-1
91
91
91
-1
92
92
92
-1
-1
93
93
94
94
94
94
94
94
95
95
95
95
95
95
96
96
96
96
96
96
96
-1
97
97
-1
98
98
98
99
99
99
99
-1
100
100
100
100
100
101
101
101
101
101
101
101
102
102
102
102
102
102
-1
-1
103
103
104
104
104
105
105
105
106
106
106
106
106
-1
107
107
-1
108
108
-1
109
109
110
110
110
111
111
111
-1
-1
112
112
113
113
113
114
114
115
115
115
115
116
116
117
117
117
-1
118
118
118
119
119
119
119
120
120
120
120
120
120
120
121
121
121
121
-1
122
122
122
122
123
123
123
123
123
123
123
124
124
124
124
124
124
124
125
125
125
125
125
125
125
126
126
126
126
126
127
127
127
127
128
128
128
128
129
129
129
129
129
129
129
130
130
130
131
131
131
131
-1
132
132
132
-1
133
133
133
134
134
134
134
134
-1
135
135
135
136
136
136
136
136
137
137
137
137
137
137
137
138
138
138
138
138
138
138
139
139
139
139
139
139
139
140
140
140
140
140
140
140
141
141
141
141
141
141
141
142
142
142
142
142
142
142
143
143
143
143
144
144
144
145
145
145
146
146
146
147
147
147
147
147
147
147
148
148
148
148
149
149
149
149
149
149
150
150
150
150
-1
151
151
151
151
152
152
152
152
153
153
153
154
154
-1
-1
-1
155
155
155
155
156
156
156
-1
-1
157
157
157
157
158
158
158
158
158
159
159
159
159
160
160
160
160
160
161
161
161
161
161
161
161
162
162
162
163
163
163
163
163
163
164
164
164
164
164
-1
165
165
165
165
166
166
166
166
166
166
166
167
167
167
167
167
167
167
168
168
168
168
168
168
168
-1
169
169
169
169
170
170
170
170
170
170
170
171
171
171
171
172
172
172
172
173
173
173
173
174
174
174
174
175
175
175
175
176
176
176
176
177
177
177
177
177
178
178
178
178
178
178
178
179
179
179
179
179
179
180
180
180
180
181
181
181
181
182
182
182
182
182
182
182
183
183
183
183
184
184
184
184
185
185
185
185
186
186
186
186
186
186
186
187
187
187
187
188
188
188
188
189
189
189
189
190
190
190
190
190
190
190
190
-1
191
191
191
191
192
192
192
192
193
193
193
193
194
194
194
194
195
195
195
195
195
195
196
196
196
196
197
197
197
197
198
198
198
198
199
199
199
199
200
200
200
200
201
201
201
201
202
202
202
203
203
203
203
204
204
204
204
205
205
205
205
205
205
206
206
206
206
206
206
206
207
207
207
208
208
208
-1
209
209
209
209
210
210
210
210
211
211
211
211
212
212
212
212
212
213
213
213
213
213
213
214
214
214
214
214
214
214
215
215
216
216
216
216
217
217
217
217
217
-1
218
218
218
219
219
219
219
219
220
220
220
220
221
221
221
221
221
221
221
222
222
222
222
222
222
222
222
223
223
223
223
223
223
-1
224
224
224
225
225
225
225
226
226
226
226
227
227
227
227
227
227
-1
228
228
228
229
229
229
229
229
229
230
230
230
230
230
230
231
231
231
231
231
-1
-1
232
232
-1
233
233
233
-1
234
234
234
234
234
-1
235
235
235
-1
1156
236
236
237
237
237
237
237
238
238
238
238
238
238
238
-1
-1
239
239
-1
240
241
241
-1
242
242
242
-1
243
243
243
-1
244
244
244
-1
-1
245
245
-1
246
246
-1
728
-1
-1
247
247
247
247
247
247
-1
248
248
248
249
249
249
250
250
250
250
-1
251
251
251
252
252
252
252
253
253
253
253
254
254
254
255
255
255
255
255
255
255
256
256
256
256
256
256
257
257
257
257
257
257
257
257
258
258
258
258
259
259
-1
260
260
260
-1
261
261
262
262
262
262
262
262
-1
263
263
263
-1
264
264
264
265
265
265
265
265
265
265
266
266
266
266
266
267
267
267
267
267
267
268
268
268
268
268
268
269
269
269
269
269
269
269
-1
270
270
-1
271
271
271
272
272
272
272
272
272
272
273
273
273
273
-1
274
274
274
275
275
275
275
276
276
276
276
277
277
277
277
-1
278
278
278
279
279
279
279
279
279
279
-1
280
280
280
-1
281
281
281
282
282
283
283
283
284
284
284
285
285
285
285
-1
286
286
286
-1
287
287
287
288
288
289
289
289
290
290
291
291
291
291
291
291
291
292
293
293
293
-1
294
294
294
295
295
295
295
296
296
296
296
296
-1
297
297
297
298
298
-1
-1
299
299
299
-1
300
300
300
-1
301
301
301
-1
302
302
302
303
303
303
303
304
304
304
304
304
304
305
305
305
305
306
306
307
307
307
307
307
307
307
308
308
308
308
308
308
308
-1
309
309
309
310
310
310
310
310
310
310
310
-1
311
311
311
312
312
312
312
312
313
313
313
313
313
313
313
313
314
314
314
314
314
314
314
314
-1
315
315
315
-1
316
316
316
-1
317
317
317
318
318
318
318
319
319
319
319
319
319
320
320
320
320
321
321
321
321
321
321
321
322
322
322
322
322
323
323
323
323
324
324
324
324
324
325
325
325
325
326
326
326
326
327
327
327
327
328
328
328
328
328
328
328
329
329
330
330
330
331
331
331
331
332
332
332
332
333
333
333
333
334
334
334
334
334
334
334
335
335
335
335
336
336
336
336
336
336
336
336
337
337
337
337
338
338
338
338
338
338
338
338
-1
339
339
339
339
339
339
339
340
340
340
340
341
341
341
341
341
341
341
-1
342
342
296
296
296
-1
343
343
343
-1
344
344
344
345
345
345
345
-1
346
346
346
-1
347
347
347
-1
348
348
348
349
349
349
-1
350
350
350
351
351
351
351
352
352
-1
-1
353
353
353
-1
354
354
354
355
355
355
355
355
355
355
355
356
356
356
356
356
356
-1
357
357
357
-1
358
358
358
-1
359
359
359
-1
360
360
360
-1
361
361
361
362
362
362
362
363
363
363
363
238
238
238
-1
-1
-1
364
364
364
-1
365
365
365
-1
366
366
366
-1
367
367
367
-1
368
368
368
369
369
369
369
369
369
369
370
370
370
370
370
370
370
371
371
371
371
372
372
372
372
372
372
373
373
373
373
-1
374
374
374
375
375
375
375
375
375
375
376
376
246
377
377
377
377
378
378
378
-1
379
379
379
-1
380
380
380
381
381
381
381
381
382
382
382
382
382
382
382
383
383
383
383
384
384
384
384
385
385
385
-1
386
386
386
387
387
387
388
388
388
388
388
-1
389
389
389
-1
390
390
390
-1
391
391
391
-1
392
392
392
393
393
393
393
393
393
393
393
-1
394
394
26
-1
395
395
395
396
396
396
396
396
396
-1
397
397
397
-1
398
398
398
-1
399
399
-1
400
400
400
-1
-1
401
401
-1
402
402
402
-1
403
403
404
404
404
404
404
-1
405
405
405
-1
406
406
406
-1
407
407
407
-1
408
408
408
-1
409
409
-1
-1
410
410
-1
-1
411
411
-1
-1
412
412
-1
413
413
414
414
414
415
415
-1
416
416
416
417
417
417
417
417
417
418
418
418
418
418
418
418
-1
-1
-1
419
419
419
419
420
420
420
421
421
421
421
-1
422
422
422
-1
423
423
423
424
424
424
424
-1
-1
425
425
425
425
425
425
425
426
426
426
426
426
426
426
427
427
428
428
428
428
-1
429
429
429
-1
-1
430
430
430
430
431
431
431
431
431
431
431
432
432
432
432
432
432
433
433
433
433
433
433
433
434
434
434
434
434
434
-1
435
435
435
435
435
435
435
436
436
436
436
436
436
437
437
437
438
438
438
438
438
438
439
439
439
439
440
440
440
440
441
441
441
441
441
441
441
442
442
442
442
442
442
442
443
443
443
443
443
-1
-1
444
444
444
444
444
445
445
445
445
445
445
445
446
446
446
447
447
447
447
447
448
448
448
448
448
448
448
448
-1
-1
449
449
450
450
450
450
450
450
450
450
-1
-1
-1
-1
451
451
451
451
451
451
451
452
452
452
452
-1
453
453
453
-1
454
454
454
455
455
455
455
455
455
456
456
456
456
456
457
457
457
457
457
457
-1
-1
-1
458
458
458
459
459
459
459
459
460
460
460
460
460
461
461
461
461
461
461
462
462
462
462
462
-1
463
463
463
-1
464
464
465
465
465
465
-1
466
466
466
466
467
467
467
467
467
467
467
-1
-1
468
468
469
469
469
469
469
-1
470
470
470
470
471
471
471
471
471
471
472
472
472
472
472
472
-1
473
473
473
474
474
474
474
474
474
474
475
475
475
475
475
475
475
-1
476
476
476
477
477
477
478
478
478
478
478
478
479
479
479
479
-1
480
480
480
481
482
482
482
483
483
483
483
483
484
484
-1
485
485
485
485
486
486
486
486
486
486
486
-1
487
487
487
488
488
488
488
489
489
489
489
-1
490
490
490
-1
491
491
491
492
492
492
492
493
493
493
493
493
493
493
494
494
494
494
494
495
495
495
496
496
496
496
496
-1
-1
497
497
497
498
498
498
498
499
499
499
499
500
500
500
500
500
500
500
-1
501
501
501
502
502
502
503
503
503
503
-1
-1
504
504
504
-1
505
505
-1
506
506
506
507
507
507
507
508
508
508
509
509
509
509
509
509
-1
510
510
510
511
511
511
511
511
511
512
512
512
512
512
512
512
513
513
513
-1
514
514
514
-1
515
515
515
516
516
516
517
517
517
517
518
518
518
518
518
518
518
519
519
519
519
519
519
519
520
520
520
520
520
520
520
521
521
521
521
521
521
521
522
522
522
522
523
523
523
523
524
524
524
524
524
-1
525
525
525
-1
526
526
526
-1
527
527
527
-1
528
528
528
-1
529
529
529
-1
530
530
530
-1
531
531
531
532
532
532
532
532
-1
533
533
533
534
534
534
534
534
535
535
535
535
-1
536
536
536
-1
537
537
537
-1
538
538
538
-1
539
539
539
-1
540
540
540
541
541
541
541
542
542
542
542
543
543
543
543
544
544
544
545
545
545
545
545
545
545
-1
546
546
546
547
547
547
547
548
548
548
548
549
549
549
550
550
550
550
550
550
-1
551
551
551
-1
552
552
552
-1
553
553
553
554
554
554
554
554
554
554
555
555
555
555
555
555
555
556
556
557
557
557
557
557
557
-1
558
558
-1
559
559
559
-1
560
560
560
561
561
562
562
562
562
563
563
563
563
-1
564
564
564
-1
565
565
565
566
566
567
567
567
567
-1
568
568
568
569
569
-1
570
570
570
-1
571
571
571
-1
572
572
572
-1
573
573
573
573
-1
-1
-1
574
574
574
-1
575
575
575
-1
576
576
576
577
577
578
578
578
578
579
579
579
580
580
580
580
580
580
-1
-1
581
581
-1
582
582
582
583
583
583
583
584
584
584
584
585
586
586
586
587
587
587
587
588
588
588
588
588
588
588
-1
589
589
589
590
590
590
590
590
590
590
590
591
591
591
592
592
592
593
593
593
594
594
594
594
594
594
595
595
595
595
596
596
596
596
596
596
596
597
597
597
597
597
597
597
-1
598
598
598
599
599
599
599
600
600
600
600
600
600
601
601
601
602
602
602
602
-1
603
603
603
-1
604
604
604
-1
605
605
605
606
606
606
606
606
606
606
607
607
607
607
607
607
608
608
608
608
608
608
608
609
609
609
609
609
609
609
610
610
611
611
611
611
611
611
612
612
613
613
613
613
613
-1
614
614
614
-1
615
615
615
616
616
616
617
617
617
617
617
617
617
-1
618
618
618
619
619
619
619
619
619
619
620
620
620
620
621
621
-1
622
622
622
623
623
623
623
624
624
625
625
625
-1
626
626
626
-1
627
627
627
-1
628
628
628
629
629
629
629
-1
630
630
630
631
631
631
631
631
632
632
632
632
632
633
633
633
634
634
634
634
635
635
636
636
636
636
636
636
637
637
637
-1
638
638
638
-1
639
639
639
640
640
640
-1
641
641
641
642
642
642
642
-1
-1
-1
-1
643
643
643
644
644
644
644
-1
645
645
645
-1
646
646
646
647
647
647
647
648
648
648
-1
649
649
649
650
650
650
650
650
651
651
651
651
651
651
651
652
652
652
652
652
-1
-1
653
653
653
-1
654
654
654
655
655
655
-1
656
656
656
657
657
657
-1
658
658
658
-1
659
659
659
660
660
660
660
661
661
661
661
662
662
662
662
662
662
662
-1
663
663
663
663
664
664
664
664
665
665
665
665
665
665
666
666
666
666
666
666
666
667
667
668
668
668
668
669
669
669
669
670
670
670
670
670
670
670
671
671
671
671
671
671
672
672
672
672
672
672
-1
673
673
673
-1
674
674
674
675
675
675
675
675
-1
676
676
676
-1
677
677
677
677
-1
-1
-1
678
678
-1
-1
-1
-1
679
679
680
680
680
680
681
681
681
681
681
681
682
682
682
682
682
682
683
683
683
683
684
684
684
684
685
685
685
685
686
686
686
686
687
687
687
687
688
688
688
688
689
689
689
689
690
690
690
690
691
691
691
691
691
691
691
692
692
692
692
692
692
693
693
693
693
694
694
694
694
694
695
695
695
695
696
696
696
696
697
697
697
697
698
698
698
698
698
698
698
699
699
699
700
700
700
700
436
436
701
701
701
702
702
702
702
703
703
703
703
704
704
704
704
-1
705
705
705
-1
706
706
706
706
706
-1
-1
-1
-1
-1
707
707
707
-1
-1
-1
-1
-1
708
708
-1
-1
-1
709
709
-1
-1
710
710
711
711
-1
-1
712
712
712
712
712
712
713
713
713
713
714
714
714
714
714
715
715
715
715
715
715
715
716
716
716
717
717
717
717
717
717
717
718
718
718
719
719
719
719
720
720
720
720
720
720
-1
721
721
721
722
722
722
722
722
722
722
723
723
723
724
724
724
724
725
170
170
170
170
170
170
726
726
726
726
726
726
727
318
318
318
728
728
728
728
729
729
730
730
730
731
731
731
732
732
732
732
733
733
733
733
734
734
734
734
734
735
735
735
735
735
735
735
736
736
736
736
736
736
736
737
737
737
737
738
738
-1
739
739
739
740
740
740
740
741
741
741
741
741
741
-1
742
742
742
743
151
151
151
-1
744
744
744
745
745
745
746
746
746
746
747
747
747
747
747
747
747
748
748
748
748
748
748
748
749
541
541
541
750
750
750
750
750
751
751
751
751
752
752
752
752
752
-1
753
753
753
-1
754
754
754
-1
755
755
755
756
756
756
756
-1
757
757
757
758
758
-1
759
759
759
760
760
760
760
760
760
760
-1
-1
761
761
-1
-1
762
762
-1
763
763
763
-1
-1
764
764
-1
-1
765
765
766
766
-1
767
767
767
-1
768
768
768
-1
769
769
769
-1
770
770
770
-1
771
771
771
-1
-1
772
772
-1
-1
773
773
-1
774
774
774
774
774
774
775
775
775
775
775
775
775
776
776
776
776
776
776
-1
-1
657
26
-1
-1
777
777
-1
778
778
778
-1
779
779
779
-1
780
780
780
-1
781
781
781
-1
782
782
782
-1
-1
783
783
-1
784
784
784
-1
-1
785
785
785
-1
786
786
786
-1
787
787
787
788
788
788
788
788
788
-1
789
789
789
789
789
789
789
-1
790
790
790
791
791
791
791
792
792
792
792
793
793
793
793
794
794
794
794
794
794
794
795
795
795
795
796
796
796
796
797
797
797
797
798
798
798
798
799
799
799
800
800
800
800
800
800
801
801
801
801
802
802
802
802
803
803
803
803
803
804
804
804
804
804
804
805
805
805
805
805
805
805
805
806
806
806
806
807
807
807
807
807
808
808
808
808
809
809
809
809
810
810
811
811
811
811
811
812
812
812
812
813
813
813
813
814
814
814
814
814
814
814
815
815
815
815
815
815
816
816
816
816
816
816
816
-1
817
817
818
818
818
819
819
819
819
819
819
819
820
820
820
820
820
820
820
821
821
821
821
-1
822
822
822
-1
823
823
823
824
824
824
824
824
824
825
825
825
826
826
826
826
826
826
826
-1
827
827
827
827
828
828
828
828
829
829
829
830
830
830
830
831
831
831
831
832
832
832
832
832
832
832
-1
833
833
833
-1
834
834
834
835
835
835
835
835
835
835
836
836
836
836
837
837
837
838
838
838
838
838
839
839
839
839
840
840
840
840
-1
841
841
841
-1
842
842
842
843
843
843
843
844
844
844
844
844
845
845
845
-1
846
846
846
-1
847
847
847
848
848
848
848
849
849
849
849
849
849
850
850
850
851
116
116
116
852
852
852
852
853
853
853
854
854
854
854
854
854
854
854
-1
855
855
855
856
856
856
856
856
856
857
857
857
857
857
857
857
858
858
858
858
858
858
858
859
859
859
859
859
859
859
860
860
860
860
-1
861
861
861
862
862
862
862
863
863
863
863
863
863
863
863
864
864
864
865
865
865
865
866
866
866
866
866
867
867
867
867
868
868
868
868
868
868
869
869
869
869
870
870
870
870
870
870
870
871
871
871
871
871
871
871
872
872
872
872
872
873
873
873
873
874
874
874
874
874
875
875
875
875
875
876
876
876
877
877
877
877
877
877
878
878
878
878
878
878
878
879
585
585
585
880
880
880
880
880
880
880
881
881
881
881
-1
882
882
882
883
883
883
884
884
884
884
885
885
885
885
886
886
886
886
886
886
886
886
887
887
887
887
887
887
888
888
888
888
888
889
889
889
889
890
890
890
890
891
891
891
891
892
892
892
892
893
893
893
893
894
894
894
894
895
895
895
895
896
896
896
896
897
897
897
897
898
898
898
898
899
899
899
899
900
900
900
900
901
901
901
901
902
902
902
902
903
903
903
903
904
904
904
904
905
905
905
905
906
906
906
906
906
906
906
906
907
907
907
907
907
907
907
908
908
908
908
908
908
909
909
909
909
909
909
909
909
910
910
910
910
910
910
910
911
911
911
911
911
912
912
912
912
912
912
912
913
913
913
-1
914
914
914
914
915
915
915
915
916
916
916
15
917
917
917
917
918
918
918
918
918
918
918
919
919
919
919
919
919
919
919
920
920
920
920
920
920
920
921
921
921
921
-1
-1
922
922
922
922
922
922
922
923
923
923
923
-1
924
924
925
925
925
926
926
926
-1
927
927
927
-1
928
928
928
929
929
929
930
930
930
930
931
931
931
931
931
931
931
-1
932
932
932
-1
933
933
933
-1
934
934
934
-1
935
935
935
-1
936
936
936
-1
937
937
937
-1
938
938
938
-1
-1
939
939
940
940
940
940
940
940
940
-1
-1
-1
-1
-1
-1
-1
-1
-1
-1
-1
-1
941
941
941
-1
942
942
245
943
943
943
943
943
943
-1
944
944
945
945
945
945
945
945
945
-1
946
946
946
856
856
856
947
947
947
947
948
948
-1
949
949
949
949
949
950
950
951
951
951
951
951
951
952
952
952
952
952
952
952
953
953
953
953
953
953
953
953
954
954
954
954
955
955
955
956
956
956
956
956
956
956
957
957
957
957
957
957
957
-1
958
958
958
958
958
958
958
959
959
959
959
959
960
960
960
960
961
961
961
961
962
962
962
962
962
962
962
963
963
963
963
964
964
964
964
964
964
965
965
965
965
965
965
965
966
966
966
966
967
967
967
967
968
968
968
968
968
968
969
969
969
969
969
969
969
970
970
970
970
971
971
971
971
972
972
972
972
972
973
973
973
973
973
973
973
974
974
975
975
975
975
976
976
976
976
976
977
977
977
977
977
977
977
978
978
978
978
979
979
979
979
979
979
980
980
980
980
981
981
981
981
981
981
982
982
982
983
983
983
983
984
984
984
984
985
985
985
985
986
986
986
986
986
-1
987
987
987
-1
988
988
988
-1
989
989
989
-1
990
990
990
-1
991
991
991
-1
992
992
992
-1
993
993
993
994
994
994
994
994
-1
995
995
995
-1
996
996
996
-1
997
997
997
-1
998
998
998
-1
999
999
999
1000
1000
1001
1001
1001
1001
1001
1001
1001
1002
1002
1002
1002
-1
1003
1003
1003
-1
1004
1004
761
1005
1005
1005
1005
1005
1006
1006
1006
1006
1006
1006
1006
1007
1007
1007
1007
1007
1007
1007
1008
1008
1008
1008
1008
1008
-1
1009
1009
1009
1010
1010
1010
1010
1010
1010
1011
1011
1011
1011
1011
1011
1011
1012
1012
1012
1012
1012
1012
1012
1013
1013
1013
1013
1013
1013
1013
1014
1014
1014
-1
1015
1015
1015
1015
1015
-1
1016
1016
1016
-1
1017
1017
936
-1
1018
1018
1018
1019
1019
1019
1019
1019
1019
1020
1020
1020
1020
1020
-1
-1
1021
1021
-1
1022
1022
1022
-1
1023
1023
1023
-1
1024
1024
1024
-1
1025
-1
1026
1026
1026
1027
1027
1027
1027
1028
1028
1028
1028
1028
1029
1029
1029
1029
1029
1029
1030
1030
1030
1030
1030
1030
-1
1031
1031
1031
1032
1032
1032
1032
1033
1033
1033
1033
1033
1034
1034
1034
1034
1034
1035
1035
1035
1035
1035
1035
1035
1036
1036
1036
1036
1036
-1
1037
1037
1037
-1
1038
1038
1038
-1
1039
1039
1039
1040
1040
1040
1040
1040
1040
1040
-1
1041
1041
1041
-1
1042
1042
1042
1043
1043
1043
1043
1043
1043
1043
1044
1044
1044
1044
1044
1044
-1
1045
1045
1045
-1
1046
1046
1047
1047
1047
1047
1047
1047
1047
1048
1048
1048
1048
-1
1049
1049
1049
-1
1050
1050
1050
-1
1051
1051
1051
-1
1052
1052
1052
-1
1053
1053
1054
84
84
84
84
-1
1055
1055
1055
1056
-1
1057
1057
-1
-1
1058
1058
-1
1059
1059
1059
-1
1060
1060
1060
-1
1061
1061
1061
1062
1062
1062
1062
1062
1062
1062
1063
1063
1063
1063
1063
1063
1063
-1
-1
1064
1064
1065
1065
1065
1065
1065
1065
1066
1066
1066
1066
1066
1066
1066
1067
1067
1067
1067
1067
1067
1068
1068
1069
1069
1069
1069
-1
-1
1070
1070
-1
1071
1071
1071
1072
1072
1072
1072
1072
1072
1072
1073
1073
1073
1073
-1
1074
1074
-1
1075
1004
1004
-1
1076
673
673
1077
1077
1077
1077
1077
1077
1077
-1
1078
1078
1078
-1
1079
1079
1079
1080
1080
1080
1080
1080
1080
1080
1081
1081
1081
1081
1081
1081
1081
-1
1082
1082
1082
1083
1083
1083
1083
1083
1084
1084
1084
1084
-1
-1
1085
1085
-1
-1
1086
1086
-1
1087
1088
1088
-1
1089
699
1090
1091
1091
1092
1092
1092
1092
1093
1093
1093
1094
1094
1094
1095
1095
1095
1096
1096
1096
1096
1096
1096
1096
-1
1097
1097
1097
-1
1098
1098
1098
1099
1099
1099
1099
1099
1099
-1
1100
1100
1100
-1
1101
1101
1101
-1
1102
1102
1102
1103
1103
1103
1103
1103
1103
-1
1104
1104
-1
1105
585
585
-1
1106
1106
1106
-1
1107
1107
1107
-1
-1
-1
1108
1108
1108
1108
1108
1108
1108
1109
1109
1109
1109
1109
1109
-1
1110
1110
1110
-1
1111
1111
1111
-1
1112
1112
1112
1113
1113
1113
1113
-1
1114
1114
-1
1115
1115
1115
-1
1116
1116
1116
1117
1117
1117
1117
1117
1118
1118
1118
1118
1118
1118
1118
1119
1119
1119
1119
1119
1119
1119
1120
1120
1120
1120
1120
-1
1121
1121
1121
1122
1122
1122
1122
1122
1122
1122
1123
1123
1123
1123
1123
-1
1124
1124
1124
-1
1125
1125
1125
1125
1125
1125
-1
1126
1126
1126
-1
1127
1127
1127
1128
1128
1128
1128
1128
-1
1129
1129
1129
1130
1130
1130
1130
1130
1130
-1
1131
1131
1131
-1
1132
1132
1132
-1
1133
1133
1133
1133
1133
1133
1133
1134
1134
1134
1134
1134
1134
1134
1135
1135
1135
1135
1135
1135
-1
1136
1136
1136
1136
1136
1136
-1
1137
1137
1138
1138
1138
1138
1139
1139
1139
1139
1140
1140
1140
1140
1140
1140
1140
1141
1141
1141
1141
1141
1141
1141
1141
1142
1142
1142
1142
1142
1142
1142
1143
1143
1143
1143
1143
1143
1143
1144
1144
1144
1144
1145
1145
1145
1145
1145
1145
1145
1146
1146
-1
1147
1147
1148
1148
1148
1148
1148
1149
1149
1149
1149
1149
1149
1150
1150
1150
1150
1151
1151
1151
1151
1152
1152
1152
1153
1153
1153
1153
1154
1154
1154
1154
-1
1155
1155
1155
1156
1157
1157
1157
1158
1158
1158
1158
1159
1159
1159
1159
1160
1160
1160
1160
1161
1161
1161
1161
1161
1161
1162
1162
1162
1162
1162
1162
1162
1163
1163
1163
1163
1163
1163
1164
1165
1165
1165
1166
1166
1166
1166
1166
1166
1166
1167
1167
1167
1167
1167
1167
1167
1168
1168
1168
1169
1169
1170
1170
1170
1170
1171
1171
1171
1171
1171
1171
1171
1172
1172
1172
1173
1173
1173
1173
1174
1174
1174
1174
1174
-1
1175
1175
1175
1175
1175
1175
1175
-1
1176
1176
1176
-1
1177
1177
1177
-1
1178
1178
1178
1179
1179
1179
1179
1179
1179
1179
-1
1180
1180
1180
-1
1181
1181
1181
1182
740
740
740
1183
1183
1183
1183
1184
1184
1184
1184
1184
1184
1185
1185
1185
1185
1185
1185
-1
1186
1186
1186
1187
1187
1187
1187
1187
1188
1188
1188
1188
1188
1188
1188
-1
1189
1189
1189
1189
-1
1190
1190
1190
-1
1191
1191
1191
-1
1192
1192
1192
1193
1193
1193
1193
1193
1194
1194
1194
1194
1194
1194
1194
1195
1195
1195
1195
1196
1196
1196
1196
1196
1197
1197
1197
1198
1198
1198
1198
1198
1199
1199
1199
1199
1199
1199
1199
1200
1200
1200
1200
1200
1201
1201
1201
1201
1202
1202
1202
1093
-1
1203
1203
1203
-1
1204
1204
1204
-1
1205
1205
1205
-1
1206
1206
1206
1207
1207
1207
1207
1207
-1
1208
1208
1208
-1
-1
1209
1209
-1
-1
1210
1210
-1
1211
1211
1211
1212
1212
1212
1212
-1
1213
1213
1213
-1
-1
1214
1214
1215
1215
1215
1215
1215
-1
1216
1216
1216
-1
1217
1217
1217
-1
1218
1218
1218
1219
1219
1219
1219
1220
1220
1220
1221
1221
1221
1221
1221
1221
1221
-1
-1
1222
1222
1223
1223
1223
1223
1223
1224
1224
1225
1225
1225
1226
1226
1227
1227
1227
1228
1228
1228
1228
1228
1228
1228
1228
1229
1229
1229
1229
1229
1229
1229
1230
1230
1230
1230
1230
1230
1230
-1
1231
1231
1231
1231
1231
-1
1232
1232
1232
1232
-1
1233
1233
1233
1234
1234
1234
1234
1235
1235
1235
1236
1236
1236
1236
1237
1237
1237
1237
1237
1238
1238
1238
1238
1238
1238
1238
1239
1239
1239
1239
1239
1240
1240
1240
1240
1240
1240
1240
1241
1241
1241
1241
1241
1241
1241
1242
1242
1242
1242
1243
1243
1243
1243
1243
1243
1243
-1
1244
1244
1244
1245
1245
1245
1245
1245
1246
1246
1246
1246
1247
1247
1247
1247
1247
1247
1247
1248
1248
1248
1248
1248
1248
1248
1249
1249
1249
1249
1249
1250
1250
1250
1250
-1
1251
1251
1251
1251
-1
-1
-1
1252
1252
-1
481
1253
1253
-1
1254
1254
-1
1255
1255
1255
-1
-1
1256
1256
1257
1257
1257
1257
-1
-1
-1
-1
1258
1259
1259
1259
-1
-1
1260
468
1261
1261
1261
1261
1261
1261
1261
1262
1262
1262
1262
1262
-1
-1
1263
1263
-1
1264
1264
1264
1265
1265
1265
1265
1265
1265
1265
1266
1266
1266
1266
1266
1266
1267
1267
1267
-1
1268
1268
1268
1269
1269
1269
1269
1270
1270
1270
1270
1271
1164
1164
1164
-1
1272
1272
1272
-1
-1
1273
1273
1274
1274
1274
1274
1274
-1
1275
1275
1275
1276
1276
1277
1277
1277
1277
1277
1278
1278
1278
1278
1278
1278
1279
1279
1279
1280
1280
1280
1280
1280
1281
1281
1281
1282
1282
1282
1283
1283
1283
1283
1284
1284
1284
1284
1285
1285
1285
1285
1285
1285
1285
1286
1286
1286
1286
1286
1286
1287
1287
1287
1287
1287
1287
1288
1288
1288
1288
1289
1289
1289
1289
1290
1290
1290
1290
1291
1291
1291
1291
1291
1291
1292
1292
1292
1292
1292
1292
1292
1293
1293
1293
1293
1293
1293
1294
1294
1294
1294
1295
1295
1295
1295
1296
1296
1296
1296
1297
1297
1297
1297
1297
1298
1298
1298
1298
1298
1298
1298
1299
1299
1299
1299
1300
1300
1300
1300
1301
1301
1301
1301
1302
1302
1302
1302
1303
1303
1303
1303
1303
1303
1303
1304
1304
1304
1304
1304
1304
1304
1305
1305
1305
1305
1306
1306
1306
1306
1307
1307
1307
1307
1307
1307
1308
1308
1308
1308
1308
1308
1309
1309
1309
1309
1310
1310
66
66
1311
1311
1311
1311
1312
1312
1312
1312
1312
-1
1313
1313
1313
1313
1314
1314
1314
1314
1315
1315
1315
1315
1316
1316
1316
1316
1316
1316
1316
1317
1317
1317
1317
1318
1318
585
585
1319
1319
1319
1319
1320
1320
1320
1320
1320
1320
1320
1321
1321
1321
1321
1322
1322
1322
1322
1322
1323
1323
1323
1323
1323
1323
1323
-1
1324
1324
1324
-1
1325
1325
1325
-1
1326
1326
1326
-1
1327
1327
1327
-1
1328
1328
1328
1329
1329
1329
1329
1329
1329
1330
1330
1330
1330
1331
1331
1332
1332
1332
1332
1332
1332
1332
1333
1333
1333
1333
1334
1334
1334
1334
1335
1335
1335
1336
1336
1336
1336
1337
1337
1337
1337
1338
1338
1338
1338
1338
1338
1338
1339
1339
1339
1339
1339
1339
1339
1340
1340
1340
1340
1341
1341
1341
1341
-1
1342
1343
1343
-1
-1
1344
1344
-1
1345
1345
1345
-1
1346
1346
1346
1347
1347
1347
1347
1347
1347
1347
-1
1348
1348
1348
-1
1349
1349
1349
1350
1350
1350
-1
1351
1351
1351
1352
1352
1352
1352
1352
1353
1353
1353
1353
1354
1354
1354
1354
1355
1355
1355
1355
1355
1356
1356
1356
1356
1357
1357
1357
1357
1358
1358
1358
1358
1358
1358
1358
1359
1359
1359
1359
1359
1359
1359
1359
1360
1360
1360
1360
1360
1360
1360
1361
1361
1361
1361
-1
1362
1362
1362
1363
1363
1363
1363
1364
1364
1364
1364
1365
1365
1365
1366
1366
1366
1366
1366
1366
1366
1367
1367
1367
1367
1367
1367
1367
1368
1368
1368
1368
1368
1369
1369
1369
1369
1370
1370
1370
1370
1371
1371
1371
1371
1372
1372
1372
1372
1372
1372
1372
1373
1373
1373
1374
1374
1374
1374
1375
1375
1375
1375
1376
1376
1376
1376
1376
1376
1377
1377
1377
1377
1377
1377
1378
1378
1378
1378
1378
1378
1379
1379
1379
1379
1379
1379
1380
1380
1380
1380
1381
1381
1381
1381
1382
1382
1382
1382
1383
1383
1383
1383
1384
1384
1384
1385
1385
1385
1386
1386
1386
415
1387
1387
1387
1388
1388
1388
1389
1389
1389
1389
1389
-1
1390
1390
1390
1391
1391
1391
1391
1392
1392
1392
1393
1393
1393
1393
1394
1394
1394
1394
1395
1395
1395
1395
1396
1396
1396
1396
1397
1397
1397
1397
1398
1398
1398
1398
1399
1399
1399
1399
1400
1400
1400
1400
1400
1401
1401
1401
1401
1402
1402
1402
1402
1402
1402
1402
1402
1403
1403
1403
1403
1403
1403
1403
1403
1404
1404
1404
1404
1404
1404
1404
1405
1405
1405
1405
1406
1406
1406
1407
1407
1407
1407
1407
1407
1407
1408
1408
1408
1408
1408
1408
1408
1409
1409
1409
1409
1409
1409
1409
1410
1410
1410
1410
-1
1411
1411
1411
-1
1412
1412
1412
1413
1413
1413
1414
1414
1414
1414
1415
1415
1415
1415
-1
1416
1416
1416
1417
1417
1417
1417
1418
1418
1418
1419
1419
1420
1420
1421
1421
1421
1421
1421
1421
1421
1421
1422
1422
1422
1422
1422
1422
1422
1423
1423
1423
1423
1423
1423
-1
-1
-1
1424
1424
1424
1424
-1
1425
1087
1087
-1
1426
1426
1426
-1
1427
1427
1427
-1
1428
1428
1428
-1
1429
1429
1429
1430
1430
1430
1430
1431
1431
1431
1431
1431
1431
1431
1432
1432
1432
1433
1433
1433
1434
1434
1434
1434
1434
1435
1435
1435
1435
1435
1435
-1
1436
1436
1436
-1
1437
1437
1437
1438
1438
1438
1438
1438
1438
1438
-1
1439
1439
1439
-1
1440
1440
1440
1441
1441
1441
1441
1441
-1
1442
1442
1442
1442
1443
1443
1443
1443
1443
1443
1444
1444
1444
1444
1444
1444
1444
-1
1445
1445
1445
1445
1445
-1
-1
1446
1446
-1
1447
1447
-1
-1
1448
1448
1449
1449
1449
1449
1449
1449
1449
1450
1450
1450
1450
1451
1451
1451
1451
1451
-1
1452
1452
1452
1453
1453
1453
1453
-1
1454
1454
1454
1455
1455
1455
1455
1455
1455
-1
1456
1456
1456
1457
1457
1457
-1
1458
1458
1458
-1
-1
-1
1459
1459
1459
1459
-1
1460
1460
1460
-1
1461
1461
1461
-1
1462
1462
1462
-1
1463
1463
1463
1464
1464
1464
1464
1464
1464
1464
1465
1465
1465
1465
1465
1465
1465
1466
1466
1466
1466
1467
1467
1467
1467
1467
1467
1467
1468
1468
1468
1468
1469
1469
1469
1469
1469
-1
1470
1470
1470
1470
-1
1471
1471
1472
1472
1472
1472
1473
1473
699
1474
1474
1474
1475
1475
1475
1475
1475
1475
1476
1476
1476
1476
1476
1476
-1
1477
1477
1477
1478
1478
1478
1478
1478
1478
1478
1478
1479
1479
1479
1479
1479
1479
1479
-1
1480
1480
1480
1481
1481
1481
1481
1481
1481
1481
1481
-1
1482
1482
1482
1482
1482
-1
-1
1483
1483
1483
1483
1483
-1
1484
1484
1484
1485
1485
1485
1485
1485
1485
1485
-1
1486
1486
1486
1487
1487
1487
1487
-1
1488
1488
1488
1489
1489
1489
1489
1490
1490
1490
1490
1491
1491
1491
1491
1492
1492
1492
1492
1493
1493
1493
1493
1493
1493
1493
-1
-1
-1
1494
1494
1494
1494
1494
1495
1495
1495
1495
1495
1495
1495
1496
1496
1496
1496
1496
1496
1497
1497
1497
1497
1498
1498
1498
1499
1499
1499
1499
1499
-1
1500
1500
1500
1500
1501
1501
1501
1501
1502
1502
1502
1502
1503
1503
1503
1503
1504
1504
1504
1504
1505
1505
1505
1506
1506
1506
1506
1507
1507
1507
1507
1508
1508
1508
1508
1508
1509
1509
1509
1509
1509
1509
1509
1509
1510
1510
1510
1510
1511
1511
1511
1511
1512
1512
1512
1512
1512
1513
1513
1513
1513
1513
-1
1514
1514
1514
1514
1514
1514
1515
1515
1515
1515
1515
1516
1516
1516
1516
1516
1516
1516
1517
1517
1517
1517
1518
1518
1518
1518
1518
1518
1518
1519
1519
1519
1519
1520
292
292
292
-1
1521
1521
1521
1522
1522
1522
1522
1523
1523
1523
1523
1523
1524
1524
1524
1525
1525
1525
1525
1526
1526
1526
1526
1527
1527
1527
1527
1527
1527
1527
1528
1528
1528
1528
1528
1528
1529
1529
1529
1529
1530
1530
1530
1531
1531
1531
1531
1531
1532
1532
1532
1532
1532
1532
1532
1533
1533
1533
1533
1533
1533
1533
1534
1534
1534
1534
1534
1534
1534
1535
1535
1535
1535
1536
1536
1038
1038
1537
1537
1537
1537
1538
1538
1538
1538
1539
1539
1539
1539
1540
1540
1540
1540
1541
1542
1542
1542
1543
1543
1543
1544
1544
1544
1544
1544
1544
-1
-1
-1
-1
-1
-1
-1
-1
1545
1545
1545
1545
1545
-1
1546
1546
1546
-1
1547
1547
1547
1548
1548
1548
1548
1548
1548
1548
1549
875
1550
1550
1550
1550
-1
1551
1551
1551
-1
1552
1552
1552
1553
1553
1553
1553
1553
1553
1553
1554
1554
1554
1554
1554
1554
1554
1555
1555
1555
1555
1555
1555
1556
1556
1556
1556
1556
1556
1557
1557
1557
1557
1557
1558
1558
1559
1559
1559
1559
1559
1560
1560
1561
1561
1561
1561
1562
1562
1562
1563
1563
1563
1563
1564
1564
1564
1564
1564
1564
1564
-1
1565
1565
1565
1565
1565
1566
1566
1567
1567
1567
1567
1568
1568
1569
1569
1569
1569
1569
1569
1570
1570
1570
1570
1570
1570
1570
1571
1571
1571
-1
1572
1572
1572
-1
971
971
971
1573
1573
1573
1573
1573
1574
1574
1574
1574
1574
1574
1574
-1
1575
1575
1575
-1
1576
1576
1576
1577
1577
1577
1577
1577
1577
1578
1578
1578
1578
1578
1578
1578
1579
1579
1579
1579
1579
1579
1579
1580
1580
1580
1581
1581
1581
1581
1581
1582
1582
1582
1582
1582
1582
1582
1583
1583
1583
1583
1583
1583
1583
1584
1584
1584
1584
1584
1584
1584
1585
1585
1585
1585
1586
1586
1586
1586
1586
1586
1587
1587
1587
1587
1587
1588
1588
1588
1588
1588
1588
1589
1589
1589
1589
1590
1590
1590
1590
1591
1591
1591
1591
1592
1592
1592
1592
1592
1592
1592
1592
1593
1593
1593
1593
1593
1593
1593
1594
1594
1594
1594
1595
1595
1595
1595
1596
1596
1596
1596
1596
1596
1596
1597
1597
1597
1597
1597
1597
1597
1598
1598
1598
1598
1599
1599
1599
1599
1600
1600
1600
1600
1601
1601
1601
1601
1602
1602
1602
1602
1603
1603
1603
1603
1603
1603
1603
1604
1604
1604
1604
1604
1604
1604
1605
1605
1605
1605
1605
1605
1605
1606
1606
1606
1606
1606
1606
1606
1607
1607
1607
1607
-1
1608
1608
1608
1609
1609
1609
1609
1610
1610
-1
1611
1611
1611
1612
1612
-1
-1
-1
-1
1613
1613
1614
1614
1614
1614
1615
1615
1615
1615
1615
1615
1615
1616
1616
1616
1616
-1
1617
1617
1617
-1
1618
1618
1618
-1
1619
1619
1619
1619
1620
1620
1620
1620
1621
1621
1621
1621
1621
1621
1621
1622
1622
1622
1622
1622
1622
1623
1623
1623
1623
1623
1623
1623
1624
1624
1624
1624
1624
1624
1624
1625
1625
1625
1625
1625
1625
1625
-1
1626
1626
1626
1626
1626
1627
1627
1627
1627
1627
1627
1627
1628
1628
1628
1628
1628
1629
1629
1629
-1
-1
1630
1630
1631
1631
1631
1631
1631
-1
1632
1632
1632
-1
-1
1633
1633
-1
1634
1634
1634
1635
1635
1636
1636
1636
1636
1636
1636
1636
1637
1637
1637
1637
1637
1637
-1
1638
1638
1638
-1
1639
1639
1639
-1
1640
240
240
1641
1641
1641
1641
1641
1641
-1
1642
1642
1642
-1
1643
1643
1643
-1
1644
1644
1644
-1
1645
1645
1645
-1
1646
1646
1646
1647
1647
1647
1647
1647
1647
1647
-1
1648
1648
1648
-1
1649
1649
1649
1650
1650
1650
1650
1650
1650
1650
-1
1651
1651
1651
1652
1652
1652
1652
1653
1653
1653
1653
1653
1653
1654
1654
1654
1655
1655
1655
1656
1656
1656
1656
1656
1657
1657
1657
1657
-1
-1
-1
-1
1658
1658
1658
1659
1659
1659
1659
1659
1659
1660
1660
1660
1660
1660
1661
1661
1661
1661
1661
1661
1661
1662
1663
1663
1663
1664
1664
1664
1664
1665
1665
1665
1666
1666
1666
1667
1667
1667
1667
1667
1667
1668
1668
1668
1668
1669
1669
1669
1669
1670
1670
1670
1670
1671
1671
1671
1672
1672
1672
1672
1672
1672
1672
1673
1673
1673
1673
1673
1673
1673
1674
1674
1674
1674
1674
1674
1674
1674
1675
1675
1675
1675
1675
1675
1675
1676
1676
1676
1676
1676
1676
1677
1677
1678
1678
1678
1679
1679
1679
1679
1679
1679
1679
1680
1680
1680
1680
1680
1680
1680
-1
1681
1681
1681
1682
1682
1682
1682
1682
1682
1683
1683
1683
1683
1683
1683
1683
-1
1684
1684
1684
1685
1685
1685
1685
1686
1686
1686
1687
1687
1687
1687
1688
1688
1688
1688
1689
743
743
743
1690
1690
1690
1690
1691
1691
1691
1691
1691
1692
1692
1692
1692
1693
1693
1693
1693
1694
1694
1694
1694
1695
1695
1695
1696
1696
1696
1696
1696
1696
1697
1697
1698
1698
1699
1699
1699
1699
1700
1700
1700
1700
1700
1700
1700
1701
1701
1701
1701
1701
1702
1702
1702
1702
1702
1702
1702
1703
1703
1703
1703
1703
1704
1704
1704
1704
1705
867
867
867
867
1706
1706
1706
1707
1707
1707
1707
1707
1707
1707
1708
1708
1708
1708
1709
1709
1709
1710
1710
1710
1711
1711
1711
1711
1711
1711
1711
1712
1712
1712
1712
1712
1712
1712
-1
1713
1713
1713
-1
1714
1714
1714
-1
1715
1715
1715
