0
0
0
0
1
1
1
1
2
2
2
2
3
3
3
4
4
4
4
4
5
5
5
5
-1
6
6
6
6
7
7
7
7
8
8
8
8
9
9
9
9
10
10
10
10
10
10
10
11
11
11
11
11
11
11
12
12
12
12
13
13
13
13
14
14
14
14
15
15
15
15
16
16
16
16
17
17
17
17
18
18
18
18
19
19
19
19
20
20
20
20
20
20
20
21
21
21
21
22
22
23
23
23
23
24
24
25
25
26
26
26
27
27
27
27
28
28
28
28
29
29
29
29
30
30
30
30
30
30
31
31
31
31
32
32
33
33
33
33
33
33
33
34
34
34
34
35
35
35
35
36
36
36
36
37
37
37
37
38
38
38
39
39
39
39
40
40
40
40
41
41
41
41
41
42
42
42
42
43
43
43
43
44
44
44
44
45
45
45
45
46
46
46
46
47
47
47
47
47
47
48
48
49
49
49
49
50
50
50
50
-1
51
51
51
51
-1
-1
52
52
52
52
53
53
53
53
54
54
51
51
55
55
55
55
56
50
50
50
57
57
57
57
58
58
52
52
59
59
59
59
60
60
61
61
61
-1
-1
62
62
62
63
63
63
63
63
64
64
64
64
64
-1
65
65
65
65
65
65
65
66
66
66
66
67
67
67
67
67
67
68
68
68
68
69
69
69
69
69
-1
70
70
70
70
71
71
71
71
71
71
72
72
72
72
73
73
73
73
74
74
74
74
74
74
74
75
75
75
76
76
76
76
77
77
77
78
78
78
79
79
79
80
80
80
-1
81
81
81
81
81
82
82
82
82
83
83
83
83
84
84
84
85
85
85
85
85
85
85
86
86
86
86
87
87
87
87
87
87
88
88
88
88
88
88
89
89
89
89
89
89
-1
90
90
91
91
91
91
91
91
91
91
92
92
92
92
93
93
93
93
94
94
94
94
95
95
96
96
96
96
96
-1
97
97
97
-1
98
98
98
99
99
99
99
100
100
100
100
101
101
101
101
101
101
102
102
102
102
102
102
103
103
103
103
103
103
-1
-1
-1
-1
-1
-1
-1
-1
104
104
104
104
104
104
104
105
105
105
105
105
105
105
106
106
106
106
106
106
107
107
107
107
107
107
107
108
108
108
108
108
108
108
109
109
109
109
109
109
109
110
110
110
-1
111
111
111
-1
112
112
112
-1
113
113
113
114
114
114
114
115
115
115
115
115
115
115
116
116
116
116
116
116
117
117
117
117
117
117
118
118
118
118
118
118
118
119
119
119
119
119
119
119
120
120
120
120
120
120
120
-1
121
121
121
-1
122
122
122
-1
123
123
123
-1
124
124
124
-1
125
125
125
-1
126
126
126
127
127
127
127
127
127
127
128
128
128
128
129
129
129
129
129
129
130
130
130
130
131
131
131
131
132
132
133
133
133
133
-1
134
134
134
135
135
135
135
-1
136
136
136
137
137
137
137
138
138
138
139
139
139
139
139
139
139
140
140
140
140
140
140
140
141
141
141
141
142
142
142
142
142
142
142
143
143
143
143
143
143
143
144
144
144
144
144
144
144
145
145
-1
146
146
146
146
147
147
147
147
-1
148
148
148
149
149
149
149
149
149
149
150
150
150
150
150
150
151
151
151
151
151
152
152
152
153
153
154
154
154
154
155
155
155
155
156
156
156
156
156
156
157
157
157
157
157
-1
158
158
158
-1
159
159
159
-1
160
160
160
161
161
161
161
162
162
162
162
163
163
163
163
164
164
-1
165
165
165
165
166
166
166
167
167
167
167
168
168
168
169
169
170
170
170
170
171
171
171
171
171
171
171
172
172
172
172
172
172
172
-1
173
173
173
173
-1
174
174
174
175
175
175
175
175
175
175
-1
-1
176
176
-1
-1
177
177
-1
-1
178
178
179
179
179
179
179
-1
180
180
180
180
181
181
181
181
182
182
182
182
182
182
183
183
183
183
183
183
183
184
184
184
184
-1
185
185
185
185
185
185
185
-1
186
186
186
187
187
188
188
188
188
188
189
189
189
189
189
189
189
189
190
190
190
190
190
190
190
-1
191
191
191
191
-1
192
192
192
-1
193
193
193
194
194
194
194
195
195
195
195
195
195
195
196
196
196
196
197
197
197
197
197
197
197
198
198
198
-1
199
199
199
199
200
200
200
200
201
201
201
201
201
201
202
202
202
202
203
203
203
203
204
204
204
204
204
204
204
205
205
205
205
205
205
206
154
154
154
207
207
207
207
207
207
207
208
208
208
208
209
209
209
209
210
210
210
210
210
211
211
211
211
212
212
212
212
212
212
212
213
213
213
213
214
214
214
214
214
214
214
215
215
215
216
216
216
-1
217
217
217
217
217
217
217
218
218
218
218
218
218
218
219
219
219
219
219
219
219
219
220
220
220
220
221
221
221
221
222
222
222
222
223
223
223
223
224
224
224
224
225
225
225
225
226
226
226
226
227
227
228
228
228
-1
229
229
229
-1
230
230
230
231
231
231
231
231
231
231
-1
232
232
232
-1
233
233
233
234
234
234
235
235
235
235
-1
236
236
236
237
237
237
237
-1
238
238
238
-1
239
239
239
240
240
240
240
240
240
240
-1
-1
241
241
242
242
242
242
242
242
242
-1
-1
243
243
244
244
-1
-1
245
245
245
-1
246
246
246
247
247
247
247
247
247
247
248
248
248
248
248
-1
249
249
249
-1
250
250
250
251
251
251
251
251
252
252
252
252
252
252
252
253
253
253
253
-1
254
254
254
255
255
255
-1
256
256
256
257
257
257
257
257
257
257
258
258
258
258
259
259
259
259
-1
260
260
260
261
261
261
261
261
261
261
262
262
262
262
263
263
263
263
264
264
264
264
265
265
265
265
265
265
265
266
266
266
266
266
266
266
-1
-1
267
267
267
267
268
268
268
268
269
269
269
269
270
270
270
271
271
271
272
272
272
273
273
273
273
273
273
273
274
274
274
275
275
275
-1
276
276
276
-1
277
277
277
-1
278
278
278
279
279
279
279
280
280
280
280
281
281
281
281
281
282
282
282
282
283
283
283
283
283
283
283
284
284
284
284
284
284
284
285
285
285
285
285
285
285
286
286
286
286
286
286
286
287
287
287
287
287
287
287
288
288
288
288
288
288
288
289
289
289
289
289
289
289
-1
290
290
290
291
291
291
291
292
292
292
292
293
293
293
293
294
294
294
294
294
294
294
294
295
295
295
295
295
296
296
297
297
297
297
298
298
298
299
299
299
299
299
299
299
300
300
300
300
300
300
300
301
301
301
301
302
302
302
302
-1
303
303
304
304
304
304
-1
305
305
305
306
306
306
306
306
306
307
307
307
307
308
308
308
309
309
309
310
310
310
311
311
311
312
312
312
313
313
313
313
314
314
314
314
314
-1
315
315
315
-1
316
316
316
-1
317
317
317
-1
318
318
318
319
319
319
319
319
319
319
320
320
320
320
320
320
320
321
321
321
321
322
322
322
322
323
323
323
323
324
324
324
324
324
324
-1
325
325
325
-1
326
326
326
-1
327
327
327
-1
328
328
328
-1
329
329
329
330
330
330
330
331
331
331
331
332
332
332
332
-1
333
333
333
-1
334
334
334
-1
335
335
335
-1
336
336
336
337
337
337
337
338
338
338
338
339
339
339
339
-1
340
340
340
-1
341
341
341
-1
342
342
342
-1
343
343
343
344
344
344
344
344
344
344
345
345
345
345
345
345
345
345
346
346
346
346
346
346
346
347
347
347
347
347
347
347
-1
46
-1
348
348
348
349
349
349
349
349
349
350
350
350
350
350
350
350
-1
351
351
351
352
352
352
353
353
353
353
353
353
354
354
354
-1
355
355
355
-1
356
356
356
357
357
357
357
358
358
358
358
358
358
358
359
359
-1
360
360
360
-1
-1
361
361
361
362
362
362
363
363
363
363
364
364
364
364
365
365
365
365
366
366
366
366
367
367
367
367
367
367
367
368
368
368
368
368
368
368
368
369
369
369
370
370
370
-1
371
371
371
371
371
372
372
372
372
373
373
373
373
373
374
374
374
-1
375
375
375
-1
376
376
376
377
377
377
377
378
378
378
378
379
379
379
379
379
379
379
379
380
380
380
380
381
381
381
381
382
382
382
382
383
383
383
383
383
383
383
384
384
384
384
384
384
384
385
385
385
385
385
385
385
386
386
386
386
386
387
387
387
387
387
-1
388
388
388
-1
389
389
389
-1
390
390
390
-1
391
391
391
-1
392
392
392
393
393
393
9
394
394
394
394
-1
395
395
395
396
396
396
396
396
396
-1
334
334
397
397
397
397
397
397
-1
398
398
398
398
398
399
399
399
399
399
399
400
400
400
400
400
400
401
401
401
401
401
401
401
402
402
402
402
402
402
403
403
403
403
403
403
403
-1
404
404
404
405
405
405
405
405
405
406
406
406
406
406
406
406
407
407
408
408
-1
409
409
409
409
410
410
410
410
410
410
410
411
411
411
411
-1
412
412
412
-1
413
413
413
414
414
414
414
414
414
415
415
415
415
-1
416
416
416
417
417
417
417
417
417
417
417
-1
418
418
418
419
296
296
296
296
-1
420
420
420
421
421
421
421
422
422
422
422
422
422
422
423
423
423
424
424
424
424
425
425
425
425
425
425
426
426
426
426
426
426
426
-1
58
58
58
427
427
427
-1
428
428
428
429
429
429
429
-1
430
430
430
431
431
431
432
432
432
432
432
432
432
433
433
433
433
434
434
434
435
435
435
435
436
436
436
436
-1
437
437
437
438
438
438
438
438
-1
439
439
439
440
440
440
440
440
440
440
-1
441
441
441
442
442
442
442
443
443
443
443
444
444
445
445
445
445
446
446
446
446
447
447
447
447
447
448
448
448
448
448
448
448
448
449
449
449
450
450
450
450
451
451
451
451
451
451
451
452
452
452
452
452
453
453
453
453
453
453
453
454
454
454
454
454
455
455
455
455
456
456
456
456
457
457
457
458
458
458
458
459
459
459
459
460
460
460
460
461
461
461
461
462
462
462
462
463
463
463
463
464
464
464
464
464
464
464
465
465
465
465
465
466
466
466
466
466
466
467
467
467
467
467
467
467
467
468
468
468
468
468
469
469
469
469
469
469
469
470
470
470
470
470
470
470
470
471
471
471
472
472
472
-1
-1
-1
-1
473
473
473
474
474
474
474
474
474
474
-1
-1
-1
475
475
475
475
476
476
476
476
476
476
476
-1
255
255
-1
477
477
477
-1
478
478
-1
479
479
479
-1
480
480
480
481
482
482
482
483
483
483
483
-1
484
484
484
485
485
485
485
485
485
486
486
486
486
487
487
487
487
488
488
488
488
488
488
488
489
489
489
489
490
490
490
491
491
491
491
491
-1
492
492
492
493
493
493
-1
494
494
494
495
495
495
495
495
495
495
496
496
496
496
496
497
497
497
497
497
498
498
498
498
498
498
498
499
499
499
499
499
499
499
500
500
500
500
501
501
501
502
502
502
502
502
-1
503
503
503
-1
504
504
504
-1
505
505
505
-1
506
506
506
507
507
507
507
507
507
508
508
508
508
508
508
-1
509
509
509
-1
510
510
510
-1
511
511
511
512
512
512
512
512
512
512
-1
513
513
513
514
514
514
514
514
514
514
514
515
515
515
515
515
515
515
516
516
516
-1
517
517
517
-1
518
518
518
-1
519
519
519
520
520
521
521
521
-1
522
522
522
-1
523
364
364
-1
524
524
524
-1
-1
525
525
-1
526
526
526
527
527
527
-1
-1
-1
528
528
528
528
528
528
-1
529
529
529
529
529
529
530
530
530
530
530
530
530
-1
-1
531
531
-1
532
532
532
-1
-1
533
533
-1
-1
534
534
535
535
535
535
-1
536
536
536
536
-1
537
537
537
538
538
538
538
538
539
539
539
539
539
539
-1
540
540
540
541
541
541
541
541
541
541
542
542
542
542
-1
543
543
543
544
544
544
545
545
545
545
-1
546
546
546
-1
547
547
547
-1
-1
548
192
-1
549
549
549
-1
550
550
550
-1
-1
551
551
551
-1
-1
-1
-1
552
552
552
552
552
552
552
-1
553
553
553
554
554
554
554
555
555
555
555
-1
556
556
556
556
556
557
557
557
557
557
557
557
558
558
558
558
558
558
558
559
559
559
559
-1
560
560
560
560
560
560
560
560
-1
561
561
561
-1
562
562
562
563
563
563
563
564
564
564
564
565
565
565
565
566
566
566
566
567
567
567
567
568
568
568
568
569
569
569
569
570
570
570
570
-1
571
571
571
571
572
572
572
572
573
573
573
573
574
574
574
574
-1
575
575
575
-1
576
576
576
-1
577
577
577
-1
578
578
578
579
579
-1
580
580
580
581
581
581
581
581
582
582
582
582
582
582
583
583
583
583
583
583
584
584
584
584
584
584
584
585
585
585
585
585
585
-1
586
586
587
587
50
50
-1
588
588
588
589
589
589
589
589
589
589
590
590
590
590
591
591
591
591
591
592
592
592
592
593
593
593
593
594
594
594
594
594
594
595
595
595
595
595
-1
596
596
596
596
596
596
596
596
-1
-1
597
597
598
598
598
598
598
598
598
599
599
599
599
599
599
599
600
600
600
600
600
600
600
601
601
601
601
601
601
601
602
602
602
602
602
602
602
603
603
603
603
603
603
604
604
604
604
605
605
605
605
-1
606
606
606
607
607
607
607
607
607
607
608
608
608
608
609
609
609
609
610
610
610
610
610
611
611
611
611
612
612
612
612
612
612
612
-1
613
613
613
-1
-1
614
614
-1
615
333
333
616
616
616
616
617
617
617
617
617
617
617
618
618
618
618
618
618
618
618
619
619
619
619
619
619
620
620
620
621
621
621
621
621
621
622
622
622
622
623
623
623
623
624
624
624
624
624
624
624
625
625
625
625
626
626
626
626
627
627
628
628
628
628
628
628
629
629
630
630
630
630
630
630
630
631
631
631
631
631
631
631
632
632
632
632
633
633
633
633
633
633
633
634
634
634
634
634
634
634
635
635
635
635
636
636
636
636
637
637
637
638
638
638
638
638
638
638
639
639
639
639
640
640
640
640
641
641
641
641
642
642
643
643
643
644
644
644
-1
645
645
645
-1
646
646
646
-1
647
647
647
648
648
648
648
-1
649
649
649
-1
650
650
650
-1
651
651
651
652
652
652
652
653
653
653
653
654
654
654
654
654
654
655
655
655
655
655
655
655
656
656
657
657
657
657
657
657
657
657
658
658
658
658
659
659
659
660
660
660
661
661
661
661
661
662
662
662
662
663
663
663
663
664
664
664
664
664
665
665
665
665
666
666
666
667
667
667
-1
668
668
668
668
668
-1
-1
669
669
670
670
670
670
670
671
671
671
-1
672
672
672
673
673
674
674
674
674
675
675
675
675
675
675
676
676
676
676
676
676
676
676
677
677
677
677
677
677
677
678
678
678
678
678
678
678
678
-1
679
679
679
-1
680
680
680
681
681
681
681
681
-1
682
682
682
682
682
683
683
683
683
683
683
-1
684
684
684
-1
685
685
685
-1
-1
686
686
-1
687
687
687
688
688
688
688
688
-1
-1
689
689
-1
-1
690
690
-1
691
691
691
-1
692
692
692
-1
693
693
693
-1
-1
694
694
-1
695
695
-1
-1
696
696
696
696
696
696
696
-1
697
697
698
698
698
698
698
-1
-1
699
699
-1
-1
700
700
701
701
701
701
701
701
701
702
702
702
702
702
702
-1
703
703
703
-1
-1
704
704
705
705
705
705
705
705
706
706
706
706
706
706
707
707
707
707
707
707
707
-1
708
708
-1
709
709
709
-1
-1
710
710
-1
711
711
711
-1
712
712
712
712
713
713
713
713
713
713
713
-1
714
714
714
-1
715
715
715
-1
716
716
716
-1
717
717
717
-1
718
718
718
719
719
719
719
719
719
719
-1
720
720
720
721
721
721
721
721
721
721
721
722
722
722
722
722
-1
723
723
723
-1
724
724
724
725
725
726
726
726
-1
727
727
727
-1
728
728
728
-1
729
729
729
-1
730
730
730
-1
731
731
731
732
732
732
732
732
732
732
-1
733
733
733
-1
734
734
734
-1
735
735
735
736
736
736
737
737
737
737
737
738
738
738
738
-1
739
739
739
-1
740
740
740
-1
741
741
741
742
742
742
743
743
743
743
744
744
744
745
745
745
745
745
745
-1
746
746
746
747
747
747
747
-1
748
748
748
749
749
749
-1
750
750
750
-1
751
751
751
-1
752
752
752
753
753
753
753
754
754
754
754
755
755
755
155
756
756
756
756
757
757
757
757
-1
758
758
758
759
759
759
759
759
759
-1
760
760
760
760
760
-1
761
761
761
762
762
762
762
762
763
763
763
763
763
763
764
764
764
764
764
765
765
765
765
765
765
765
766
766
766
766
-1
767
767
767
767
768
768
768
768
768
769
769
769
769
770
770
770
770
771
771
771
771
-1
772
772
772
773
773
773
773
773
773
773
774
774
774
774
774
774
774
775
775
775
775
775
775
776
776
776
776
777
777
777
778
778
778
778
778
778
778
-1
779
779
779
779
780
780
780
780
781
781
781
781
781
782
782
782
782
782
-1
783
783
783
783
783
783
783
784
784
784
784
784
784
784
785
785
785
785
785
785
-1
786
786
786
787
788
788
788
789
789
789
789
789
789
790
790
790
790
790
790
790
-1
791
791
791
792
792
792
792
793
793
793
793
794
794
794
794
795
795
795
795
795
-1
796
796
796
796
796
796
796
797
797
797
797
797
797
797
798
798
798
798
798
799
799
799
799
800
800
801
801
801
802
802
802
802
803
803
803
804
804
804
804
805
805
805
805
806
806
806
806
807
807
807
807
808
808
808
809
809
809
809
810
810
810
811
811
811
811
811
811
811
812
812
812
812
813
813
813
813
814
814
814
814
815
815
815
815
816
816
816
816
816
816
-1
817
817
817
-1
818
818
819
819
819
819
819
-1
820
820
-1
821
821
821
-1
-1
822
822
-1
-1
823
823
-1
-1
824
824
-1
825
825
825
-1
826
826
826
-1
827
827
827
-1
-1
828
828
-1
-1
829
829
-1
-1
830
830
-1
831
831
831
832
832
832
832
832
832
832
-1
-1
833
833
834
834
834
834
834
-1
835
835
-1
836
836
836
-1
837
837
837
-1
838
838
504
839
839
839
839
839
839
840
840
840
840
840
840
840
-1
-1
-1
841
841
841
841
841
841
841
-1
842
842
842
843
843
843
843
844
844
844
844
844
844
845
845
845
845
845
845
845
846
846
846
846
846
846
846
-1
-1
847
847
847
847
847
847
847
-1
848
848
848
-1
849
849
849
-1
850
850
850
851
851
851
851
852
852
852
852
853
853
853
853
854
854
854
854
855
855
855
855
855
856
856
856
856
857
857
857
857
858
858
858
858
858
858
858
858
859
859
859
859
859
859
860
860
860
860
860
860
860
861
861
861
861
862
862
862
862
862
862
863
863
863
863
863
-1
-1
864
864
864
864
-1
865
865
865
-1
866
866
-1
867
867
867
-1
868
868
868
-1
869
869
-1
870
870
870
-1
871
871
-1
-1
872
872
873
873
874
874
874
874
874
875
875
875
875
876
876
876
877
877
877
-1
878
878
878
878
878
879
879
879
879
-1
880
880
880
-1
881
881
881
-1
882
882
882
883
883
884
884
-1
885
885
885
886
886
886
886
886
887
887
887
887
887
887
887
888
888
888
888
888
889
889
889
889
889
889
889
889
890
890
890
890
891
891
891
891
891
891
891
-1
-1
892
892
-1
893
893
893
894
894
894
894
894
894
894
894
-1
895
895
895
-1
896
896
896
897
897
897
897
897
897
897
-1
-1
898
898
-1
899
899
899
-1
900
900
900
-1
901
901
901
902
902
902
903
903
-1
904
904
-1
905
905
-1
906
906
906
-1
907
907
907
-1
908
908
908
-1
909
909
909
910
910
910
910
910
911
911
911
911
911
912
913
913
913
914
914
914
914
914
914
914
914
-1
915
915
915
-1
916
916
916
-1
917
917
917
918
918
918
918
918
919
919
919
919
920
920
920
920
-1
921
921
921
922
922
922
923
923
923
923
924
924
924
924
924
924
924
925
925
925
925
-1
926
926
926
927
927
927
155
-1
928
928
928
-1
929
929
929
930
930
930
930
-1
931
931
931
932
932
932
932
932
932
932
933
933
933
933
933
933
934
934
934
934
934
934
934
935
935
-1
-1
-1
-1
-1
-1
-1
936
936
936
-1
937
937
937
938
938
938
938
938
-1
939
939
939
940
940
940
940
941
941
941
941
-1
942
942
942
-1
943
943
943
944
944
-1
945
945
945
-1
946
946
946
947
947
947
947
948
948
948
949
949
949
949
949
949
949
950
950
950
950
-1
-1
951
951
951
-1
952
952
952
953
953
953
953
954
954
954
954
-1
955
955
955
-1
956
956
956
957
957
957
957
957
957
-1
958
958
958
-1
959
959
959
960
960
960
961
961
961
961
-1
962
962
962
-1
963
963
963
964
964
964
964
965
965
965
965
966
966
966
966
