-1
-1
0
0
1
2
2
2
3
3
3
3
3
3
3
4
4
4
4
4
-1
-1
5
5
-1
6
6
-1
7
7
7
8
8
8
8
8
9
9
-1
-1
10
10
-1
11
11
-1
12
12
12
-1
13
13
13
-1
14
14
14
-1
-1
15
15
-1
16
16
16
17
18
18
18
-1
19
19
19
20
20
20
20
20
21
21
-1
22
22
22
-1
23
23
-1
24
24
-1
25
25
25
-1
26
26
27
27
27
27
27
27
27
28
28
28
28
29
29
30
30
30
30
31
31
31
31
31
31
31
32
32
32
32
32
32
32
-1
33
33
33
-1
34
34
34
-1
35
35
35
-1
36
36
36
-1
37
35
35
38
38
38
38
38
38
38
-1
39
39
39
-1
1627
40
40
-1
3030
41
41
-1
42
43
43
-1
44
45
45
-1
46
46
46
-1
47
47
47
48
48
48
48
48
-1
-1
49
49
-1
50
50
50
50
-1
51
51
51
52
52
52
52
52
53
54
54
54
55
56
56
56
-1
-1
57
57
-1
-1
58
58
-1
59
59
59
-1
-1
60
60
61
-1
62
62
-1
63
63
63
-1
64
64
-1
65
65
65
-1
66
66
66
-1
67
67
-1
68
68
68
69
69
69
-1
70
70
71
71
71
71
71
-1
72
72
72
72
72
72
72
73
73
73
73
73
74
74
74
74
74
74
-1
-1
75
75
-1
76
76
76
-1
77
77
77
78
78
78
78
78
78
78
78
79
79
79
79
79
79
80
80
80
80
80
80
81
81
81
81
81
81
81
81
-1
82
82
82
-1
-1
83
83
-1
-1
84
84
-1
85
85
86
86
-1
-1
87
87
-1
88
88
88
-1
89
89
89
-1
99
90
90
91
91
91
92
92
92
-1
1388
93
93
-1
94
94
-1
95
95
95
-1
96
96
96
-1
97
97
98
98
98
98
98
98
99
-1
100
100
-1
101
101
-1
-1
102
102
-1
2393
103
15
-1
-1
104
104
105
105
105
105
105
-1
106
106
106
-1
107
107
108
109
109
109
110
111
111
111
-1
112
112
112
-1
113
113
113
-1
114
114
114
114
-1
115
115
-1
116
116
116
-1
-1
117
117
118
-1
119
100
-1
120
120
120
121
121
121
121
122
122
122
122
123
123
123
123
124
124
124
124
124
124
124
124
125
125
125
125
125
126
126
126
126
126
126
126
127
127
128
128
129
129
129
129
129
129
129
129
130
130
130
130
130
130
130
131
131
131
131
131
131
131
132
132
132
132
132
-1
133
133
134
134
134
134
134
134
135
135
135
135
135
135
135
136
136
136
136
136
136
136
136
137
137
137
137
138
138
139
139
139
139
140
140
140
140
140
140
141
141
141
141
142
142
142
142
143
143
143
143
144
144
144
144
145
145
145
145
145
145
145
146
146
146
146
146
147
147
147
147
148
148
148
149
149
149
149
-1
150
150
150
-1
151
151
151
-1
152
152
152
153
153
153
153
153
-1
154
154
154
155
155
156
156
156
156
157
157
157
157
157
157
157
-1
158
158
158
-1
159
159
159
-1
160
160
160
161
161
161
161
-1
162
162
162
163
163
163
164
164
164
164
164
164
164
-1
165
165
165
166
166
166
166
166
166
167
167
167
167
167
167
167
-1
168
168
-1
169
169
169
170
170
170
-1
171
171
171
172
172
172
172
172
172
173
173
-1
174
174
174
174
174
174
174
175
175
175
175
175
175
175
176
176
176
176
176
177
177
177
177
177
177
177
-1
178
178
178
-1
179
179
179
180
180
180
181
181
181
181
181
181
182
182
-1
960
183
184
185
185
185
186
186
186
186
186
186
186
187
187
188
188
188
188
189
189
189
190
190
190
190
190
190
190
-1
191
191
192
192
192
193
193
193
194
194
194
194
194
194
194
195
196
196
196
197
197
197
197
197
197
197
198
198
198
198
198
198
198
199
199
199
199
200
200
201
201
201
201
202
202
202
202
202
202
203
203
203
203
204
204
204
204
205
205
205
205
205
206
206
206
206
206
207
207
208
208
208
209
209
209
209
210
210
210
210
210
210
210
210
-1
-1
211
211
212
213
213
213
214
214
214
-1
215
215
215
216
216
216
-1
-1
2549
-1
-1
-1
-1
217
217
217
217
217
-1
218
218
218
-1
219
219
219
220
220
220
220
220
220
221
221
221
221
221
221
222
222
222
222
222
222
222
-1
223
223
223
-1
224
224
225
225
225
225
-1
226
226
226
227
227
227
227
227
227
227
228
229
229
229
-1
230
230
230
231
231
231
231
231
231
231
-1
232
232
232
-1
-1
-1
233
233
233
233
233
233
-1
234
234
234
235
235
235
235
235
235
236
236
236
236
236
237
237
237
237
237
237
237
-1
238
238
238
-1
239
239
239
-1
240
240
240
-1
241
241
241
242
243
243
243
244
244
244
244
244
245
245
245
245
-1
246
246
246
-1
247
247
247
-1
248
248
248
-1
249
249
250
250
250
250
251
251
251
251
251
251
251
252
252
252
252
253
253
253
253
253
253
254
254
254
254
-1
255
255
255
-1
256
256
256
-1
257
257
257
-1
258
258
258
259
259
259
259
260
260
260
260
260
260
-1
261
261
261
-1
262
262
262
-1
263
263
263
-1
264
264
264
264
264
265
265
265
265
265
265
265
265
-1
266
266
266
267
267
267
267
267
267
-1
268
268
268
269
269
269
269
269
269
269
270
270
270
271
271
70
70
272
272
272
-1
273
273
273
-1
274
274
275
275
275
275
-1
276
276
276
-1
277
277
277
277
278
278
278
278
279
279
279
280
280
280
280
281
281
281
281
282
283
284
284
284
285
285
285
285
286
286
286
286
287
287
287
287
287
288
288
289
289
290
290
290
290
291
291
291
291
292
292
292
293
293
293
293
293
293
294
294
294
294
294
295
295
295
295
295
295
295
296
296
296
296
296
296
297
297
297
297
298
298
298
298
299
299
299
299
300
300
300
300
300
300
301
301
301
301
301
302
302
302
302
-1
303
303
303
304
304
304
-1
305
305
305
-1
306
306
306
307
307
307
307
307
307
-1
-1
308
308
308
308
308
308
308
-1
309
309
309
310
310
310
310
310
310
310
310
311
311
311
312
312
312
312
-1
313
313
313
-1
314
314
314
-1
315
315
315
-1
316
316
316
-1
317
317
317
-1
318
318
318
-1
319
319
319
320
320
320
320
320
320
320
-1
321
321
321
322
322
322
322
322
322
322
323
323
323
323
323
323
323
324
324
324
324
324
324
324
325
325
325
325
326
326
326
-1
327
327
327
-1
328
328
328
329
329
329
329
329
329
329
330
330
330
330
330
330
330
330
331
361
-1
-1
332
332
332
333
333
333
333
334
334
334
334
334
334
334
-1
335
335
335
-1
336
336
336
337
337
337
337
337
337
337
-1
-1
-1
-1
338
338
-1
339
339
0
340
341
341
341
342
342
342
342
342
342
342
343
343
343
343
343
343
344
344
344
344
344
345
345
345
345
345
346
346
346
346
346
347
347
347
347
347
347
347
-1
-1
348
348
348
348
349
349
349
349
349
349
349
350
350
350
350
350
350
-1
-1
351
351
-1
352
352
353
353
353
353
353
353
354
354
354
354
354
354
-1
355
355
355
355
355
356
356
356
356
357
357
357
357
357
357
357
357
358
358
358
358
358
359
359
359
359
360
360
360
360
360
360
360
361
361
361
361
362
362
362
362
363
363
363
363
364
364
364
364
365
365
365
365
366
366
366
366
366
366
367
-1
-1
-1
368
368
368
368
368
369
369
369
369
369
369
370
370
370
370
370
370
371
371
371
371
372
372
372
372
372
372
372
373
373
373
373
374
374
374
374
375
375
375
375
376
376
376
376
376
376
376
377
377
377
377
377
378
378
16
16
379
379
379
379
380
380
380
380
381
381
381
381
382
382
382
382
382
382
382
382
383
383
383
383
383
383
383
384
384
384
384
385
385
385
385
386
386
386
386
387
387
387
387
388
388
388
388
389
389
389
389
389
389
389
390
390
390
390
390
390
390
391
391
391
391
392
392
392
392
393
393
393
393
393
393
393
394
394
394
394
394
394
394
395
395
395
395
395
395
395
-1
396
396
396
2519
397
397
397
-1
398
398
399
399
399
399
399
399
399
-1
-1
400
400
400
400
400
400
400
401
401
401
401
402
402
402
402
402
402
402
402
403
403
403
403
403
403
-1
404
404
404
405
405
405
405
405
405
405
406
406
406
-1
407
407
407
-1
408
408
409
409
409
409
409
409
409
410
410
410
410
410
411
411
-1
412
412
412
-1
413
413
413
414
414
414
414
414
414
414
415
415
415
415
415
415
415
-1
416
416
416
-1
417
417
417
-1
418
418
418
419
419
419
419
419
420
420
420
421
286
286
286
422
422
422
422
422
422
423
423
423
423
423
423
-1
424
424
424
-1
425
425
425
-1
426
426
426
-1
427
427
39
428
428
428
428
429
429
429
429
429
430
430
430
430
430
-1
431
431
-1
432
432
432
433
433
433
434
434
434
434
434
434
434
435
435
435
435
435
435
435
436
436
436
436
437
437
437
437
437
437
437
-1
438
438
438
-1
439
439
439
440
440
440
440
440
440
441
367
367
367
367
367
-1
442
442
442
443
443
443
443
443
444
444
444
444
444
444
445
445
445
445
445
446
446
446
447
447
447
447
448
448
448
448
449
449
449
449
449
449
450
450
450
451
451
451
452
452
452
452
452
453
453
453
453
453
454
454
454
454
454
455
455
455
455
455
456
456
456
456
457
457
457
457
457
457
457
458
458
458
458
459
459
459
459
460
460
460
460
461
461
461
461
462
462
462
462
463
463
463
463
464
464
464
465
465
466
466
466
467
467
467
467
468
468
468
468
469
469
470
470
470
470
470
470
470
471
471
471
471
471
472
472
472
472
472
473
473
473
473
473
473
473
474
474
474
474
475
475
475
475
475
476
476
476
476
476
476
477
477
477
477
477
477
477
477
478
478
478
478
478
478
478
479
479
479
479
479
479
479
480
480
480
480
480
480
480
481
481
481
481
481
481
481
482
482
482
482
482
482
482
483
483
483
483
483
483
484
484
484
484
485
485
485
485
486
486
486
486
486
486
486
487
487
487
487
488
488
488
488
489
489
489
489
490
490
490
490
491
491
491
491
491
491
491
492
492
492
492
493
493
493
493
494
494
494
494
495
495
495
495
495
496
496
496
496
496
496
497
497
497
497
497
497
497
498
498
498
498
499
499
499
499
499
499
499
500
500
500
500
501
501
501
501
502
502
502
502
503
503
503
503
504
504
504
504
505
505
505
505
506
506
506
506
506
506
506
507
507
507
507
508
508
509
509
509
509
509
509
509
510
510
510
510
511
511
511
511
512
513
513
513
-1
514
514
514
515
515
515
515
516
516
516
516
516
516
516
-1
517
517
517
-1
518
518
518
519
519
519
519
519
519
520
520
520
520
520
520
520
521
522
522
522
522
522
522
522
522
523
523
523
524
524
524
524
524
525
526
526
526
527
527
527
527
528
528
528
528
528
528
529
529
529
529
529
530
530
530
530
531
531
531
531
531
531
531
532
532
532
532
533
533
533
533
534
534
534
534
535
535
535
535
536
536
536
536
536
536
536
-1
537
537
537
-1
538
538
538
-1
539
539
539
540
540
540
540
540
540
-1
541
541
541
541
541
541
541
542
542
542
542
542
542
542
543
543
543
543
544
544
544
544
545
545
545
545
546
546
546
546
547
547
547
547
548
548
548
548
548
548
548
548
549
549
549
549
549
549
549
550
550
550
550
550
550
551
551
551
551
551
551
551
552
552
552
552
552
552
552
553
553
553
553
553
553
554
554
554
-1
555
555
555
556
556
557
557
557
-1
558
558
558
558
558
558
558
559
559
559
560
560
560
561
561
561
561
561
561
561
562
562
562
562
563
563
563
563
564
564
564
564
565
565
565
565
566
566
567
567
567
567
568
568
569
569
569
569
569
569
569
-1
570
570
570
570
570
570
570
571
571
571
571
572
572
572
572
572
573
573
573
574
574
574
574
574
575
575
575
575
576
576
576
576
577
577
577
577
578
578
-1
579
579
579
579
579
579
579
580
580
580
581
581
581
581
581
581
581
582
582
582
582
582
583
583
583
583
583
583
583
584
584
584
584
584
584
584
584
585
585
585
585
585
585
585
-1
586
586
586
587
587
587
587
587
587
587
-1
-1
588
588
588
588
588
588
588
589
589
589
589
590
590
590
590
590
590
590
591
591
591
591
591
-1
-1
-1
-1
592
592
-1
-1
593
593
594
594
594
594
594
594
594
595
595
595
596
17
17
17
597
597
597
597
598
598
598
598
598
598
598
599
599
599
599
599
599
599
600
600
283
283
-1
601
601
601
-1
602
602
603
603
604
604
604
604
604
604
605
605
605
605
606
606
606
607
607
607
607
608
608
608
608
609
609
609
609
609
609
610
610
610
610
610
-1
-1
611
611
612
612
612
612
612
-1
613
613
613
614
614
614
614
615
615
615
615
615
615
-1
616
617
617
618
615
615
615
615
615
-1
619
619
619
-1
620
620
620
621
621
621
621
622
622
-1
623
623
623
623
-1
3105
-1
-1
-1
624
624
-1
-1
625
625
-1
-1
626
626
-1
627
627
627
628
629
629
629
630
525
525
525
631
631
631
631
632
632
632
632
633
633
633
633
634
634
634
634
635
635
635
636
636
636
636
637
637
637
637
637
637
-1
638
638
638
639
639
639
639
640
640
640
640
640
640
640
641
641
641
641
641
641
642
642
642
642
643
643
643
643
644
644
645
645
645
645
646
646
646
646
646
646
646
647
647
647
647
647
648
649
649
649
649
650
650
650
650
650
650
651
651
651
651
652
228
228
228
653
653
653
653
654
654
654
654
655
655
655
655
655
655
655
656
656
656
656
656
656
656
657
657
657
658
658
658
659
659
659
659
659
660
660
660
660
660
660
-1
661
661
661
662
662
662
662
662
662
663
663
663
663
663
-1
-1
664
664
664
665
665
665
665
665
666
666
666
666
666
666
666
-1
667
667
278
668
668
668
668
668
668
669
669
669
669
669
-1
734
670
670
-1
671
671
671
672
673
673
673
674
674
674
674
674
674
675
675
675
675
675
675
675
675
-1
676
676
676
677
-1
678
678
-1
-1
679
679
-1
-1
680
680
-1
681
264
264
682
682
682
682
682
682
682
682
-1
683
683
683
-1
684
684
-1
-1
685
685
-1
-1
686
686
-1
687
687
64
688
688
688
688
688
688
688
-1
689
689
689
-1
690
690
690
-1
691
691
-1
692
692
-1
693
693
693
-1
-1
694
694
694
-1
695
695
-1
1500
696
696
-1
-1
697
697
698
698
698
698
698
698
699
699
699
699
699
-1
700
700
700
-1
-1
701
701
-1
-1
702
702
703
521
521
521
521
521
521
-1
704
704
704
-1
-1
705
705
-1
706
706
706
706
706
706
-1
707
661
661
708
708
708
708
708
708
708
-1
709
709
-1
710
710
710
-1
711
711
711
-1
-1
712
712
-1
-1
-1
-1
-1
-1
713
713
714
714
714
714
714
714
714
714
715
715
715
715
715
715
716
716
716
716
716
716
716
717
717
717
717
718
718
718
718
718
718
718
719
719
719
719
719
-1
720
720
720
720
720
720
720
721
721
721
721
721
721
721
722
722
722
722
723
723
723
723
723
723
723
724
724
724
724
724
724
725
725
725
725
725
725
725
726
726
726
726
727
727
727
728
728
728
728
728
728
728
729
730
730
730
730
730
730
731
731
731
731
731
731
732
732
733
733
733
733
733
733
734
734
734
734
735
735
735
735
735
735
735
736
736
736
736
736
737
737
737
738
738
738
739
739
739
739
740
740
740
741
741
741
741
741
742
742
742
742
743
743
743
743
743
743
743
743
744
744
744
744
744
744
744
745
745
745
745
745
745
745
746
746
746
746
746
747
747
-1
-1
748
748
748
-1
-1
-1
749
749
749
749
749
-1
750
750
750
750
750
750
750
751
751
751
751
751
751
751
752
752
752
752
753
753
753
753
754
754
754
754
754
754
754
755
755
755
755
756
756
756
756
756
756
756
757
757
757
757
758
758
758
758
759
759
759
759
760
760
760
760
760
760
760
760
761
762
762
763
2497
764
764
764
764
764
764
765
765
765
765
766
766
766
766
766
766
766
767
767
767
767
767
767
768
768
768
768
769
769
769
770
770
770
770
771
771
2083
772
772
772
772
772
773
773
773
773
774
774
774
774
774
775
775
776
776
776
776
776
777
777
777
777
778
778
778
778
778
778
778
779
779
780
780
780
780
781
781
781
781
782
782
782
782
783
783
784
784
784
784
784
784
784
785
785
785
199
786
786
786
786
787
787
787
787
787
787
787
788
788
788
788
788
788
788
-1
789
789
789
790
790
790
790
790
791
791
791
791
791
791
-1
792
792
792
-1
793
793
793
-1
794
794
794
795
795
795
795
796
796
796
796
796
796
796
796
797
797
798
798
798
798
799
799
799
800
800
800
801
801
801
-1
802
802
802
803
803
803
803
-1
804
804
804
-1
805
805
805
806
806
806
806
806
807
807
807
807
807
807
807
808
808
808
809
809
809
809
-1
810
810
100
-1
811
811
811
-1
812
413
413
-1
813
813
813
814
815
815
815
-1
816
816
816
-1
817
817
817
-1
818
818
818
819
820
820
820
-1
821
821
821
822
822
822
822
822
822
822
-1
823
823
823
-1
824
824
824
-1
825
825
825
-1
826
826
826
827
827
827
827
827
827
827
-1
828
828
828
829
829
829
829
830
830
830
830
830
830
830
-1
-1
831
831
831
-1
832
832
832
833
833
833
-1
834
834
834
835
835
835
835
835
835
836
836
836
836
836
836
836
837
837
837
837
837
837
837
838
839
839
839
839
-1
-1
840
840
840
-1
841
841
841
841
841
-1
842
842
842
-1
843
843
843
844
844
844
844
844
845
845
-1
846
846
846
846
846
846
846
847
847
847
847
847
847
847
848
848
848
848
848
849
849
849
849
849
849
849
850
851
851
851
-1
852
852
852
-1
853
853
853
854
854
854
854
-1
855
855
855
856
856
856
856
856
-1
857
857
857
-1
858
858
858
859
859
859
859
859
859
859
-1
860
860
69
861
108
108
108
-1
862
862
862
-1
-1
863
863
863
-1
864
864
864
865
865
865
865
866
866
866
867
867
867
867
867
867
867
-1
868
868
868
-1
869
869
869
870
870
870
870
870
870
870
870
871
872
872
872
873
873
873
873
873
873
874
874
874
874
874
874
874
-1
875
875
875
876
876
876
876
876
876
877
877
877
877
878
878
878
878
878
878
879
879
879
879
879
879
879
880
880
880
880
880
880
880
881
881
881
881
882
882
882
882
883
883
883
883
883
884
884
884
885
885
885
885
885
885
885
886
886
886
886
886
886
886
887
887
273
273
-1
888
159
159
-1
889
889
889
-1
890
890
890
-1
891
891
891
-1
892
892
892
893
893
893
893
894
894
894
894
-1
-1
895
895
895
-1
896
896
896
897
897
897
897
897
898
899
899
899
900
900
900
900
-1
901
901
901
-1
902
902
902
903
904
904
904
-1
905
905
905
906
906
906
906
907
907
907
907
907
907
907
908
908
908
908
908
908
908
909
909
909
909
909
910
910
910
910
910
-1
-1
-1
911
911
911
-1
912
912
912
-1
913
913
913
-1
1
1
-1
914
914
914
-1
915
915
915
-1
916
916
916
-1
917
917
917
-1
918
918
918
919
919
919
919
920
920
920
921
921
921
922
922
922
922
922
-1
923
923
923
923
-1
924
924
924
-1
925
925
925
-1
926
926
926
-1
927
927
927
928
928
928
928
-1
929
929
929
-1
930
930
930
-1
931
931
931
-1
932
932
932
-1
933
933
933
934
935
935
935
-1
936
936
936
937
937
937
937
-1
938
938
938
939
939
939
939
939
939
940
941
941
941
942
942
942
942
942
942
942
-1
943
943
943
-1
944
944
944
945
945
945
945
945
946
946
-1
947
947
947
948
948
948
949
949
949
949
949
949
949
950
950
950
950
951
950
950
950
-1
870
870
870
952
952
952
952
952
952
952
-1
953
-1
-1
-1
954
954
954
954
954
954
954
955
347
347
347
347
347
347
956
956
956
956
956
956
956
957
957
957
957
958
958
958
-1
959
959
959
960
-1
961
961
962
962
962
962
962
962
963
963
963
963
963
963
-1
964
964
965
965
965
965
965
965
965
965
966
966
966
966
966
966
966
967
967
967
967
967
967
967
-1
968
968
968
-1
-1
969
969
-1
970
970
-1
971
971
971
-1
1598
972
972
-1
973
973
-1
974
785
785
-1
975
975
975
-1
976
976
976
-1
-1
977
977
-1
978
978
978
-1
-1
979
979
980
980
980
980
980
980
981
981
981
981
981
-1
982
982
982
-1
983
983
983
-1
-1
984
984
984
984
984
984
984
985
985
985
985
-1
986
986
986
986
986
986
986
987
987
987
987
987
987
987
988
988
988
988
988
988
988
989
989
989
989
989
989
989
990
990
990
990
990
990
990
-1
-1
991
991
-1
992
992
993
994
994
373
-1
995
996
996
997
997
997
997
998
998
998
998
998
998
998
999
999
999
999
999
999
999
1000
1000
54
54
1001
1001
1001
1001
1001
1001
1001
-1
-1
1002
1002
1003
-1
1004
1004
-1
-1
1005
1005
-1
1006
1006
1006
-1
1007
1007
1007
-1
1008
1008
1008
-1
1747
212
-1
1009
1009
1009
-1
-1
1010
1010
1011
1011
1011
1011
1011
1011
1012
1012
1012
1012
1012
-1
1013
732
732
-1
1014
1014
1014
-1
1015
1015
1015
-1
1016
1016
1016
1017
1018
1018
1018
-1
1019
1019
1019
1020
1020
1020
1020
1020
1020
1020
1020
1021
1021
1021
1021
1021
1021
1022
1022
1022
1022
1022
1022
1023
1023
1023
1023
1023
1023
1023
1024
1024
1024
1024
1024
1024
1024
-1
-1
1025
1025
-1
1026
1026
1026
-1
1027
1027
1027
1028
-1
1029
1029
-1
1030
1030
1030
-1
1031
1031
1031
1032
1032
1032
1032
1032
1032
1033
1033
1033
1033
1033
1033
-1
1034
1034
1034
1035
1035
1035
1035
1035
1036
-1
1037
974
785
-1
1038
1038
1038
-1
1039
1039
-1
1040
1040
1041
1041
-1
1042
1042
1042
1042
1043
1043
1043
1043
1043
1043
-1
1044
1044
1044
-1
1045
1045
1046
1046
1046
-1
1047
1047
1047
1048
1049
1049
-1
-1
-1
1050
1050
1050
-1
-1
-1
1051
1051
1051
-1
1052
995
995
1053
1053
1053
1053
1053
1053
1053
1054
1054
1054
1054
1055
1055
1055
1056
1056
1056
-1
1057
1057
1057
-1
1058
1058
1058
1059
1059
1059
1059
1059
1059
1060
1060
1060
1060
1060
1060
1060
1061
1061
1061
1061
1062
1062
1062
1062
1063
1063
1063
1063
-1
1064
1064
1064
1064
1064
1064
1064
1065
1065
1065
1065
1066
1066
1066
1066
1066
1066
1066
1067
850
850
850
1068
1068
1068
1068
1068
-1
1069
1069
1069
1069
1069
1069
1069
1070
1070
1070
1070
1070
1070
1070
1071
1071
1071
1071
1071
1071
1071
1072
1072
1072
1072
1073
1073
1073
1073
1073
1073
1074
1074
1074
1074
1075
1075
1075
1075
1076
1076
1076
1076
1077
1077
-1
1078
1078
1078
1078
1078
1078
1079
1079
1079
1080
1080
1080
1081
1081
1081
1081
1081
1081
1081
1082
1082
1082
1082
1083
1083
1083
1083
1084
1084
1084
1084
1084
1084
1084
1085
1085
1085
1085
1086
1086
1086
1086
1087
1087
1087
1087
1087
1087
1088
1088
1088
1088
1088
1088
1088
1088
1089
1089
1089
1089
1090
1090
1090
1090
1090
1090
1090
1091
1091
1091
1091
1091
1091
1091
1092
1092
1092
1092
1093
1093
1093
1093
-1
1094
59
-1
-1
-1
-1
-1
-1
1929
-1
1095
1095
1095
1095
1096
1096
1096
1096
1096
1096
1097
1097
1097
1098
1098
1098
1098
1098
1098
1098
1088
-1
1099
1099
1099
1099
1100
1100
1100
1100
1100
1100
1100
1101
1101
1101
1101
1101
1101
1101
1102
1102
1102
1102
1103
1103
1103
1103
1104
1104
1104
1104
1104
1104
1104
1105
1105
1105
1105
1106
1106
1106
1106
1107
1107
1107
1107
1107
1107
1107
1108
1108
1108
1108
1109
1109
1109
1109
1109
1110
1110
1110
1110
1111
1111
1111
1111
1112
1112
1112
1112
1112
-1
1113
1113
1113
-1
1114
1114
1114
-1
1115
1115
1115
1116
1116
1116
1116
1117
1117
1117
1117
1117
1117
1117
-1
1118
1118
1118
-1
1119
1120
1120
1120
-1
1121
1122
1122
-1
1123
1123
1124
1124
1124
1124
1124
1124
1124
1125
1126
1126
1126
-1
628
1127
1127
-1
-1
1128
1128
-1
-1
1129
1129
-1
1130
1131
1131
-1
-1
1132
1132
1133
1133
1133
1133
1133
1133
1133
1134
1134
1134
1134
1135
1135
875
875
1136
1136
1136
1136
1136
1136
-1
1137
1137
1137
1138
1138
1138
1138
1139
1139
1139
1140
1140
1140
1140
1140
1140
1141
1141
1141
1141
1142
1142
1142
1142
1142
1142
1142
1143
1143
1143
1143
1143
1143
1143
-1
1144
938
938
1145
1145
1145
1145
1146
1146
1146
1146
1146
1146
1146
-1
1147
1147
1147
-1
1148
1148
1148
1149
1149
1149
1149
1149
1149
1149
1150
1150
1150
1150
1150
1150
-1
1151
1151
1151
1152
1152
1152
1152
1152
1152
1152
1153
1153
1153
1153
1153
1153
1154
1154
1154
1154
1154
-1
1155
1155
1155
-1
1156
1156
1156
1157
1157
1157
1157
1158
1158
1159
1159
1159
1159
1160
1160
1160
1160
1160
1160
1160
1161
631
631
631
-1
1162
1162
1162
1163
1163
1163
1163
1163
1164
1164
-1
1165
1165
1165
1165
-1
1166
1166
1166
1167
1167
1167
1167
1168
1168
1168
1169
1169
1169
1169
1169
1169
1169
1170
1170
1170
1170
1170
1170
1170
1171
1171
1171
1171
1171
1171
1171
1172
1172
1173
1173
1173
1173
1173
1173
1173
1174
1174
1174
1174
1175
468
468
468
1176
1176
1176
309
-1
1177
1177
1177
1178
1178
1178
1178
1178
1178
1178
1179
1179
1179
1179
1180
1180
1180
1180
1180
1180
1180
1181
1181
1181
1181
1182
1182
1182
1183
1183
1183
1183
1184
1184
1184
1184
1184
1184
1185
1185
1185
1185
1185
1185
1185
1185
1186
1186
1186
1186
1187
1187
1187
1187
1188
1188
1188
1188
1189
1189
1189
-1
1190
1190
1190
1191
1191
1191
1191
1192
1192
1192
1192
1192
1192
1192
1193
1193
1193
1193
1193
1193
1194
1194
1194
1194
1195
1195
1195
1195
-1
1196
1196
1196
1197
1197
1197
1197
1198
1198
1198
1198
1198
1198
1198
1199
1199
1199
1199
1199
1200
1200
1200
1200
1200
-1
1201
1201
1201
1202
1202
1202
1202
1203
1203
1203
1203
1203
1203
1203
1204
1204
1204
1204
1205
1205
68
68
1206
1206
1206
1206
1206
-1
1207
1207
1207
1207
-1
1208
1208
1208
1209
1209
1209
1209
1210
1210
1210
1210
-1
1211
1211
1211
-1
282
282
282
-1
-1
1212
1212
1213
-1
1214
1214
1215
1215
1215
1215
1215
1215
1215
1216
1216
1216
1216
1216
1216
1217
1217
1217
-1
1218
1218
1218
-1
1219
1219
1219
-1
1220
1221
1221
-1
-1
616
616
1222
-1
1223
1223
-1
-1
1224
258
1225
1225
1225
1225
1225
-1
1226
1226
1226
1227
1227
1227
1227
1227
1227
1227
1228
1228
1228
1228
1228
1228
-1
1389
1229
1212
-1
1230
1230
1230
-1
-1
1231
869
-1
-1
1232
1232
-1
1233
1233
913
-1
-1
1234
1234
-1
1235
1235
1235
1236
1236
1236
1236
1236
1236
1236
1237
1237
1237
1237
1237
1237
1238
1079
1079
1079
1079
1079
1079
1239
1239
1239
1239
1239
-1
1240
1240
1240
1241
-1
1242
1242
1243
1243
1243
1243
-1
-1
1244
1244
-1
242
242
242
-1
1245
1245
-1
331
331
331
-1
1246
1246
1246
1247
1247
1247
1247
1247
1247
1247
1247
1248
1248
1248
1248
1249
1249
1249
1249
1249
1249
1249
1250
1250
1250
1250
1250
1250
1250
1251
1251
1251
1251
1251
1252
1252
1252
1252
1252
1252
-1
-1
1253
1253
-1
-1
1254
1254
1255
1255
1255
1255
1255
1255
1255
1256
1256
1256
1256
1256
1257
1257
1257
1257
1257
1257
1257
1258
1258
1258
1258
1258
1258
1259
475
475
475
475
-1
1260
1261
1261
1262
1262
1262
1262
1262
1262
1262
-1
-1
1263
1263
-1
1264
1264
1264
-1
1265
1265
1266
1266
1266
1266
1266
1266
1266
1267
1267
1267
1268
1268
1268
1268
1268
1268
1268
1269
1269
1269
1270
1270
1270
1270
-1
1271
1271
13
1272
1272
1272
-1
1273
1273
1273
-1
-1
1274
1274
1274
-1
1275
1275
1275
-1
1276
1276
1276
-1
1277
1277
1277
1278
1278
1278
1278
1279
1279
1279
1279
1279
1279
1279
-1
1280
1280
872
1281
1281
1282
1282
1282
1282
1282
1283
1283
1283
1283
1283
1284
1284
1285
1285
1285
-1
1286
1286
1286
1287
1287
1287
1287
-1
1288
1288
1288
1289
1289
1289
1289
1289
1289
1289
1290
1290
1290
-1
1291
1291
1291
1291
1291
1292
1292
1292
1292
1292
1292
1292
1293
1293
1293
1293
1293
1293
1293
1294
1294
1294
1294
1294
1294
1294
1295
1295
1295
1295
1295
1295
1295
1296
1296
1296
1296
1296
1296
1296
1297
814
814
814
1298
1298
1298
1298
1299
1299
1299
1299
1300
1300
1300
1300
1301
1301
1301
1301
1301
1301
1301
1302
1302
1302
1302
1302
1302
1302
1303
1303
1303
1303
1303
1304
1304
1304
1304
1305
1305
1220
1220
-1
1306
1306
1306
1307
1307
1307
1307
1308
1308
1308
1308
1309
1309
1310
1310
1310
1310
1310
1310
1311
1311
1311
1311
1311
1311
1311
1312
1312
1312
1312
1312
1312
1312
1313
1313
1313
1313
1313
1314
1314
1314
1314
1315
1315
1316
1316
1316
1316
1317
1317
1317
1317
1317
1317
1317
1318
1318
1318
1318
1318
1318
1318
1319
1319
1319
1319
1319
1319
1319
1320
1320
1320
1320
1320
1321
1321
1321
1321
1322
1322
42
42
1323
1323
1323
1323
1324
1324
1324
1324
1325
1325
1325
1326
1326
1326
1327
1327
1327
1327
1327
1327
1327
1328
1328
1328
1328
1328
1328
-1
1329
1329
1329
1330
1330
1330
1331
1331
1331
1331
1331
1332
1332
1332
1332
1332
1332
1333
1333
1333
1014
-1
1334
1334
1334
1335
1335
1335
1335
1335
1335
1336
1336
1336
1336
1337
1337
1337
1337
1338
1338
1338
1338
1339
1339
1339
1339
1340
1340
1340
1340
1340
1341
1341
1341
1341
1341
1341
1341
1342
1342
1342
1342
-1
1488
-1
1343
1343
1343
1343
1343
1343
1343
-1
1344
1344
1345
1345
1345
1345
1346
1346
1346
1346
1347
1347
1347
1347
1347
1347
1347
1348
1348
1348
1348
1349
1349
1349
1349
1349
1349
1349
1350
1350
1350
1350
1350
1350
1350
1350
1351
1351
1351
1351
1351
1352
1352
1352
1352
1352
1353
1353
1353
1353
1354
1354
1354
1354
1354
-1
1355
1355
1355
1356
1356
1356
1356
1357
1357
1358
1358
1358
1359
1359
1359
1359
1359
1359
1359
1360
1360
1360
1361
1361
1361
1362
1362
1362
1362
1362
1362
1362
1363
1363
1363
1363
1363
1363
1363
1364
1364
1364
1364
1364
1364
1364
-1
1365
1365
1365
1366
340
340
340
-1
1367
1130
1130
1368
1368
1368
1368
1368
1368
-1
1369
1369
1369
1370
1370
1370
1370
1371
1371
1371
1371
1371
1371
1371
-1
1372
1372
1372
-1
1373
1373
1373
-1
1374
1374
1374
-1
-1
-1
1375
1375
1375
1375
1376
1376
1376
1376
1376
1376
1377
1378
1378
1379
1379
1380
1380
1380
1380
1380
1381
1381
1381
1381
1382
1382
1382
1382
1383
1383
1383
1383
1384
1384
1384
1384
1385
1385
1385
1386
1386
1386
1387
1387
1387
1387
1387
1388
1388
1388
93
1389
1389
1389
1389
1390
1390
1390
1390
1391
1391
1391
1391
1391
1392
1392
1392
1392
1393
1393
1393
1393
1393
1394
1394
1394
1394
1394
1394
1395
1395
1395
1395
1396
1396
1396
1396
1396
1396
1397
1397
1280
1280
1398
1398
1398
1398
1399
1399
1399
1399
1400
1400
1400
1400
1400
1400
1400
1401
1401
1401
1401
1402
1402
1402
1402
1403
1403
1403
1403
1403
1404
1404
1404
1404
1404
1405
1405
1405
1405
1405
1405
1405
1406
1406
1406
1406
1406
1406
1406
1407
1407
1407
1407
1408
1408
1408
1408
1409
1409
1409
1410
1410
1410
1410
1411
1411
1411
1411
1411
1411
1411
1412
1412
1412
1412
1413
1413
1413
1413
1414
1414
1414
1414
1415
1415
1415
1415
1416
1416
1416
1416
1416
1416
1416
1417
1417
1417
1417
1417
-1
1418
1418
1418
1418
1418
1418
1418
1418
1419
1419
1419
1419
1420
1420
1420
1420
1421
1421
1421
1421
1422
1422
1422
1423
1423
1423
1424
1424
1424
1424
1424
1425
1425
1425
1425
1426
1426
1426
1426
1427
1427
1427
1427
1427
1428
1428
1428
1428
1428
1428
1429
1429
1429
1429
1429
1429
1430
1430
1430
1430
1431
1431
1431
1431
-1
-1
1432
1432
1432
1432
1432
1432
1432
1433
1433
1433
1433
1433
1433
1433
1434
1434
1434
1434
1434
1434
1434
1434
1435
1435
1435
1435
1435
1435
1435
-1
1436
1436
1436
1436
1437
1437
1437
1437
1438
1438
1438
1438
1439
1440
1440
1440
1441
1441
1441
1441
1441
1441
1441
-1
1442
1442
1442
1443
1443
1443
1443
-1
1444
1444
1444
1444
-1
1445
1445
-1
1446
1446
1446
-1
1447
1447
1447
1448
512
512
512
1449
1449
1449
1449
1449
1450
1450
1450
1450
1450
1450
1451
1452
1452
1452
-1
1453
1453
1453
-1
1454
1454
1454
-1
1455
1455
1455
1456
1456
1456
1456
1456
1456
1456
-1
1457
1457
1457
1458
1458
1458
1459
1459
1459
1459
1459
1459
1459
1460
434
434
434
434
434
434
1461
1461
1461
1461
1461
1461
1462
1462
1462
1462
1462
1462
1463
1463
1463
1463
1463
1463
1463
1463
-1
1464
1464
1464
1464
1464
1464
-1
1465
1465
1465
1466
1466
1466
1466
1466
1467
1467
1467
1467
1467
1467
1467
1468
1468
1468
1468
1468
1468
1468
-1
1469
1469
770
-1
1470
1470
1470
1471
1472
1472
1472
1473
1473
1473
1473
-1
1474
1474
1474
-1
1475
1475
1475
1476
1476
1476
1476
1476
1476
1476
1477
1477
1477
1477
1477
1477
1477
-1
1478
1478
1478
1479
1479
468
1480
1480
1480
1480
1480
1480
1480
1480
1481
1482
1482
1482
1482
1482
1482
1482
1482
1483
1483
1483
1484
1484
1484
1484
1484
1484
1484
1485
1485
1486
1486
1486
1486
1486
1486
1486
-1
1487
1487
1487
1488
1489
1489
1489
1490
1491
1491
1491
-1
184
-1
-1
1492
1492
1492
-1
1493
1493
1493
-1
1494
1494
1495
1496
1496
1496
1497
1498
1498
1498
-1
1499
1499
1499
1500
1501
1501
1346
1502
1502
1502
1502
1502
1502
1502
-1
1503
1503
1503
1504
1504
1504
1504
1504
1504
1504
-1
1505
1505
1505
-1
1506
1506
1506
1507
1507
1507
1508
1508
1508
1509
1509
1509
1509
1509
-1
1510
1510
1510
1510
1510
1510
1510
1511
1511
1511
1511
1511
1511
1512
1512
1512
1512
1512
1512
1513
1513
1513
1513
1513
1514
1514
1514
1514
1515
1515
1515
1515
1515
1515
1515
1516
1516
1516
1516
1516
1516
1516
-1
1517
1517
1517
-1
1518
1518
442
-1
1519
1519
1519
-1
1520
1520
1520
-1
1521
1521
1521
1522
1522
1522
1522
1523
1523
1523
1523
1523
1523
1523
-1
1524
1524
1524
1525
1525
1525
1525
1525
1525
1525
1526
1526
1526
1526
1527
1527
-1
1528
1528
1528
1529
1529
1529
1529
-1
487
487
487
-1
1530
612
1531
1531
1531
1531
1531
1532
1532
1532
1533
1533
1533
1534
1534
1534
1534
-1
1535
1535
1535
-1
1536
1536
1536
1537
1537
1537
1537
1538
1538
1538
1538
1539
1539
1539
1539
1540
1540
1540
1540
1540
1540
1540
1541
1541
1541
1541
1542
1542
1543
1543
1543
1543
1543
1544
1544
1544
-1
1545
1545
1545
-1
1481
1481
1481
1481
1481
1481
1546
1546
1546
1546
1546
1546
1546
1547
1547
1547
-1
1548
1548
1548
1549
1549
1549
1549
1549
1549
-1
1550
1550
1550
-1
1551
1551
1551
1552
1552
1552
-1
1553
1553
1240
1554
1554
1554
1554
1554
1554
1554
1554
1555
1555
1555
1555
1555
1555
1555
1555
-1
1556
1556
1556
1556
1556
1557
1557
1557
1557
1557
-1
1558
1558
1558
1559
1559
1559
1559
1559
1559
1559
1560
1560
1560
1560
1560
1560
1560
1561
1561
1561
1561
1561
1561
1561
1562
1070
1070
1070
1070
1070
1070
-1
-1
-1
1563
1563
1563
-1
1564
1564
1564
-1
1565
1565
1565
-1
1566
1566
1566
-1
1567
1567
1567
1568
1568
1568
1568
1568
1569
1569
1569
1569
1569
1569
1569
-1
1570
1570
1570
1571
1571
-1
1572
1572
1572
1573
1573
1573
1573
1573
1574
1574
1574
1574
1574
-1
1575
1575
1575
1576
1182
1182
1182
1577
1577
1578
1578
1578
-1
1579
1579
1438
1580
1048
1048
1581
1581
1581
1582
1582
1582
1583
1583
1583
-1
1584
1584
1584
1584
1584
1584
1584
1584
1585
1585
1585
1586
1586
1586
1586
1586
1586
1586
1587
1587
1587
1587
1587
1588
1588
1588
1588
1588
1588
1588
1589
1589
1589
1589
1589
1589
1589
1590
1590
1590
1590
1590
-1
1591
1591
1591
1591
1591
1591
1592
729
729
729
1593
1593
1593
1593
1593
1593
-1
-1
1594
1594
-1
1595
1595
1595
-1
1596
1596
1596
-1
1597
1597
1597
1598
1599
1599
626
-1
1600
1600
1600
1601
1602
1602
1602
-1
1603
1603
1603
1604
1605
1605
1605
-1
1606
1606
818
-1
1607
1607
1607
1608
1608
1608
1608
1608
1608
1608
1608
1609
1609
1609
1609
1609
1609
1609
1609
-1
1610
1610
1610
1610
1610
1610
1610
1611
1611
1611
1611
1611
1611
1611
1612
1612
1612
1612
1612
1612
1612
1612
-1
1613
1613
1613
-1
1614
158
158
1615
1616
1616
1616
1617
1116
1618
1619
1619
1619
-1
1620
1620
-1
1621
1621
1621
713
-1
-1
-1
1622
1622
-1
-1
-1
1623
1623
1623
-1
1624
1624
1624
1625
1625
1625
1625
1625
1625
1626
1626
1626
1626
1627
1628
1628
1628
1629
1629
1629
1629
1629
1629
1629
-1
1630
1630
1630
1631
1631
1631
1631
1632
1632
1632
1632
1632
1632
1632
1633
1633
1633
1633
1633
1633
1634
1634
1634
1635
1635
1635
1635
1635
1636
1636
1636
1636
1636
1636
1636
1636
1637
1637
1637
1637
1637
1637
1638
1638
1638
1638
1639
1640
1640
1641
1641
1641
1642
1642
1642
894
1643
1643
1643
1643
1644
1644
1644
1644
1645
1645
1645
1645
-1
1646
1646
1646
-1
1647
1647
1647
1648
1648
1648
1649
1649
1649
1649
1649
-1
1650
1650
1650
1651
1651
1651
1651
1652
1462
1462
1462
1462
1462
1462
1653
1653
1653
1653
1653
1653
1654
1654
1654
1654
1655
1655
1655
1655
1656
1656
1656
1656
1657
1657
1657
1657
1657
1657
1657
1657
1658
1658
1658
1658
1658
1658
1658
1659
1659
1659
1659
1659
1659
1660
1660
1660
1661
1661
1662
1662
1662
1663
1663
1663
1663
1663
1663
1664
414
414
414
414
414
414
1665
1665
1665
1665
1665
1665
-1
1666
1666
1666
1666
1667
1668
1667
1667
1669
1669
1669
1669
1670
1670
1670
1670
-1
1671
1671
1344
1672
1672
1672
1672
1673
1673
1673
1673
1673
1673
1673
1674
1674
1674
1674
1674
1674
1674
1675
1675
1675
1675
1675
1675
1675
1676
1676
1676
1676
1676
1677
1677
1677
1677
1677
1677
1678
1678
1679
1679
1679
1679
1680
1680
1680
1680
1681
1681
1681
1681
1682
1682
1682
1682
1683
1683
1683
1683
1684
1684
1684
1684
1685
1685
-1
1686
1686
1686
1686
1687
1687
1687
160
1688
1688
1688
1688
1689
1689
1689
1689
1690
1690
1690
1690
1690
1690
1691
1691
1691
1691
1691
1691
1691
1692
1692
1692
1692
1693
1693
1693
1693
1694
415
415
415
415
415
415
1695
1695
1695
1696
1696
1696
1697
871
871
871
1698
1698
1698
1698
1699
1699
1699
1699
1699
1699
1699
1699
1700
1700
1700
1700
1701
1702
1702
1702
-1
1703
1703
1703
1704
1704
1705
1705
1705
1705
1706
1706
1706
1706
1706
1706
1706
1707
1707
1707
1707
1707
1707
1707
-1
510
510
510
-1
-1
1708
1708
1709
1709
1709
1709
1709
1709
1709
1709
-1
-1
1710
1710
1710
-1
1711
1711
1711
1712
1712
1712
1712
-1
1713
1713
1713
1714
1714
1714
1714
-1
1715
1715
1715
1716
1716
1716
1716
1716
1717
1717
1717
1717
-1
1718
1718
1718
-1
-1
-1
1719
1719
1719
1720
1720
1720
1721
1721
1721
1721
1721
1721
1722
1722
1722
1722
1722
1722
1722
1723
53
53
53
53
1724
1724
1724
1724
1725
1725
1725
1725
-1
1726
1726
1726
-1
1727
1727
1727
-1
1728
1728
1728
-1
1729
1729
1729
1730
894
894
894
1731
1731
1731
1731
1731
1731
1731
-1
1732
1732
1732
-1
1733
1733
1733
1734
1734
1734
1735
1735
1735
1735
1735
1735
1735
1735
1736
1736
1736
1736
1737
1737
1737
1737
1737
-1
1738
1738
1738
1739
1739
1739
1739
1739
-1
-1
1740
1740
1740
1741
1741
1741
1741
1741
1741
1741
-1
1742
1742
1742
1743
1743
1743
1743
1743
1743
1743
-1
1744
1744
1744
1745
1745
1745
1745
1745
1745
1745
1746
1746
1746
1746
1746
1747
212
212
212
1748
1748
1748
1748
1749
1749
1749
1749
1750
1750
1750
1750
1751
1751
1751
1752
1752
1752
1752
1752
1752
1752
1753
1753
1753
1753
1753
1753
1753
1754
1754
1754
1754
1754
1754
1754
1755
1755
1755
1755
1756
1756
1392
1392
-1
1757
1757
1757
-1
1758
1758
1563
1759
1759
1759
1759
1759
1759
1759
1760
1760
1760
1760
1760
1761
1761
1761
1761
1762
1762
2572
-1
1781
-1
1763
1763
1763
1764
1764
1764
1764
1764
1765
1765
1765
1765
1765
1765
1765
1765
1766
1766
1766
1766
1766
1766
1767
1767
1767
1767
1767
-1
-1
1768
1768
1768
-1
1769
1769
1769
1769
1769
1769
1770
1770
1770
1770
1771
1771
1772
1772
1772
1772
1772
1772
1773
1773
1773
1773
1773
1773
-1
-1
1774
1774
1774
1774
1774
1775
1775
1775
1775
1775
-1
1776
1776
1776
-1
-1
1777
1777
1778
1778
1778
1778
1778
1778
1779
1779
1779
1779
1780
1780
1780
1780
1781
1781
1781
1781
1781
1781
1781
1782
1782
1782
1782
1783
1783
1783
1783
1784
297
297
297
1785
1785
1785
1785
1786
1786
1786
1786
1786
1786
1786
1787
1787
1787
1787
1787
1787
1787
1788
1788
1788
1788
1788
1789
1789
1789
1789
1790
1790
1790
1790
1791
1791
1791
1791
1791
1791
1791
1792
1792
1792
1792
1793
1793
1793
1793
1794
1794
1794
1794
-1
1795
1795
1795
1796
1796
1796
1796
1797
1797
1797
1797
1798
490
490
490
1799
1799
1799
1799
1800
1800
1800
1800
1800
1800
1800
1800
1801
1801
1801
1802
1802
1802
1802
1802
1802
1802
1803
1804
1804
-1
1805
1805
1805
1806
1806
1806
-1
1807
863
863
1808
1808
1808
1808
1808
1808
1809
1809
1809
1809
1809
1810
1810
1810
1810
1810
1810
1811
1811
1811
1811
1811
1812
1812
1812
1812
1812
1812
1812
1813
1813
1813
-1
-1
-1
-1
1814
1814
1814
-1
1815
1815
1815
-1
1816
1816
1816
-1
1817
1817
1817
1818
1818
1818
1818
1818
1818
1818
1819
1819
1820
1820
1821
1821
1821
1821
1822
1822
1823
1823
1823
1823
1823
-1
1824
1824
1824
1824
1825
1825
1825
1825
1826
1826
1826
1826
1827
1827
1827
1827
1828
1828
1828
-1
1829
1829
1829
-1
1830
1830
1830
1831
765
765
1832
1832
1832
1832
1833
1833
1833
1833
1833
1834
1834
1834
1834
1834
1834
1834
1835
1835
1835
1835
1835
1835
1835
1836
1836
1836
1836
1837
1837
1837
1837
1838
1838
1838
1838
-1
1839
1839
1840
1840
1840
1840
1841
1841
1841
1841
-1
1842
1842
1842
1843
1844
1844
1844
1845
1845
1845
1845
1845
1846
1846
1846
1846
1846
1846
1846
1847
1847
1847
1847
1848
1848
1848
1848
1849
1849
1849
1849
1850
1850
1850
1850
1850
1850
1851
1851
1851
1851
1852
1852
1852
1852
1853
1853
1853
1853
1854
1854
1854
1854
1855
1855
1855
1855
1855
1855
1855
1856
1856
1856
1856
1857
562
562
562
1858
1858
1858
1858
1859
1859
1859
1859
1859
1859
1859
1860
1860
1860
1860
1861
1861
1861
1861
1862
1862
1862
1862
1863
1863
1863
1863
1864
1864
1865
1865
1866
1866
1866
1867
1867
1867
1867
1868
1868
1868
1868
1868
1868
1868
1869
1869
1869
1869
1870
1870
1870
1870
1871
1871
1871
1871
1872
1872
1872
1872
1873
1873
1873
1873
1874
1874
1874
1874
1874
1875
1875
1875
1875
1876
1876
1876
1876
1877
1877
1877
1878
1878
1878
1878
1879
1879
1879
1879
1879
1879
1879
-1
1880
1880
1880
1880
1881
1881
1881
1881
1881
1881
1881
-1
1882
1882
1882
1882
1882
1882
1882
1883
1883
1883
1883
-1
1884
1884
1885
1885
1885
1885
1886
1886
1886
1886
1886
1887
1888
1888
1888
1889
1889
1889
1889
1890
1890
1890
1890
1891
1891
1891
1891
-1
1892
1892
1892
-1
1893
1893
1893
1894
1895
1895
1895
1896
1896
1896
1896
1897
1897
1897
1897
1897
1897
1897
1898
1898
1898
1898
1899
1899
1899
1899
-1
1900
1900
1900
-1
1901
1901
1901
1902
1902
1902
1902
-1
1903
1903
1903
1904
1904
1904
1904
1904
1905
1905
1905
1905
1905
1905
1906
1906
1906
1906
1907
1907
1907
1907
1907
1907
1907
1908
1908
1908
1908
1908
1908
1908
1909
1909
1909
1909
1909
-1
1910
1910
1910
-1
1911
1911
1911
-1
1912
1912
1912
-1
1913
1913
1913
-1
1914
1914
1914
1915
1915
1915
1915
1915
-1
1916
1916
1916
-1
1917
1917
1917
-1
1918
1121
1121
-1
1241
1919
1919
-1
1920
1920
1920
1921
1921
1921
1921
1921
1921
1922
1922
1922
1922
1922
1922
1923
1923
1923
1923
1924
1924
1924
1924
1924
-1
1925
1925
1925
1926
1926
1926
1926
1926
1926
1926
1927
1927
1927
1927
1927
1927
1927
1928
1929
1930
1930
-1
-1
1931
1931
-1
1932
1932
1932
-1
-1
1933
1933
-1
1934
1934
1934
1935
1935
1935
1935
1935
1935
-1
1936
554
314
1937
-1
1938
1938
1939
1939
1939
-1
1940
1940
1940
-1
1941
1941
1941
-1
1942
1942
1942
-1
1943
1943
1943
1944
1944
1944
1944
-1
1945
1945
1945
-1
1946
1946
1946
-1
1947
1947
1947
1948
1949
442
442
1950
1950
1950
1950
1950
1950
1950
1951
1951
1951
1951
1951
1951
1952
1952
1952
1952
1952
1952
1952
1953
1953
1954
1954
1954
-1
1955
1955
1955
-1
1956
1956
-1
1957
1957
1957
1958
-1
1959
1959
-1
1960
1961
1961
1962
1962
1962
1962
1962
1962
1962
1962
1963
1963
1963
1963
1963
1963
1963
-1
-1
1964
1964
-1
1965
1965
-1
-1
1966
1966
-1
1967
1967
1967
1967
1967
1967
1967
-1
3002
1968
1968
-1
1969
1969
1134
-1
2540
602
602
-1
1970
1970
-1
1971
1971
1972
1972
1972
1972
1972
1972
1972
-1
-1
1973
1973
-1
-1
1974
1974
-1
1975
1975
1975
-1
-1
1976
1976
-1
1977
1977
1978
1978
1978
1978
1978
1978
1978
1978
-1
1979
1606
1606
-1
-1
-1
819
1980
914
1981
1981
1981
1981
1981
1982
1982
1982
1982
1982
1982
1982
-1
1983
1983
1983
1983
1984
1984
1984
1984
1984
1984
-1
1985
1985
1985
-1
1986
1986
1986
-1
1987
1987
-1
1988
1988
1988
1988
-1
-1
1989
1989
1990
1991
1991
1991
1992
1992
1992
1992
1992
1993
1993
1993
1993
1993
1993
1994
1994
1994
1994
1994
1994
1994
-1
1995
1995
-1
1996
1996
1996
-1
1997
1998
1998
-1
1999
1999
1999
-1
-1
2000
2000
-1
-1
2001
2001
-1
2002
2003
2003
-1
-1
1852
1852
2004
2004
2005
2005
2005
2006
2006
2006
2006
2006
-1
2007
2007
2007
2007
2007
2007
2008
2008
2008
2008
2008
2008
2008
2008
2009
2009
2009
2009
2010
2010
2010
2010
2010
2010
2010
2011
2011
2011
2011
2011
2011
2011
-1
2012
2012
2012
2013
2013
2013
2013
2013
-1
2014
2014
2014
-1
2015
2015
2015
-1
163
163
-1
2016
1019
1019
2017
2017
2017
2017
2017
2017
2017
-1
-1
2018
2018
-1
2019
2019
2019
-1
-1
-1
-1
2020
2020
2020
-1
-1
2021
1839
-1
-1
2022
2022
2022
2022
2022
2022
-1
2023
2023
1030
-1
2024
2025
2025
-1
-1
2026
2026
2027
2027
2027
2027
2028
2028
2028
2028
2028
2029
2029
2029
2029
2030
2030
2030
2030
2031
2031
2031
2031
2032
2032
2032
2032
2033
2033
2033
2033
2034
2034
2034
2035
2035
2035
2035
2036
2036
2036
2036
2037
2037
2037
2037
2038
2038
2038
2039
2039
2039
2039
2039
2039
2039
2040
2040
2040
2040
2041
2041
2041
2041
2042
2042
2042
2042
2042
2042
2043
2043
2043
2043
2043
2044
903
903
903
2045
2045
2045
2045
2045
2045
2046
2046
2046
2046
2046
2046
2046
2047
2047
2047
2047
2048
1028
1028
1028
2049
2049
2049
2049
2050
2050
2050
2050
2051
2051
2051
2051
2052
2052
2052
2052
2052
-1
2053
2053
2053
2053
2053
2053
2054
2054
2054
2054
2054
2055
2055
2055
2055
-1
2056
2056
2056
2056
2056
2057
2057
2057
2057
2058
2058
2058
2058
2058
2058
2058
2058
2059
2059
2059
2059
2060
2060
2060
2060
2060
2060
2061
2061
2061
2062
2062
2062
2062
2062
2062
2062
2063
2063
2063
2063
2064
2064
2064
2064
2064
2064
2065
2065
2065
2065
2066
2066
2066
2066
2066
2066
2067
2067
2067
2067
2067
2068
2068
1383
1383
2069
2069
2069
2069
2070
2070
2070
2070
2071
2071
982
2072
2072
2072
2072
2072
2072
2073
2073
2073
2073
2073
2073
2073
2074
2074
2074
2074
2074
2074
2074
2075
2075
2075
2075
2076
2076
2076
2076
2077
2077
2077
2077
2078
2078
2078
2078
2079
2079
2079
2079
2080
2080
2080
2080
2081
2081
2081
2081
2082
2082
2082
2082
2083
2083
2083
2083
2084
2084
2084
2085
2085
2085
2085
2085
2085
2085
-1
589
238
-1
-1
-1
-1
-1
-1
2086
2086
2086
-1
1495
239
239
2087
2087
2087
2087
2087
2087
2087
-1
1896
2088
2088
-1
2089
2090
2090
2091
2091
2091
2091
2091
2091
2091
-1
-1
2092
1832
2093
2093
2093
2093
2093
2094
-1
2095
2095
2095
2095
2095
2095
2095
2096
2096
2096
2096
2096
2096
2096
2097
2097
2097
2097
2098
2098
2098
2098
2099
2099
2099
2100
2100
2100
-1
2101
2101
2101
2102
2102
2102
2102
2103
2103
2103
2103
-1
2104
2104
2104
-1
2105
2105
2105
-1
2106
2106
2106
2107
2107
2107
2107
2108
281
281
281
2109
2109
2109
2109
2109
2109
2110
2110
2110
2110
2110
2111
2111
2111
2111
2111
2111
2111
2112
2112
2112
2112
2112
2112
2113
2113
2113
2113
2113
2114
2114
2114
2114
2114
2114
2115
2115
2115
2115
2115
2116
665
665
665
665
665
2117
2117
2117
2117
2118
2118
2118
2118
2119
2119
2119
2120
2120
2120
2121
2121
2121
2121
2122
2122
2122
2122
2123
2123
2123
2123
2124
2124
2124
2124
2125
2125
2125
-1
2126
2126
2126
2127
2127
2127
2127
2128
2128
2128
2129
2129
2129
2129
2129
2129
2129
2130
2130
2130
2130
2130
2130
2130
2131
2131
2131
2131
2131
2131
2131
2131
2132
2132
2132
2132
2133
2133
2133
2133
2134
2134
2134
2134
2134
2134
2134
-1
2135
2135
2135
-1
2136
2136
2136
-1
2137
2137
2137
2138
2138
2138
2138
2139
2139
2139
1452
2140
2140
2140
2140
2141
2141
2141
2141
2141
2141
2141
2142
2142
2142
2142
2142
2142
2142
895
1804
-1
-1
-1
2143
2143
-1
2144
2144
2144
2145
2145
2145
2145
-1
2146
2146
2146
2147
2147
2147
2147
2147
2147
2147
2148
2148
2148
2148
2149
2149
2149
2149
2150
2150
2150
2150
2151
2151
2151
2151
2152
2152
2152
2153
2153
2153
2153
2154
2154
2154
2154
2154
2154
2155
2155
2155
2156
2156
2156
2156
2156
2157
2157
2157
2157
2157
2157
2157
2158
2158
2158
2158
2159
2159
2159
2160
2160
2160
-1
2161
2161
2161
2162
2162
2162
2162
2163
2163
2163
-1
-1
2164
2164
2164
2165
2165
2165
2165
2165
2165
2165
-1
2166
2166
2166
2167
2167
2167
-1
2168
2168
2168
-1
2169
2169
2169
2170
2170
2170
-1
2171
2171
2171
-1
2172
2172
2172
2173
2174
2174
2174
2175
2175
2175
953
2176
2176
2176
2176
2177
2177
2177
2177
2178
2178
-1
2179
2179
2179
-1
2180
1999
1999
-1
2181
2181
2181
-1
2182
2182
2182
2183
2184
2184
2184
2185
2185
2185
2185
-1
2186
2186
2186
-1
2187
2187
2187
2188
2188
2188
2188
2188
2189
2189
2189
2189
2190
2190
2191
2191
2191
2191
2191
2191
2192
2192
2192
2192
2192
2192
-1
2193
2193
2193
2194
2195
2195
2195
-1
2196
2196
2196
2197
2197
2197
2197
-1
2198
2198
2198
2199
2200
2200
2200
2201
2201
2202
2202
2202
2202
-1
2203
2203
2203
2204
2204
2205
2205
2205
2205
2205
2205
2206
2206
2206
2206
-1
2207
2207
2207
-1
2208
2208
2208
2209
2209
2209
2209
2210
2210
2210
2210
2211
2211
2211
2211
2211
2211
2212
2212
2212
2212
2212
2213
2213
2213
2213
-1
-1
2214
2214
2214
-1
2215
2215
2215
-1
2216
2216
1232
-1
2217
2217
2217
-1
2218
2218
2218
2218
2218
2218
2219
2219
2219
2219
2219
-1
2220
2220
2220
2221
2221
2221
2221
2221
2221
2221
-1
2222
2222
2222
-1
2223
905
905
-1
2224
554
554
-1
2225
2225
2225
2226
2226
833
-1
2227
2227
2227
2228
2228
2228
2228
2228
2228
2228
2229
2229
2229
-1
2230
-1
2231
2232
2232
1493
-1
2233
2233
2233
-1
2234
2234
2234
2235
2236
2236
2236
-1
2237
2237
2237
2238
2238
2238
2239
2239
2239
-1
2240
2240
2240
2241
2241
2241
2241
2241
2241
2241
-1
-1
2242
702
-1
-1
2243
2243
-1
2244
2244
2244
2245
2245
2245
2245
2245
2246
2246
2246
2246
2246
2246
2246
-1
2247
2020
2020
2248
2248
2248
2248
2248
2249
2249
2249
2250
2250
2250
2251
2251
2251
2251
2251
2251
520
-1
2252
2252
2252
2253
2253
2253
2253
2254
2254
2254
2254
2254
2254
2254
-1
2255
2255
2255
2256
2256
2256
2256
2256
2256
2257
2257
2257
2257
2257
2258
2258
2258
2258
2258
2258
-1
2259
2259
2259
-1
2260
2260
2260
2260
-1
2261
2261
2261
2261
2261
2261
-1
-1
2262
2262
-1
2263
2263
2263
2264
2264
2264
2264
2264
2264
2264
2265
2265
2265
2265
2265
2265
2265
2266
2266
2266
2266
2266
2267
1332
1332
1332
1332
1332
2268
2268
2268
2268
2268
2268
2268
2269
2269
-1
2270
2270
2270
-1
2271
2271
2271
-1
2272
2272
2272
2273
2273
2273
2273
2273
2274
2274
2274
2274
-1
-1
2275
2275
2275
2276
2276
2276
2276
2277
2277
2277
2277
2277
2278
2278
2278
2278
2279
2279
2279
2279
2280
2280
2280
2280
2280
2281
2281
2281
2281
2282
2282
2282
2282
2282
2282
2282
2283
2283
2283
2283
2283
2283
2283
2284
2284
2284
2284
2285
2285
2285
2285
2285
2285
2285
-1
2286
2286
2286
2287
2287
2287
2287
-1
2288
2288
2288
2289
2289
2289
2289
2290
2290
2290
2290
-1
2291
2291
2291
2291
2291
2291
2291
2292
2292
2292
2292
2292
2292
2292
2293
2293
2293
2293
2294
785
785
785
2295
2295
2295
2295
2295
2296
2296
2296
2296
-1
2297
2297
2297
2297
2297
2297
2297
2298
2298
2298
2298
2298
2299
2299
2299
2299
2299
2299
2300
2300
2300
2300
2300
2300
2300
2301
2301
2301
2301
2301
2301
2301
2302
2302
373
373
2303
2303
2303
2303
2304
2304
2304
2304
-1
2305
2305
2305
2305
2305
2305
2305
2306
2306
2306
2306
2306
2306
2306
2307
2307
2307
2307
2308
2308
2308
2308
2309
2309
2309
2309
2309
2309
2310
2310
2310
2310
2311
2311
2311
2311
2311
2311
2312
2312
2312
2312
2313
2313
2313
2313
2313
2313
2313
2314
2314
2314
2314
2314
2314
2314
2315
2315
2315
2315
2316
2316
2316
2316
2317
2317
2317
2318
2318
2318
2318
2318
2318
2318
2319
2319
2319
2320
2320
1934
2321
2321
2321
2321
2321
2321
2321
2321
2322
2322
2322
2322
2322
2322
2322
2323
2323
2323
2324
2324
2324
2324
2325
2325
2325
2325
2325
2326
2326
2326
2326
2326
2326
2326
2327
2327
2327
2327
2327
2327
2327
2328
2328
2328
2328
2329
2329
2329
2329
2330
2330
2330
2330
2331
2331
2331
2332
2332
2332
2333
2333
2333
2333
2333
2333
2334
2334
2334
2334
2334
2334
2334
2335
2335
2335
2335
2335
2335
2335
2336
2336
2336
2336
2337
2337
2338
2338
2338
2338
2339
2339
2339
2339
2340
2340
2340
2340
2340
2340
2341
2341
2341
2341
2342
2342
2342
2342
2342
2343
2343
2343
2343
2344
2344
2344
2345
2345
2345
2345
2346
2346
2347
2347
2347
2203
2348
2348
2348
2348
2349
2349
2350
2350
2350
2351
2351
2351
2351
2351
2351
2351
2352
2352
2352
2352
-1
2353
2353
2353
2353
2354
2354
311
2355
2355
2355
2355
2355
2355
2355
2356
2356
2356
2356
2356
2356
2356
2357
2357
2357
2357
2357
2357
2358
2358
2358
2358
2359
648
2360
1636
1636
1636
1636
1636
1636
1636
2361
2361
2361
2361
2361
2361
2361
2362
2362
2362
2362
2362
2362
2362
2362
-1
2363
2363
2363
2363
2364
2364
2364
2364
2365
2365
2365
2365
2365
2365
1609
1609
2366
2366
2366
2366
2366
2366
2366
2367
2367
2367
2367
2367
2367
-1
-1
2368
2368
2368
2368
2368
2368
2369
1428
1428
1428
1428
1428
-1
2370
779
779
779
779
779
2371
2371
2371
2371
2372
2372
2372
2372
2372
2372
2372
2372
2373
2373
2373
2373
2374
2374
2374
2374
2374
2374
2374
2375
2375
2375
2375
2375
2376
2376
2376
2376
2376
2376
2376
2377
2377
2377
2378
2378
2378
2379
2379
2379
2379
2380
2380
2380
2380
2381
2381
2381
2381
-1
761
761
761
2382
2382
2382
2382
2382
2382
2382
2383
2383
2383
2383
2383
2383
2384
2384
2384
1045
2385
2385
2
2386
2386
2386
2386
2387
2387
2387
2387
2388
2388
2388
2388
2388
2388
2389
2389
2389
2389
2389
2389
2389
2390
2390
2390
2390
2390
2390
2390
2391
2391
2391
2391
2392
2392
2392
2392
-1
498
498
498
2393
2394
2394
2394
2395
2395
2395
2395
2395
2396
2396
2396
2396
2397
2397
1028
1028
-1
2398
2398
2398
2399
2399
2399
2399
2400
2400
2400
2400
2401
2401
2401
2401
2402
2402
2402
2402
2403
2403
2403
2403
2403
2403
2403
2404
2404
2404
2404
2405
2405
2405
2405
2405
2405
2405
2406
2406
2406
2406
2407
2407
2407
2407
2408
2408
2408
2408
-1
2409
2409
2409
2410
2410
2410
2410
-1
2328
2328
2328
2411
2411
2411
2411
2412
2412
2412
2412
-1
2413
2413
2413
2414
2414
2414
2415
2416
2416
2416
2416
2416
2416
2417
2417
2417
2417
2418
2418
2418
2418
2418
2418
2418
2419
2419
2419
2419
2419
-1
2420
2420
2420
-1
-1
2421
2421
-1
2422
2422
2422
2423
2423
2423
2423
2423
2423
2423
2423
2424
2424
2424
2424
2424
2424
2425
2426
2426
-1
798
798
798
-1
2427
2427
2427
-1
2428
2428
2428
-1
2429
2429
2429
2430
2430
2430
2430
2430
2430
2430
2431
2431
2431
2431
2431
2431
2431
2432
2432
2432
2432
2432
2432
2432
2433
2433
2433
2433
2433
2433
2433
2434
2434
2434
2434
2434
2434
2434
-1
-1
2435
2435
-1
2436
2195
2195
-1
2437
2437
2437
2438
2438
2438
2438
2438
2439
2439
2439
2439
-1
2440
2440
2440
-1
-1
2441
2441
2441
-1
2442
2442
1617
-1
2443
1878
1878
-1
2444
2445
2445
-1
-1
2446
2446
-1
-1
2447
2447
-1
2448
2448
2448
-1
2449
2449
2449
-1
2450
2450
2450
2451
2451
2451
2451
2451
2451
2451
-1
-1
2452
2452
-1
2453
2453
2453
-1
2454
1374
1374
2455
2455
2455
2455
2456
2456
2456
2456
2456
2456
2456
2456
2457
2457
2457
2457
2457
2457
2457
-1
-1
2458
2458
2459
993
-1
2460
2460
2460
2460
2460
-1
2461
2461
2461
-1
2462
2462
2462
-1
2463
2463
2463
-1
2464
2464
2464
-1
-1
2465
2465
-1
2466
2466
2466
2467
2467
2467
2467
2467
2467
2467
2468
2468
2468
2468
2468
2468
2468
2468
-1
2469
2469
2469
-1
2470
2470
2470
-1
2471
2471
2471
-1
2472
2472
-1
2473
2473
-1
-1
2474
2474
2474
2474
2474
2474
2474
-1
-1
2475
2475
-1
458
458
458
-1
2476
2476
2476
2477
2477
2477
2477
2477
2477
2477
-1
672
2478
2478
-1
-1
2479
2479
-1
-1
2480
284
-1
-1
2481
2481
-1
-1
2002
2002
-1
2482
2482
2482
-1
2213
2213
2213
2213
2483
2483
2483
2484
2484
2484
2485
2485
2485
2485
2485
2485
2485
2485
2486
2486
2486
2486
2486
2486
2487
2487
2487
2487
2487
-1
2488
2488
2488
2488
2488
2488
2488
2489
2489
2489
2489
2489
2490
2490
2490
2490
2490
2490
2491
2491
2491
2491
2491
2491
-1
2492
2492
2492
2492
2493
2493
2493
2493
2493
2493
2494
2494
2494
2494
2494
2494
2494
2495
2495
2495
2495
2495
2495
-1
-1
2496
2496
2497
2498
2498
2498
2498
-1
2499
2499
2499
2499
2499
-1
2500
2500
2500
2500
2501
2501
2501
2501
2501
2501
2501
2502
2502
2502
2502
2502
2502
2503
2503
2503
2503
2504
2504
2505
2505
2505
2505
2505
2505
2505
2506
2506
2506
2506
2506
2506
2506
-1
2507
2507
2507
-1
2508
2508
2508
2509
2509
2509
2509
2509
2510
2510
2510
2510
2510
2510
2510
2511
2511
2511
2511
2511
2511
-1
2512
2512
2512
-1
2513
2513
2513
-1
-1
2514
2514
2514
-1
2515
2515
2515
2515
2516
2516
2516
2516
2516
2517
2517
2517
2517
2517
2517
2518
-1
2519
2519
2520
2520
2520
2520
2520
2520
2415
2415
2415
2415
2415
2415
-1
-1
1942
1942
-1
-1
2521
2521
-1
-1
2522
2522
-1
-1
2523
2523
-1
-1
2524
2524
-1
1222
2525
2525
-1
-1
2526
2526
2527
2527
-1
2528
2528
2528
2528
2528
2528
2528
2529
2529
2529
2529
2529
2529
2529
2529
-1
2530
2530
2530
2530
2531
2531
2531
2531
2531
2531
2531
2531
2532
2532
2532
2532
2532
2532
2533
2533
2533
2533
2533
2533
2533
2534
2534
2534
2534
2534
2534
2535
2535
2535
2535
2535
2535
2536
2536
2536
2536
2536
2536
-1
-1
2537
2537
-1
2538
2538
2538
2538
-1
2539
2539
-1
-1
2540
-1
-1
-1
-1
2541
2542
-1
2541
2542
2542
-1
1213
2543
2543
-1
-1
2544
2544
2545
2546
2546
2547
2547
2547
2547
2547
2547
2547
2547
2548
2548
2548
2548
2548
2548
2548
2549
2549
2549
2549
2549
2549
2550
2550
2550
2550
2550
-1
2551
2552
2552
2552
2552
2552
2553
2553
2553
2553
2553
2553
2553
-1
217
217
217
217
2691
2692
-1
-1
2554
2554
2554
-1
-1
2555
2555
2556
2556
2556
2556
2556
2556
2557
2557
2557
2557
2558
2558
2559
2559
2559
2559
2560
2560
2561
2561
2561
2561
2561
2561
2562
2562
2562
2562
2562
2562
2562
2563
2563
2563
2563
2564
2564
2564
2564
-1
-1
2565
2565
2566
2566
2566
2566
2566
2566
2566
-1
2567
2567
2568
2568
2568
2568
2569
2569
2569
2569
2569
2570
2570
2570
2570
2570
2570
2571
2571
2571
2571
2571
2571
2572
2572
2572
2572
2572
2572
2573
2573
2573
2573
2573
2574
2574
2574
2574
2575
2381
2381
2381
2576
2576
2576
2576
2577
2577
2577
2577
2578
2578
2578
2578
2579
2579
2579
2579
2579
2579
2580
2580
2580
2580
2580
2580
2581
2581
2581
2581
2581
2582
2582
2235
2235
2235
2583
2583
2583
2583
2583
2583
2583
2584
2584
2584
2584
-1
2585
2585
2585
2586
2586
2586
2586
2586
2586
2586
-1
2587
2587
229
2588
2588
2588
2588
2589
2589
2589
2589
2590
2590
2590
2590
-1
2591
2591
638
-1
2592
2592
2592
-1
2593
2593
2593
2594
2594
2538
2538
2538
2595
2595
-1
-1
2596
2596
2596
2596
2596
2596
2597
2597
2597
2597
2597
2597
2597
2598
2598
2598
2598
2598
2599
2599
2599
2599
2599
-1
-1
2600
2600
2600
2601
1717
877
877
2602
2602
2602
2602
2603
2603
2603
2603
2603
2604
2604
2604
2604
2604
2604
2605
2605
2605
2605
2606
2606
2606
2606
2607
2183
2183
2183
-1
2608
2608
2608
2609
2609
2609
2609
2610
2610
2610
2610
2611
2611
2611
2611
2611
2612
2612
2612
2612
2612
2612
2613
2613
2613
2613
2613
2614
2614
2614
2614
2615
2615
2615
2615
2615
2615
2615
2616
2616
2616
-1
2617
2617
2617
-1
2618
2618
2618
2619
2619
2619
2619
2620
2620
2620
2620
2620
2620
2620
2621
2621
2621
2621
2621
2621
2621
2622
2622
2622
2622
2622
2623
2623
2623
2623
2623
2623
2624
2624
2624
2624
-1
55
55
55
2625
2625
2625
2625
-1
2626
2626
2626
2627
2627
2627
2627
-1
2628
2628
2628
-1
2629
2629
2629
2630
2630
2630
2630
2631
1125
1125
1125
2632
2632
2632
2632
2632
2632
2632
2633
2633
2633
2633
-1
2634
1017
1017
1017
-1
2635
2635
2635
2636
2636
2636
2636
2636
2637
2637
2637
2637
2637
2637
2637
2637
2638
2638
2638
2638
2638
2638
2638
2639
2639
2639
2639
2639
2640
2213
2213
2213
2213
2641
2641
2641
2641
2642
2642
2642
2642
2643
2643
2643
2643
2644
2644
2644
2644
2645
2645
2645
2645
2646
2040
2040
2040
2647
2647
2647
2647
2647
2647
2647
2648
2648
2648
2648
2648
2648
2648
2649
2649
2649
2649
2649
2650
2650
2650
2650
2651
2651
2651
2651
2651
2652
2652
2652
2652
2653
2653
2653
2653
2654
2654
2654
2654
2655
2655
2655
2656
2656
2656
2656
2657
2657
2657
1093
2658
2658
2658
2658
2659
2659
2659
2660
501
501
501
2661
2661
2661
2661
2661
2662
2662
2662
2662
2663
2663
2663
2663
2663
2663
2664
2664
2664
2664
2664
2664
2664
2665
2665
2665
2665
2665
2665
2666
838
838
838
838
838
838
838
2667
2667
2667
2667
2667
2667
2667
2668
2668
2668
2668
2668
2668
-1
2669
2669
2669
2669
2670
2670
2670
2670
2671
2671
2671
2671
2672
2672
2672
1212
2673
2673
2673
2673
2674
2674
2674
2674
2675
2675
2224
2224
2676
2676
2676
2676
2676
2676
2676
2677
2677
2677
2677
2465
2678
2678
2678
2678
2679
2679
2679
2679
2679
2679
2680
2680
2680
2680
-1
-1
2681
2681
-1
2682
2682
2682
-1
-1
2683
2683
-1
2684
2684
2684
2685
2685
2685
2685
2685
2685
-1
2686
1287
1287
2687
2687
2687
2687
2687
-1
2688
2688
2688
2689
2690
2690
2690
2691
2692
2692
2692
-1
2693
2693
2693
-1
-1
2694
2694
-1
2695
2695
2695
2696
2696
2696
2696
2696
2697
-1
2698
2698
-1
-1
-1
2699
2699
2699
2700
2700
2700
2700
2700
2700
2700
2701
2701
2701
2701
2701
2701
2701
2702
2702
2702
2702
2702
2702
2702
2703
2703
2703
2703
2703
2703
-1
2704
2704
2704
2705
2705
2705
2705
2705
-1
1843
1960
1960
-1
2706
2
2
2707
2707
2707
2707
2707
2707
2707
-1
2708
2708
2708
2709
2709
2709
2709
2709
2709
2709
2709
2710
2711
2711
2711
-1
2712
2712
2712
2713
2713
2713
2713
2713
2713
2713
-1
-1
2714
2714
2714
2715
2716
2716
2716
-1
2717
2717
2717
2718
2718
2718
2718
2718
2718
2718
2719
2719
2719
2213
2213
2720
2720
2720
2720
2720
2720
2720
2721
2721
2721
2721
2721
2721
2721
2722
2722
2722
2722
2722
2722
2723
2723
2723
2723
2723
2723
2723
-1
2724
1377
1377
2725
2725
2725
2725
2725
2725
2725
2726
2726
2726
2726
2726
-1
2727
2727
2727
-1
2728
2728
2089
2729
2729
2729
2730
2730
2730
2730
2730
2730
2731
2731
2731
2731
-1
2732
2732
2732
2733
2733
2733
2733
2733
2734
2734
2734
2734
2734
2734
2734
-1
2735
2735
2735
2735
2735
-1
-1
2736
2736
-1
-1
2737
2737
2738
2738
2738
2738
2738
2738
2738
2738
2739
2739
2739
2739
2739
2739
2739
2740
2741
2741
2741
-1
-1
-1
-1
-1
2742
2742
2742
2743
2743
2743
2743
2743
2743
2743
2744
-1
2745
2745
-1
2746
2746
2746
-1
2747
2747
2747
-1
-1
2748
-1
-1
-1
2749
2749
-1
-1
2750
2750
2751
2389
2389
2389
2389
2389
2389
-1
-1
2752
2752
2753
2753
2753
2753
2753
2753
2753
-1
-1
2754
2754
2754
2755
2756
2756
2756
2756
2757
2757
2757
2757
2757
2757
2757
2758
527
527
527
-1
2759
2759
-1
2760
2760
2760
2760
2760
2760
2761
2761
2762
2762
2762
2762
-1
1848
-1
2763
2763
-1
3126
-1
-1
-1
-1
1667
1667
-1
-1
2764
2764
-1
1667
2765
2765
-1
-1
44
-1
2766
-1
2767
2767
2768
2768
2768
2768
2768
2768
2768
2769
2770
2770
2770
2770
-1
2771
47
47
-1
-1
2772
2773
2633
2633
-1
2774
2774
-1
2775
2775
-1
-1
2776
2776
-1
-1
2777
2777
823
2778
721
721
721
721
721
721
-1
-1
-1
2779
2779
2779
2780
2780
2780
2780
2780
2780
2780
2781
2781
2781
2781
2781
2782
2782
2782
2782
-1
2783
2783
2783
2783
2784
2784
2784
2784
2785
2785
2786
2786
2786
2786
2786
2787
1195
1195
1195
2788
2788
2788
2788
2788
2788
2788
2788
2789
1665
1665
1665
1665
2790
2790
2790
2790
2791
2791
2792
2792
2792
2793
2793
2793
2793
2793
2793
2794
2794
2794
2794
2794
2794
2794
2794
2795
2795
2795
2795
2795
2796
2796
2796
2796
2796
2796
2796
-1
-1
2797
2797
2797
2797
2797
2798
2798
2798
2798
2798
2798
2798
2799
2799
2799
2799
2800
2800
2800
2800
2800
2801
2801
2801
2801
2802
2802
2802
2802
2802
2802
2802
2803
856
856
856
856
-1
2804
2804
2804
-1
-1
1776
1776
2805
2806
2806
2806
2807
2808
2808
2808
-1
2809
2741
-1
2810
2810
2810
2810
2811
2811
2811
2812
2812
2812
2812
2812
2812
2812
2812
2813
2813
2813
2813
2813
2813
2813
2814
2814
2814
2814
2814
2815
2815
2815
2815
2816
2816
2816
-1
2817
2817
2817
2818
2818
363
363
2819
2819
2819
2820
2820
2820
2821
2821
2821
2821
2822
2822
2822
2822
2823
2823
2823
2823
-1
2824
2824
2824
2824
2825
2825
2825
2825
2826
2826
2826
2826
2827
2827
2827
2748
2828
2828
2828
2828
2829
2829
2829
2829
2830
2830
-1
2831
2831
2831
2831
2832
2832
2832
2832
2833
2833
2833
2833
2833
2833
2833
2833
2834
2834
2834
2835
2835
2835
2835
2836
2836
2836
2836
2837
2837
2837
2837
2838
2838
2838
2838
2839
2839
2839
2839
2840
2840
2840
2840
2840
2840
2840
2840
2841
2715
2715
2715
2842
426
426
2843
2843
2843
2843
2844
2844
2844
2844
2845
2845
2845
2845
2846
2846
2846
2846
2847
2847
2847
2847
2848
2848
2848
2848
2848
2848
2849
2494
2494
2494
2494
2494
2494
2850
2850
2850
2850
2851
2851
2851
2851
2852
2852
2852
2852
2853
2853
2853
2853
2854
2854
2854
2855
2855
2855
2856
2856
2856
2856
2856
2856
2857
1003
1003
1003
-1
2858
1151
1151
2859
2859
2859
2859
2860
2860
2860
2860
-1
2861
2861
2861
-1
2862
2862
2862
-1
2863
2863
2863
-1
2864
2864
2864
2865
2865
2865
2865
2866
2866
2866
-1
2867
2867
2867
2868
2868
2868
2868
-1
2869
2869
2869
-1
2870
2870
2870
2871
264
264
264
264
2872
878
878
878
878
878
2873
2873
2873
2873
2873
2873
2874
2874
2874
2874
2874
2874
2874
2875
2875
2875
2875
2875
2875
2875
2876
2876
2876
2876
2876
2876
2877
2877
2877
2877
2878
2878
2878
1240
2879
2879
2880
2880
2880
2880
2880
2880
-1
2881
2881
2881
-1
2882
2059
-1
2883
2883
2883
2883
2883
2883
2883
2884
2884
2884
2884
2884
2885
2885
2885
2885
2885
2886
2886
2886
2886
2886
2886
2886
-1
2887
2887
2887
-1
2888
2888
2888
2889
2889
2889
2890
2890
2890
-1
2807
1955
1955
2891
2891
2891
2891
2891
2946
2892
2893
2893
2893
-1
2894
2894
2894
2895
2895
-1
2896
2896
2896
2897
2897
2897
2897
2897
2898
2898
2898
2898
2898
-1
-1
2899
2899
2899
-1
2900
2900
2900
2901
1615
1615
1615
2902
2902
2902
2902
2902
2902
2902
2903
2903
2903
2903
2903
2903
2903
2904
2904
2905
2905
2905
2906
2906
2906
2906
2906
2906
2906
2907
2907
2907
2907
2907
2907
2908
2908
2908
2908
2908
2908
2908
2908
2909
2910
2910
2910
2911
2911
24
2912
2913
2913
2913
-1
2914
184
184
-1
2915
2915
2915
-1
2916
2916
2916
-1
2917
283
283
2918
2918
2918
2918
2918
2918
2918
2919
2493
2493
2920
2920
2920
2921
2921
2921
2921
2921
2921
2922
2922
2923
2923
2923
2924
2924
2924
2924
2924
2925
2925
2925
2925
2925
2925
2926
2926
2926
2926
2926
2926
2926
2927
2927
2927
2927
2927
2927
2927
2928
2928
2928
2928
2928
2928
2928
2929
2929
2929
2929
2929
2929
2929
2929
2930
2930
2930
2930
2930
2930
2930
2931
2931
2931
2931
2931
2931
2931
2932
2932
2932
-1
2933
2933
2933
-1
2934
2934
2934
-1
2935
2935
2935
-1
2936
2936
2936
-1
2937
2937
147
-1
2938
2938
2938
2939
2940
2940
2940
2941
2941
2941
2941
2941
2941
2941
-1
-1
2942
2942
2942
-1
2943
2943
2943
-1
2944
2944
2944
-1
2945
1614
158
395
395
395
395
395
395
2946
2946
2946
2946
2946
2946
2946
-1
2947
2948
2948
2948
2948
2948
2949
2949
2949
2949
2949
2949
2949
-1
2950
2950
2950
-1
2951
2951
2951
-1
2952
2171
2171
2953
2953
2953
2954
2954
2078
2955
2955
2955
2955
2955
2955
-1
2956
2956
2956
2957
2958
91
-1
2959
2959
2959
2960
2960
2960
2960
2960
2960
2960
-1
2961
1246
1246
2962
728
728
728
728
728
728
2963
2963
2963
2963
2964
2964
2964
2964
2964
2964
2964
2965
2966
2966
2966
2967
2967
2967
2967
2967
2967
2967
2967
2968
2968
2968
2968
2968
2968
2968
2969
2969
2969
2969
2969
2969
2969
2970
2970
2970
2970
2970
-1
2971
2971
2971
2972
2972
2972
2972
2972
2972
2972
2973
2973
2973
2973
2973
2973
2973
2974
2974
2974
2974
2974
2975
2975
2976
2976
2976
2976
2977
2977
2977
2977
2978
2978
2978
2978
-1
2979
2979
2979
-1
2980
2980
2980
-1
-1
-1
-1
2981
2981
2981
2982
2982
2982
2982
2983
2983
2983
2983
2983
2983
2984
2984
2984
2984
2984
2984
2985
2985
2985
2985
2985
-1
2986
2986
2986
2987
2987
2987
2987
2987
2987
2987
2988
2988
2988
2988
2988
2988
2988
-1
2989
2989
2989
2990
2990
2990
2990
2990
2991
2991
2991
2991
2991
2991
2991
2992
2992
2992
2992
2992
2992
2228
2993
2993
2993
2993
2993
2993
2993
2994
2994
2994
2994
-1
2995
2995
2995
-1
2996
2996
2996
2997
2997
-1
2998
2998
2998
2999
2999
2999
2999
2999
2999
3000
3000
3000
3000
3000
-1
3001
3001
3002
-1
3003
3003
3004
-1
3005
3005
-1
3004
-1
-1
-1
3006
183
-1
-1
-1
3007
3007
3007
3008
3008
3008
3008
3008
3009
3009
3009
3009
3009
3009
3009
3010
3010
3010
3010
3010
3010
3010
3011
3011
3011
3011
3011
3011
3011
3012
3012
3012
3012
3012
3012
3012
3013
3013
3013
3013
3013
3013
-1
3014
3014
3015
3015
3015
3015
3016
3017
3017
-1
3018
3018
3018
3019
3020
3020
-1
3021
3021
3021
-1
3022
1517
1517
-1
-1
3023
3023
-1
3024
3024
3024
-1
3025
3025
3025
-1
3026
3026
3026
-1
3027
3027
3027
-1
1119
1119
1119
-1
-1
3028
3028
-1
-1
3029
2278
3030
-1
3031
3031
-1
3032
3032
3032
-1
3033
2427
2427
-1
-1
3034
3034
-1
3035
3035
3035
-1
3036
3036
3036
-1
3037
3037
3037
3038
3038
-1
-1
3039
3039
-1
3040
3040
3040
3041
3041
3041
3041
3041
3042
2338
2338
2338
3043
3043
3043
3043
3043
3043
3044
3044
3044
3045
3045
3045
3046
3046
3046
3046
3046
3047
3047
3047
3047
3047
3047
3047
-1
3048
3048
3048
3048
3048
3048
3048
3049
3049
3049
3049
3049
3050
3050
3050
3050
665
-1
-1
3051
3051
3052
2545
2545
-1
3053
3053
3053
-1
61
61
61
-1
3054
3054
3054
3055
3056
3056
3056
-1
3057
3057
3057
3057
-1
3058
3058
3058
3059
763
3060
3060
1622
-1
3061
3061
-1
3062
3062
68
3063
3063
3063
3063
3064
3064
3064
3064
3064
3064
3065
3065
3065
3065
3065
3065
3066
3066
1085
1085
-1
3067
3067
3067
-1
3068
3068
3068
-1
3069
3069
3069
-1
-1
3070
3070
-1
-1
3071
502
-1
3072
3073
3073
-1
3074
3074
3074
-1
3075
3075
3075
3076
3076
3076
3076
-1
3077
3077
3077
-1
-1
3078
2481
-1
3079
2089
1867
-1
3080
3080
3080
3081
3081
3081
3081
3081
3081
-1
3082
3082
3082
-1
3083
3083
3083
3084
3084
3084
3084
3084
3084
3085
3085
3085
3085
3085
3085
3085
3086
3086
3086
3086
3086
3087
3087
3087
3087
3087
3087
3087
3088
3088
3088
3088
3088
3088
3089
3089
3089
3089
3090
3090
3091
3091
3091
3091
3091
3091
3091
3092
3092
3092
3093
3093
3093
-1
3094
3094
3094
3094
3094
3094
3094
3094
3095
3095
3095
3095
3095
3095
3095
3096
3096
3096
3096
3097
3097
3097
3097
3097
-1
-1
3098
3098
3098
3099
3099
3099
3099
3100
3100
3101
3102
1801
3103
3103
3103
3103
3103
-1
3104
3104
3104
1595
3105
-1
3106
3106
-1
3107
3108
3108
-1
3109
3109
3110
3110
3110
3110
3110
3110
3111
3111
3111
3111
3111
3111
-1
-1
3112
3112
-1
-1
3113
2101
-1
3114
3114
3114
-1
3115
3115
431
-1
3116
534
534
3117
3117
3117
3117
3117
3117
3117
3118
1480
1480
1480
1480
1480
1480
1480
3119
2068
1383
-1
-1
3120
1085
1085
3121
2551
3122
3122
3122
-1
-1
-1
3123
3123
3123
3123
3123
3123
3123
-1
-1
3124
3124
3124
3124
-1
3125
1260
1260
3126
-1
3127
3127
-1
-1
3128
3128
3129
3130
3130
3130
-1
3131
3131
3131
-1
-1
3132
3132
-1
-1
-1
3133
219
219
3134
3134
3134
3134
3134
3134
3134
3135
3135
3135
3136
3136
3136
3136
3136
3136
3137
3137
3138
3138
3138
3138
-1
677
677
677
3139
3139
3139
3139
3140
3140
3140
3141
3141
3141
3141
3141
3141
3141
3141
3142
3142
3142
3143
3143
3143
3143
3143
3143
3143
3143
3144
3144
3144
3145
3145
3145
3145
3145
3145
3146
3146
3146
3146
3146
3146
3147
3147
3147
3147
3147
3147
3147
3148
3148
3148
3148
3148
3148
3148
3149
3149
3149
3149
3149
3149
3149
3150
3150
3150
3150
3150
3151
3151
3151
3151
3151
3151
3151
-1
3152
3152
3152
3153
3153
3153
3153
3153
3153
3153
3154
3154
3154
3154
3155
3155
3156
3156
3156
3156
3157
3157
3157
3157
3157
3157
3157
-1
3158
3158
3158
-1
3159
3159
3159
-1
3160
3160
3160
-1
3161
3161
3161
3162
3162
3162
3162
3162
3162
3162
3163
3163
3163
3163
3163
3163
3163
3164
3164
3164
3164
3164
3164
3164
3165
3165
3165
3165
3166
489
489
489
-1
3167
3167
3167
-1
3168
3168
-1
1701
1701
1701
3169
3169
3169
3169
3169
3169
3169
3170
3170
3170
3170
3171
3171
3171
3171
3171
3171
3171
3172
3172
3172
3172
3172
3172
3172
3173
3173
3173
3173
3173
3173
3173
2311
2311
2311
2311
2311
-1
3174
3174
3174
3174
3175
3175
3175
3175
3175
3176
3176
3176
3177
3177
-1
3178
3178
3178
3179
3179
3179
3179
3179
3179
3179
3180
3180
3180
3180
3180
3180
3180
-1
3181
3181
1232
-1
3182
3182
3182
3183
3183
3183
3183
3183
3183
3184
3184
3184
3184
3184
3184
3184
