-1
-1
0
0
1
1
1
1
1
2
2
-1
3
3
3
-1
4
4
4
-1
5
5
5
-1
6
6
-1
7
7
7
-1
8
8
8
-1
9
9
9
-1
10
10
10
-1
11
11
11
-1
12
12
12
12
-1
13
13
13
14
14
14
14
14
-1
15
15
15
-1
16
16
16
-1
-1
17
17
-1
18
18
18
-1
19
19
19
-1
20
20
21
21
21
22
22
22
22
22
22
22
22
23
23
23
-1
24
24
24
-1
25
25
25
-1
26
26
26
-1
27
27
27
-1
28
28
28
28
-1
-1
29
29
-1
30
30
30
31
31
31
31
-1
32
32
32
33
33
33
33
33
33
33
34
34
34
34
35
35
35
35
-1
36
36
36
-1
37
37
37
38
38
38
38
38
39
39
39
39
39
39
39
-1
40
40
40
41
41
41
41
-1
42
42
42
43
43
43
44
44
44
45
45
45
45
45
46
46
46
46
47
47
47
47
47
48
48
48
48
49
49
49
49
50
50
50
50
50
51
51
51
51
51
51
51
-1
52
52
52
53
53
53
54
54
54
54
54
55
55
55
55
56
56
56
56
57
57
57
57
58
58
58
58
59
59
59
59
59
59
59
60
60
60
60
60
60
60
61
61
61
61
62
62
62
62
63
63
63
63
63
63
63
-1
64
64
64
65
65
65
65
65
65
66
66
66
66
66
66
67
67
67
67
67
67
68
68
68
69
69
69
69
-1
-1
-1
70
70
70
70
71
71
71
71
71
71
71
-1
72
72
72
73
73
73
73
73
73
73
74
74
74
74
74
74
75
75
75
75
75
75
75
76
76
-1
77
77
77
-1
78
78
78
79
79
79
79
-1
80
80
80
-1
81
81
81
-1
82
82
82
83
83
83
83
83
84
84
84
84
85
85
85
85
85
85
85
-1
86
86
86
87
87
87
87
87
87
87
-1
88
88
88
-1
89
89
89
90
90
90
90
91
91
91
91
91
91
91
92
92
92
92
92
92
93
93
93
93
93
93
93
93
-1
-1
94
94
-1
95
95
-1
96
96
96
-1
97
97
97
-1
98
98
98
99
99
99
99
99
99
99
-1
100
100
-1
101
101
101
102
102
102
102
102
102
103
103
103
103
103
104
104
-1
105
105
105
-1
106
106
106
107
107
107
107
-1
108
108
108
109
109
109
109
110
110
110
110
111
111
111
111
111
111
111
112
112
112
112
112
112
113
113
113
113
113
-1
114
114
114
115
115
115
115
116
116
116
116
116
117
117
117
117
117
118
118
118
118
118
118
118
119
119
119
119
120
120
120
-1
121
121
121
-1
-1
122
122
-1
-1
123
123
-1
-1
124
124
-1
-1
125
125
126
126
126
126
126
126
126
-1
127
127
127
-1
128
128
128
-1
129
129
129
130
130
131
131
132
132
132
133
133
133
134
134
134
134
134
135
135
135
135
135
135
135
136
136
136
136
137
137
137
137
138
138
138
138
138
139
139
140
140
140
141
141
141
141
141
141
142
142
142
143
143
143
144
144
144
144
145
145
145
145
146
146
146
146
147
147
147
147
148
148
148
148
149
149
149
149
149
-1
150
150
150
-1
151
151
151
152
152
152
152
152
152
153
153
153
153
153
153
153
153
-1
154
154
154
155
155
155
155
155
155
155
156
156
156
156
-1
157
157
157
158
158
158
158
158
-1
159
159
159
160
160
160
160
160
160
160
-1
161
161
161
-1
162
162
162
163
163
163
164
164
164
-1
-1
165
165
165
166
166
166
167
167
167
167
167
167
168
168
168
168
-1
169
169
169
170
170
170
170
170
170
171
171
171
171
171
171
172
172
172
172
172
172
173
173
173
173
173
173
173
174
174
174
174
175
175
175
175
176
176
176
176
-1
177
177
177
178
178
178
178
-1
179
179
179
-1
180
180
180
181
181
181
181
182
182
182
182
182
182
182
-1
183
183
183
184
184
184
184
-1
185
185
185
186
186
186
186
186
186
187
187
187
-1
188
188
188
189
189
189
189
190
190
190
190
191
191
191
191
192
192
192
192
193
193
193
193
-1
194
194
194
195
195
195
195
-1
196
196
196
197
197
197
197
197
197
197
-1
198
198
198
-1
199
199
199
-1
-1
200
200
201
201
201
201
201
201
-1
202
202
202
203
203
203
203
204
204
204
204
205
205
205
205
206
206
206
206
207
207
207
207
207
207
207
208
208
208
208
209
209
209
209
209
210
210
210
210
211
211
211
211
211
212
212
212
-1
213
213
213
214
214
214
214
214
214
214
215
215
215
215
-1
216
216
216
-1
217
217
217
-1
218
218
218
219
219
219
219
-1
220
220
220
-1
221
221
221
-1
222
222
222
223
223
223
223
-1
224
224
224
225
225
-1
226
226
226
-1
-1
227
227
227
228
228
228
228
229
229
229
230
230
230
230
230
-1
231
231
231
232
232
232
233
233
233
233
233
233
233
234
234
234
234
235
235
235
235
236
236
236
236
237
237
237
237
-1
238
238
238
-1
239
239
239
-1
-1
240
240
241
241
241
241
241
241
241
241
242
242
243
243
243
243
243
243
244
244
244
244
244
244
244
-1
245
245
245
246
246
246
246
246
-1
-1
247
247
248
248
248
248
-1
249
249
249
250
250
250
250
250
251
251
251
251
252
252
252
252
253
253
253
253
254
254
254
254
255
255
255
255
-1
256
256
256
-1
257
257
257
-1
-1
258
258
-1
-1
259
259
260
260
260
260
260
260
260
261
261
262
262
262
262
-1
-1
263
263
-1
264
264
265
265
265
265
266
266
266
266
267
267
267
267
268
268
268
268
269
269
269
269
270
270
270
271
271
271
271
272
272
272
272
273
273
273
273
274
274
274
274
275
275
275
275
-1
276
276
277
277
277
277
278
278
278
278
279
279
279
279
280
280
280
280
281
281
281
282
282
282
283
283
283
283
-1
284
284
284
285
285
285
285
285
285
285
-1
286
286
286
287
287
287
287
287
287
288
288
288
288
288
288
288
-1
289
289
289
-1
290
290
290
-1
291
291
291
-1
292
292
292
-1
-1
293
293
-1
-1
294
294
-1
-1
295
295
-1
296
296
296
-1
297
297
-1
298
298
298
299
299
299
299
299
299
300
300
300
300
300
300
300
301
301
301
301
301
301
-1
-1
302
302
-1
303
303
303
-1
304
304
304
305
305
305
305
305
305
305
306
306
306
306
306
306
-1
-1
307
307
308
308
308
309
309
309
309
309
309
310
310
310
310
310
310
310
