-1
1427
-1
-1
-1
-1
0
0
0
-1
1
1
1
2
3
3
3
-1
4
4
4
-1
5
5
5
-1
6
6
6
7
7
7
7
7
7
-1
8
8
8
-1
-1
9
9
9
-1
10
10
10
-1
11
11
11
-1
12
12
12
13
13
13
13
13
13
13
-1
14
14
14
-1
15
15
15
-1
16
2
2
-1
-1
17
17
17
18
18
19
19
19
-1
20
20
20
-1
21
21
21
-1
22
22
22
-1
23
23
23
-1
24
24
24
25
26
26
26
-1
27
27
27
-1
28
28
28
-1
-1
-1
29
29
29
29
29
29
29
29
-1
30
30
30
-1
31
30
30
-1
-1
-1
-1
-1
-1
32
32
32
-1
33
33
33
-1
25
25
25
34
34
34
34
34
35
35
35
35
36
36
36
36
37
37
37
37
37
37
37
37
38
38
38
38
38
38
39
39
39
39
39
39
40
40
40
40
40
40
40
41
41
41
41
42
42
42
42
43
43
43
43
44
44
44
44
44
44
45
45
45
45
45
45
45
46
46
46
46
46
46
46
47
47
47
47
47
47
48
48
48
48
48
48
48
49
49
49
49
49
49
49
50
50
50
50
50
50
50
-1
51
51
51
52
52
52
52
52
52
53
53
53
53
53
53
53
-1
54
54
54
-1
55
55
55
-1
56
56
56
-1
57
57
57
-1
58
58
58
59
-1
60
60
61
61
61
61
61
62
62
62
63
63
63
63
63
63
63
64
64
64
64
64
64
64
65
65
65
65
65
65
-1
66
66
66
66
67
67
67
67
67
68
68
68
68
68
68
68
68
-1
69
69
69
-1
-1
70
70
71
72
72
72
-1
-1
73
73
-1
74
74
74
75
75
75
76
76
76
76
76
-1
-1
-1
77
77
78
78
78
78
78
78
79
79
79
-1
80
80
80
-1
81
81
81
82
82
82
82
82
82
-1
83
83
83
-1
84
84
-1
-1
85
85
-1
-1
86
86
-1
-1
87
87
-1
88
88
88
89
89
89
89
89
89
89
-1
90
90
90
-1
91
91
91
92
92
92
92
92
92
92
-1
-1
93
93
-1
94
94
94
-1
-1
95
95
95
95
95
95
96
96
96
96
97
97
-1
98
98
99
99
99
99
100
100
100
100
101
101
101
101
102
102
102
102
102
102
102
103
103
103
103
103
104
104
104
104
104
104
104
105
105
105
105
106
106
106
106
107
107
107
107
107
108
108
108
108
108
108
108
109
109
109
109
110
110
110
111
111
111
111
112
112
112
112
113
113
113
113
114
114
114
114
115
115
115
115
115
115
115
116
116
116
116
116
116
116
117
117
117
117
117
117
117
118
118
118
118
118
118
119
119
119
119
119
-1
-1
-1
-1
-1
-1
120
120
-1
-1
121
121
-1
-1
-1
122
122
122
122
122
122
122
122
123
123
123
123
123
123
123
123
-1
124
124
124
124
124
-1
-1
-1
-1
125
126
126
126
126
126
127
127
127
127
127
127
127
128
128
128
128
128
129
129
129
129
130
130
130
130
-1
131
131
131
-1
132
132
132
-1
133
133
133
134
134
134
-1
135
135
135
136
136
137
137
137
-1
138
138
138
-1
139
139
139
140
140
140
140
140
140
140
141
141
141
141
141
141
141
-1
142
142
142
142
142
142
142
143
143
143
143
143
143
143
144
144
144
144
145
145
145
145
146
146
146
147
147
147
147
147
-1
148
148
148
148
149
149
-1
150
150
150
150
151
151
151
151
152
152
152
152
153
153
153
153
154
154
154
154
-1
155
155
155
156
156
156
156
157
157
157
-1
158
158
158
-1
159
159
159
160
160
160
161
161
161
162
162
162
162
162
162
162
163
163
163
163
163
163
163
164
164
164
164
164
164
164
165
165
165
165
166
166
166
166
167
167
167
167
168
168
168
168
169
169
169
169
170
170
170
170
171
171
171
171
172
172
-1
173
173
173
173
173
174
174
174
174
174
174
174
175
175
175
175
175
175
175
176
176
176
176
177
177
177
177
178
178
178
178
179
179
179
179
179
180
180
180
180
181
181
181
181
182
182
182
182
183
183
183
183
184
184
184
184
185
185
185
185
186
186
186
186
-1
187
187
-1
188
188
188
188
188
188
188
189
189
189
189
189
189
189
190
190
190
190
190
190
190
191
191
191
191
192
192
192
192
193
193
193
193
194
194
194
194
195
195
195
196
196
196
196
196
196
196
197
197
197
197
197
197
197
-1
198
198
198
198
198
198
198
199
199
199
199
200
200
200
201
201
201
201
202
202
202
203
203
203
203
204
204
204
204
205
205
205
205
206
206
206
206
207
207
207
207
208
208
208
208
209
209
209
209
210
210
210
210
211
211
211
211
212
212
212
212
213
213
213
213
214
214
214
214
214
214
214
215
215
215
215
216
216
216
217
217
217
217
218
218
218
218
218
218
218
219
219
219
219
-1
220
220
221
221
221
221
221
221
221
-1
222
222
222
222
223
223
223
223
224
224
224
224
224
224
224
-1
-1
225
225
225
225
226
226
226
226
-1
227
227
227
228
228
228
-1
229
229
229
230
230
230
230
230
-1
231
231
231
231
231
232
232
232
232
233
233
233
233
234
234
234
234
234
234
234
235
235
235
235
235
235
235
-1
236
236
236
236
237
237
237
237
238
238
238
238
239
239
239
239
240
240
240
240
241
241
241
241
242
242
242
243
243
243
244
244
244
244
245
245
245
246
74
74
247
247
247
248
248
248
248
248
249
249
249
249
250
250
250
250
250
250
250
251
251
251
251
251
251
252
252
252
252
252
253
253
253
253
254
254
254
254
255
255
255
255
256
256
256
256
257
257
257
258
258
258
258
259
259
259
259
260
261
261
261
-1
-1
262
262
-1
263
263
263
-1
-1
-1
-1
264
264
265
265
265
265
265
265
265
266
266
266
266
266
266
266
266
267
267
267
267
268
268
268
268
268
268
-1
269
269
269
-1
270
270
270
271
271
271
271
272
272
272
272
272
272
272
273
273
273
273
273
273
273
273
-1
274
274
274
274
274
-1
550
-1
275
275
275
275
275
275
275
276
276
276
276
276
276
276
-1
277
277
277
277
277
277
278
278
278
278
278
278
278
279
279
279
279
279
279
279
-1
280
280
280
281
281
282
282
282
-1
283
283
283
283
283
283
283
284
284
284
284
284
284
284
-1
-1
285
285
285
-1
286
286
286
287
287
287
287
287
785
-1
-1
-1
-1
-1
288
288
288
288
289
289
289
289
289
289
289
-1
290
290
290
-1
291
291
291
-1
-1
292
292
-1
293
293
293
294
294
294
294
294
294
294
-1
295
295
295
296
296
296
296
-1
297
297
297
298
298
298
298
298
298
298
-1
299
299
299
300
300
300
300
-1
301
301
301
302
302
302
302
303
303
303
303
303
303
303
304
304
304
304
304
304
304
305
305
305
305
306
306
306
306
306
306
307
307
307
307
307
308
308
308
308
308
308
309
309
-1
310
310
310
310
310
310
310
311
311
311
311
311
311
311
312
312
312
312
312
312
312
313
313
313
313
313
-1
-1
314
314
314
-1
315
315
315
-1
316
316
316
-1
317
317
317
318
318
318
318
318
319
319
319
319
320
320
320
320
321
321
321
321
321
321
321
322
322
322
322
322
322
322
-1
323
323
323
-1
324
324
324
-1
325
325
325
326
326
326
326
327
327
328
328
328
328
328
328
-1
329
329
329
330
330
330
-1
331
331
331
-1
332
332
332
333
333
333
333
334
334
334
334
334
335
335
335
335
336
336
333
333
337
337
337
337
338
338
338
338
339
339
340
340
340
340
340
340
340
341
341
341
341
341
341
341
341
342
342
342
342
342
343
343
343
343
343
344
344
344
344
344
-1
345
345
345
-1
346
346
346
347
347
347
347
347
347
347
347
348
348
348
348
349
349
349
349
-1
-1
-1
350
350
351
351
351
-1
-1
352
352
352
-1
353
353
-1
354
354
354
-1
355
355
355
356
356
356
356
357
357
357
357
357
357
357
358
358
358
358
359
359
359
359
359
359
359
360
360
360
360
361
361
361
361
362
71
71
71
363
363
363
363
363
363
363
364
364
364
364
364
364
365
365
365
365
365
365
365
366
366
366
366
366
366
366
367
367
368
368
368
369
369
369
369
369
-1
370
370
370
370
371
371
371
371
372
372
372
372
373
373
373
373
374
374
374
374
375
375
375
376
376
376
376
376
376
376
377
377
377
377
378
378
378
378
378
378
379
379
379
379
379
379
379
380
380
380
380
381
381
381
381
381
381
381
381
382
382
382
382
382
382
382
383
383
383
383
383
383
383
384
384
384
384
384
384
384
-1
385
385
385
385
385
385
385
386
386
386
386
386
386
386
387
387
387
387
387
387
387
388
388
388
389
389
389
389
389
389
390
390
390
390
390
390
391
391
391
391
391
391
391
392
392
392
392
392
392
393
393
393
393
393
393
394
394
394
394
394
395
395
395
395
395
-1
396
396
396
-1
397
397
397
398
398
398
398
398
398
398
399
399
399
399
400
400
400
400
-1
-1
401
401
401
-1
-1
402
402
403
403
403
403
403
403
403
404
404
404
404
405
405
405
-1
406
406
406
-1
407
407
407
-1
408
408
408
-1
409
409
409
-1
410
410
410
411
411
411
411
412
412
412
412
-1
413
413
413
-1
414
414
414
-1
415
415
415
-1
416
416
416
-1
417
417
417
-1
418
418
418
419
419
419
420
420
420
420
420
420
420
421
421
421
421
421
422
422
423
423
423
423
424
424
424
424
424
424
424
425
425
425
425
425
425
425
426
426
426
426
427
427
427
427
427
427
427
428
428
428
428
-1
429
429
429
-1
430
430
430
-1
-1
431
431
431
-1
432
432
432
-1
433
433
433
-1
434
434
434
-1
435
435
435
436
436
436
436
436
437
437
437
437
437
-1
438
438
438
439
439
439
439
439
440
440
440
440
440
440
440
441
441
441
441
441
441
441
442
442
442
442
442
443
443
443
443
443
443
444
445
445
445
-1
446
446
446
447
447
447
447
447
448
448
449
449
449
-1
450
450
450
-1
451
451
451
452
452
452
452
452
452
452
-1
2
2
2
-1
453
453
453
454
454
454
454
454
454
454
455
455
455
455
456
456
456
456
456
-1
457
457
457
457
457
457
-1
458
458
458
459
459
459
459
459
459
459
460
460
460
460
461
461
461
461
461
461
461
462
462
462
462
462
-1
463
463
463
-1
-1
464
319
319
465
465
465
465
465
-1
466
466
466
466
466
466
466
-1
467
467
467
468
468
468
469
469
469
470
470
470
470
470
470
470
470
-1
471
471
471
-1
472
472
472
-1
473
473
473
-1
474
474
475
475
475
475
475
475
475
476
476
477
477
477
-1
478
478
478
-1
479
479
479
-1
480
480
480
-1
481
481
481
482
482
482
482
482
482
482
483
483
483
483
483
483
483
484
484
484
484
484
484
484
-1
-1
485
485
485
485
485
485
485
486
486
486
487
487
-1
-1
488
488
488
488
489
489
489
489
489
489
489
490
490
490
490
490
490
490
491
491
491
491
491
491
491
492
492
492
492
492
492
492
493
493
493
493
493
494
494
494
494
-1
495
495
495
-1
496
496
496
497
497
497
-1
498
498
498
499
499
499
499
499
-1
500
500
500
501
501
501
-1
502
502
502
-1
503
503
503
-1
504
504
504
505
444
444
444
-1
506
506
506
-1
507
507
507
508
508
508
508
508
508
508
508
-1
509
509
509
-1
510
510
510
-1
511
511
511
-1
512
512
512
-1
513
513
513
514
514
514
515
515
515
515
-1
516
516
516
-1
517
517
517
518
518
518
518
518
-1
519
519
519
-1
520
520
520
-1
521
521
521
-1
522
522
522
523
523
523
523
-1
524
524
524
525
525
526
526
527
527
527
527
527
527
527
528
528
528
528
528
529
529
529
529
530
530
530
530
530
530
530
530
531
531
531
531
532
532
532
532
533
533
533
533
533
533
533
534
534
534
534
535
535
535
535
-1
536
536
536
537
537
537
537
537
538
79
79
79
539
539
539
539
539
539
540
540
540
540
540
-1
541
541
541
542
542
542
542
542
542
542
543
543
543
543
543
543
543
544
544
544
544
-1
545
545
545
-1
546
546
546
-1
547
547
547
548
548
548
-1
549
549
549
549
550
550
550
550
-1
551
551
551
-1
552
552
552
-1
553
553
553
-1
554
554
554
555
555
555
556
556
556
556
557
557
558
558
558
558
-1
559
559
559
559
560
560
560
560
560
561
561
561
561
-1
562
562
562
-1
-1
-1
563
563
563
563
564
564
564
564
564
564
564
565
565
565
565
565
565
565
566
566
566
566
566
566
567
567
567
568
568
568
569
569
569
570
570
570
570
571
571
571
571
571
571
571
-1
572
572
572
-1
573
573
573
-1
574
574
574
575
575
575
575
575
575
575
576
576
576
576
577
577
577
577
578
578
-1
-1
579
579
579
-1
580
580
580
-1
581
581
581
582
582
582
-1
583
583
583
584
584
584
584
-1
585
585
585
-1
586
586
586
587
587
587
587
587
-1
588
588
588
-1
589
589
589
-1
590
590
590
-1
591
591
591
592
592
592
592
592
592
592
593
593
593
593
-1
594
594
594
-1
595
595
595
596
597
597
597
-1
-1
-1
598
598
598
598
-1
599
599
599
600
600
600
600
601
601
601
-1
602
602
602
603
603
603
603
603
603
603
604
604
604
604
604
604
605
605
605
605
605
605
605
606
606
606
606
606
606
606
-1
607
607
607
-1
608
608
608
-1
-1
609
609
609
610
610
610
610
610
610
610
-1
611
611
611
612
612
612
-1
613
613
613
-1
614
614
614
-1
615
615
615
616
616
616
616
617
617
617
-1
618
618
618
-1
619
619
619
620
620
620
620
621
621
621
-1
622
622
622
-1
623
623
623
-1
624
624
624
-1
625
625
625
-1
626
572
572
627
627
627
628
628
628
628
628
628
628
629
629
629
629
629
629
629
630
630
630
630
631
631
631
631
632
632
632
632
633
633
633
633
634
634
634
634
635
635
635
635
635
635
635
636
636
636
636
636
636
636
637
637
637
637
638
638
638
638
638
638
638
638
639
639
639
639
640
640
640
640
641
641
641
641
642
642
642
642
643
643
643
643
643
643
643
644
644
644
644
645
645
645
645
646
646
646
646
647
647
647
647
648
648
648
648
649
649
649
649
650
650
650
650
650
650
650
651
651
651
651
652
652
652
652
653
653
653
653
653
654
654
654
654
654
654
655
655
655
655
655
655
656
656
656
656
657
657
657
657
657
658
658
658
658
659
659
637
637
660
660
660
660
660
660
660
660
661
661
661
661
661
661
661
662
662
662
662
663
663
663
663
664
664
664
664
665
665
665
665
666
666
666
666
667
667
667
667
667
-1
668
668
668
668
668
669
669
669
1304
431
431
670
670
670
670
671
671
672
672
672
672
672
672
672
673
673
673
673
673
673
-1
674
674
674
675
675
675
-1
676
676
676
-1
677
677
677
-1
678
678
678
679
679
679
679
679
679
-1
680
680
680
681
681
681
-1
682
682
682
682
682
682
682
-1
683
683
683
-1
684
684
684
685
685
685
685
685
685
686
686
686
686
687
687
688
688
688
688
688
688
689
689
689
689
689
689
689
-1
690
690
690
690
690
-1
691
691
691
-1
692
692
692
693
693
693
693
693
-1
694
694
694
695
695
695
695
695
695
695
696
696
696
696
696
696
696
697
697
697
697
697
698
698
698
-1
596
596
699
699
699
699
-1
700
700
700
700
700
700
-1
701
701
701
702
702
702
702
702
703
703
703
703
703
703
703
704
704
704
704
705
705
705
-1
706
706
706
-1
707
707
707
-1
708
708
708
709
709
709
709
710
710
710
710
711
711
711
711
711
-1
712
712
712
713
713
713
713
713
713
713
714
714
714
714
714
714
714
715
715
715
715
715
715
715
716
716
-1
-1
717
717
717
717
718
718
718
718
719
719
719
719
720
720
720
720
721
721
721
721
721
721
722
722
722
722
722
723
723
723
723
724
724
724
724
725
725
725
725
726
726
726
726
727
727
727
727
728
728
728
728
729
729
729
729
729
729
729
730
730
730
730
730
730
731
731
731
731
732
732
732
732
732
732
733
733
733
733
734
734
734
734
735
735
735
15
736
736
736
736
737
737
737
737
737
737
737
737
738
738
738
738
738
738
738
739
739
740
740
740
740
741
741
741
-1
742
742
742
743
743
743
743
743
744
125
125
125
125
125
125
745
745
745
745
745
745
745
746
746
746
746
747
748
748
748
749
749
749
749
750
750
750
750
750
750
751
751
751
751
752
752
752
752
753
753
753
753
753
753
753
-1
754
754
754
755
755
755
755
755
756
756
756
756
756
757
757
757
757
757
757
757
-1
758
758
758
759
759
759
759
759
759
760
760
760
760
760
760
761
761
761
761
761
-1
-1
762
762
763
763
763
763
763
763
764
764
764
764
764
764
-1
765
765
765
766
766
766
766
767
767
767
767
768
768
768
768
768
769
769
769
769
769
769
769
770
770
770
770
770
770
770
770
771
771
771
771
771
772
772
772
772
773
773
773
773
773
774
774
775
775
775
775
775
775
776
776
776
776
776
776
776
777
777
777
777
778
778
778
778
779
779
779
779
779
779
779
-1
780
780
780
781
781
781
781
781
781
781
782
782
782
782
783
783
783
783
784
784
784
784
785
785
785
785
785
785
785
-1
786
786
786
787
787
787
787
788
788
788
788
-1
-1
789
789
789
-1
790
790
790
791
791
791
791
791
791
792
792
792
792
793
793
793
793
793
-1
794
794
794
-1
795
795
795
-1
796
796
796
-1
797
797
797
-1
798
798
798
798
798
799
799
799
799
800
800
800
800
-1
801
801
801
802
802
802
802
802
803
803
803
804
804
804
805
805
805
805
805
805
805
-1
806
806
806
806
806
806
806
-1
807
807
807
808
808
808
808
809
809
809
809
810
810
810
810
811
811
811
811
812
812
812
812
813
813
813
813
814
814
814
814
815
815
815
815
815
815
815
816
816
816
816
816
816
816
817
817
817
817
818
818
818
818
818
818
818
-1
819
819
819
820
820
820
820
820
821
821
821
821
821
821
821
-1
822
822
822
823
823
823
823
823
823
823
824
824
824
824
825
825
825
825
826
826
826
826
826
826
826
827
827
827
827
827
827
827
-1
-1
828
828
-1
829
829
829
-1
830
830
830
831
831
831
831
832
832
832
832
832
832
832
-1
833
833
-1
-1
834
834
-1
-1
835
835
-1
836
836
-1
837
837
837
-1
-1
838
838
838
-1
839
839
839
-1
840
840
614
-1
-1
841
841
842
842
-1
843
843
843
-1
844
844
844
845
845
845
845
743
846
846
846
846
846
846
846
846
847
847
847
847
848
848
848
69
849
849
849
849
850
850
850
850
851
851
851
851
851
851
852
852
852
853
853
853
853
853
853
853
854
854
854
854
854
854
854
855
855
855
855
-1
856
856
856
857
857
857
857
857
857
857
858
858
858
858
858
858
858
859
859
860
860
860
861
861
861
861
862
862
862
862
863
863
863
863
863
863
864
864
865
865
865
865
866
866
866
866
866
867
867
868
868
868
869
869
869
869
869
869
869
870
870
870
870
870
870
870
870
871
871
871
871
871
871
871
872
872
872
872
872
872
872
-1
873
873
873
874
874
874
-1
875
875
875
-1
876
876
876
877
877
877
877
877
877
878
878
878
878
878
-1
879
879
879
-1
880
880
880
881
881
881
881
881
881
881
-1
882
882
882
-1
883
883
883
-1
884
884
884
885
885
885
885
886
886
886
887
887
887
887
888
888
888
888
888
888
888
-1
889
889
889
890
890
890
1721
891
891
891
891
892
892
892
893
893
894
894
895
895
895
895
895
895
895
896
896
896
896
896
896
897
897
897
897
897
898
898
898
898
898
898
898
899
899
899
899
899
899
900
900
900
900
-1
901
901
901
901
901
901
902
902
902
902
902
902
902
903
903
903
903
903
903
904
904
904
904
905
905
905
905
906
906
906
906
907
907
907
907
908
908
908
908
909
909
909
909
910
910
910
911
911
911
912
912
912
913
913
914
914
415
415
915
915
915
915
915
915
915
915
916
916
916
916
916
916
917
917
917
917
918
918
-1
-1
919
919
919
920
920
920
920
920
920
920
921
921
921
921
922
922
922
922
922
922
922
-1
923
923
923
924
924
-1
925
925
925
-1
926
926
926
-1
-1
927
927
-1
-1
928
928
-1
-1
929
929
930
930
930
930
930
930
930
931
931
931
931
932
932
932
932
932
932
932
933
233
233
233
934
934
934
934
935
935
935
935
935
936
936
936
936
936
937
937
937
938
938
938
938
939
939
939
939
940
940
940
940
941
941
941
941
941
941
942
942
942
942
943
943
943
943
944
944
944
944
945
945
945
-1
946
946
946
-1
947
947
947
-1
948
948
948
949
949
949
949
949
950
950
950
950
950
950
951
951
951
951
952
952
952
952
952
952
952
953
102
102
954
954
954
954
954
954
954
955
955
955
955
955
955
956
956
956
956
956
956
956
957
225
225
225
958
958
958
-1
959
959
959
-1
960
960
960
-1
961
961
961
962
962
962
962
963
963
963
963
963
963
963
-1
964
964
964
965
965
965
965
965
965
965
965
966
966
966
966
966
966
966
967
967
967
967
967
967
967
968
968
968
968
969
969
969
969
969
969
969
-1
970
970
970
-1
971
971
971
972
972
972
972
972
972
972
973
973
973
973
973
973
973
973
974
974
974
974
975
975
975
975
-1
976
976
976
977
977
977
977
978
978
978
978
978
978
978
-1
979
979
979
980
980
980
980
981
981
981
981
-1
-1
982
982
982
-1
983
983
983
-1
984
984
984
985
985
985
985
986
986
986
986
987
987
987
987
988
988
988
989
989
989
989
990
990
990
990
991
991
991
991
-1
992
992
992
993
993
993
993
993
994
994
994
994
994
995
995
995
995
996
996
996
996
997
997
997
997
998
998
998
998
999
999
999
999
1000
1000
1000
1000
1001
1001
1001
1001
1002
1002
1002
1002
1003
1003
1003
1003
1004
1004
1004
1004
1005
1005
1005
1006
1006
1006
1006
1007
1007
1007
1007
1007
1007
1008
1008
1008
1008
1009
1009
1009
1010
1010
1010
1010
1010
1010
1011
1011
1011
1011
1012
1012
1012
1012
1013
1013
1013
1013
1014
1014
1014
1014
1015
1015
1015
1015
1016
1016
1016
1016
1017
1017
1017
1017
1018
1018
1018
1018
1019
1019
1019
-1
-1
1020
1020
1020
1020
1021
1021
1021
1021
1022
1022
1022
1022
1023
1023
1023
1023
1024
1024
1024
1024
1025
1025
1025
1026
1026
1026
1027
1027
1027
1027
1027
1028
1028
1028
1028
1028
1029
1029
1029
1029
1030
1030
1030
1030
1030
1030
1031
1031
1031
1031
1031
1031
1032
1032
1032
1032
1033
1033
1033
1033
1034
1034
1034
1034
1034
1034
1034
1035
1035
1035
1035
1036
1036
1036
1037
1037
1037
1037
1037
1037
1037
1038
1038
1038
1038
1038
1038
1038
1039
1039
1039
1039
1039
1040
1040
1040
1040
1040
1040
1041
1041
1041
1041
1041
1041
1041
1041
1042
1042
1042
1042
1043
1043
1043
1043
1044
1044
1044
1044
1044
1045
1045
1045
1045
1045
1045
1046
1046
1046
1046
1047
1047
1048
1048
1048
1048
1049
1049
1049
1050
1050
1050
1050
1051
620
620
620
1052
1052
1052
1052
1052
1052
1052
1052
1053
1053
1053
1053
1053
1053
1054
1054
1054
1054
1054
1054
1054
1055
1055
1055
1055
1055
1056
1056
1056
1056
1056
1056
1056
1057
1057
1057
1057
1057
1057
1058
1058
1058
1058
1058
1058
1058
1059
1059
1059
1059
1059
1059
1060
1060
1060
1060
1060
1060
1061
1061
1061
1062
1062
1062
1062
1063
558
558
558
1064
1064
1064
1064
1065
735
735
735
1066
1066
1014
1014
1067
1067
1067
1067
1067
1067
1067
1068
1068
1068
1068
1068
1068
1068
1069
1069
1069
1069
1070
1070
1070
1070
1071
1071
1071
1071
1072
1072
1072
1072
1072
1072
1073
1073
1073
1073
1073
1073
1073
1074
1074
1074
1074
1074
1074
1074
1075
1075
1075
1076
1076
1076
1076
1077
1077
1077
1077
1077
1077
1077
1078
1078
1078
1078
1079
1079
1079
1079
-1
-1
-1
1080
1080
1080
-1
1081
1081
1081
-1
260
260
260
1082
1082
1082
1082
-1
1083
1083
1083
-1
1084
1084
-1
1085
1085
1085
1086
1086
1086
1086
1086
1086
1086
1087
1087
1087
1087
1088
1088
1088
1088
1088
-1
-1
1089
1089
1089
1090
1090
1090
1090
1090
1090
1090
1090
1091
1091
1091
1091
1091
1091
1091
1092
1092
1092
1092
1092
1092
1092
1093
1093
1093
1093
1093
1093
1093
1094
1094
1094
1094
1094
1094
1095
1095
1095
1095
1095
1096
1096
1096
1096
1096
1096
1096
-1
1097
1097
1097
1098
1098
1098
1098
1099
1099
1099
1099
1100
1100
-1
1101
1101
1101
1102
1102
1102
1102
1102
1102
1102
1103
1103
1103
1103
1103
-1
1104
1104
1104
-1
1105
1105
1105
1105
1106
1106
1106
1106
-1
1107
1107
1107
1108
1108
1108
1108
1109
1109
1110
1110
1110
1110
1110
1110
1110
1111
1111
1111
1111
1112
1112
1112
1112
1112
-1
1113
1113
1113
1114
1114
1114
1114
1114
1114
1114
1115
1115
1115
1115
1115
1116
1116
1117
1117
1118
1118
1118
1119
1119
1119
1119
1120
1120
1120
1120
1121
1121
1121
1121
1121
1121
1122
1122
1122
1122
1122
-1
1123
1123
1123
1123
1124
1124
1124
1124
1124
-1
1125
1125
1125
1125
1126
1126
1126
1127
1127
1127
1128
1128
1128
1128
-1
1129
1129
1129
1130
1130
1130
1130
1131
596
596
596
-1
1132
1132
1132
-1
1133
1133
1133
1134
1134
1134
1134
1135
1135
1135
1135
1136
1136
1136
1136
1137
1137
1137
1137
-1
1138
1138
1138
-1
1139
1139
1139
-1
1140
1140
1140
1141
1141
1141
1141
1142
646
646
646
1143
1143
1143
1144
1144
1144
1145
1145
1145
1145
-1
1146
1146
-1
1147
1147
1147
-1
1148
1148
1148
-1
1149
1149
1149
-1
1150
1150
1150
-1
1151
1151
1151
1152
1153
648
648
-1
1154
1154
1154
-1
1155
1155
1155
-1
1156
1156
1156
-1
1157
1157
1157
-1
-1
-1
1158
1158
1158
1158
1158
1159
1159
1159
1159
1159
1159
1159
1159
-1
1160
1160
1160
1161
1161
1162
1162
1162
1163
1163
1163
1163
-1
1164
1164
1164
-1
1165
1165
1165
-1
1166
1166
418
-1
1167
751
751
751
1168
1168
1168
1169
1169
1169
1169
1170
1170
1170
1170
-1
1171
1171
1172
1172
1081
1173
1173
-1
1174
1174
1174
-1
1175
1175
1176
1176
1176
1176
1176
1177
1177
1177
1177
1178
1178
1178
1178
1179
1179
1179
1179
1180
1180
1180
1180
1180
1180
1180
1181
1181
1181
1181
-1
1182
1160
1160
-1
1183
1183
1183
1183
1183
1183
1184
1184
1184
-1
1185
1185
1185
1186
-1
1187
1187
1188
1188
1188
1188
1188
1188
1189
1189
1189
1189
1190
1190
1190
1190
1191
1191
1191
1191
1191
1191
-1
1192
1192
1193
1193
1193
1193
1193
1193
-1
1194
1194
1194
-1
1195
1195
1195
-1
1196
1196
1196
-1
-1
1197
1197
1197
1197
1197
1197
1197
1198
1198
1198
1198
1198
1198
1198
1199
1199
1200
1200
1200
1200
1201
1201
1201
1201
1202
1202
1202
1202
1202
1203
1203
1204
1204
1204
1204
1204
1205
1205
1205
1205
1205
1206
1206
1206
1206
1206
1206
1206
1207
1207
1207
1207
1208
1208
1208
1208
1209
1209
1209
1209
1210
1210
1210
1210
1211
1211
1211
1211
1212
1212
1212
1213
1213
1213
1213
1213
1213
1213
1214
1214
1214
1214
1214
1214
1214
1215
1215
1215
1215
1216
1216
1216
1216
1217
1217
2
2
1218
1218
1218
1218
1219
1219
1219
1219
1219
1220
1220
1220
1220
1221
1221
1221
732
732
732
1222
1222
1223
1223
1224
1224
1225
1225
1225
1225
1225
1225
1225
1226
1226
1226
1226
1227
1227
1227
839
1228
1228
1228
1228
1228
1228
1229
1229
1229
1230
1230
1230
1230
1230
1230
1230
1231
1231
1231
1231
1231
1231
1231
1232
1232
1232
1232
1233
1233
1233
1233
1234
1234
1234
1234
1234
1234
1234
1235
1235
1235
1235
1235
1235
1235
1235
1236
1236
1236
1237
1237
1237
1238
1238
1238
1238
1238
1238
1238
1239
1239
1239
1239
1240
1240
1241
1241
1241
1241
1242
1242
1242
1242
1243
1243
1243
1243
1244
980
980
980
-1
1245
1245
1245
1245
1245
1245
1245
1246
1246
1246
1246
1247
1247
1247
1248
1248
1248
1248
1248
1248
1248
1249
1249
1249
1249
1249
1249
1249
1250
1250
1250
1250
1251
1251
1251
1252
1252
1252
1253
1253
1253
1253
1254
1254
1254
1254
1255
1255
1255
1256
1256
1256
1256
1257
1257
1257
1257
1258
1258
1258
1258
1259
1259
1259
1259
1260
1260
1260
1260
1260
1260
1260
1261
1261
1261
1261
1261
1261
1262
1262
1262
1262
1263
1263
1263
1264
1264
1264
1264
1264
1265
1265
1266
1266
1266
1266
1266
1267
1267
1267
1267
1268
1268
1268
1268
1268
1268
1268
1269
1269
1269
1269
1269
1269
1270
1270
1270
1270
1271
1271
1271
1271
1271
1271
1271
1272
1272
1272
1272
1272
1272
1272
1273
1273
1273
1273
1274
1274
1274
1274
1275
1275
1275
1275
1276
1276
1276
1276
1276
1276
1276
1277
1277
1277
1277
1277
1278
1278
1278
1278
1278
1278
1279
1279
1279
1279
1279
1279
1279
-1
-1
-1
-1
-1
1280
1280
1280
1280
1281
1281
1281
1281
1282
1282
1282
1282
1282
1282
1282
1283
1283
1283
1283
1283
1283
1283
1284
1284
1284
1284
1284
1285
1285
1285
1285
-1
1286
1286
1286
1286
1287
1287
1287
1287
1288
1288
1288
1288
1289
1289
1289
1289
1290
1290
1290
1290
1291
1291
1291
1291
1292
1292
1292
1292
1293
1293
1294
1294
1294
1294
1295
1295
1295
1295
-1
1296
1296
1296
1297
1297
1297
1298
1298
1298
1299
1299
1299
1299
36
1300
1300
1300
1300
1300
1301
888
888
888
888
888
888
1302
1302
1302
1302
1302
1302
1302
1303
1303
1303
1303
1303
1303
1303
1304
1305
157
157
1306
1306
1306
511
-1
1307
1307
1307
1307
1307
1307
1307
1308
1308
1308
1308
1308
1308
1309
1309
1309
1309
1310
1310
-1
1311
1311
57
1312
1312
1313
1313
1313
-1
1314
1314
1314
-1
-1
380
1315
1315
1315
1315
1315
1315
1315
-1
1316
1316
1316
-1
1317
1317
1317
1317
1317
1317
1317
1317
1318
1318
1318
1318
1318
1318
1318
-1
1319
1319
1319
1320
1320
1320
1320
1320
1320
1320
-1
584
584
584
-1
1321
1321
1321
1322
1322
1322
1322
1322
1322
1322
1323
1323
1323
1323
1323
1323
1323
1324
1324
1324
1324
1324
1324
1324
1325
1325
1325
1325
1325
1325
1325
1325
1326
1326
1326
1326
1326
1326
1326
1327
1327
1327
1327
1327
-1
1328
1328
1328
-1
1329
1329
1329
-1
1330
1330
1330
-1
1331
1331
1331
-1
1332
1332
-1
1333
1333
1333
-1
-1
-1
1410
-1
1334
1334
1334
-1
1335
648
648
-1
1336
1336
1336
1337
1337
1337
1337
1337
1337
1337
1338
1338
1338
1339
1339
-1
-1
-1
1340
1340
1340
1341
1341
1341
1341
1341
1341
1341
-1
1342
1342
1342
1342
1342
1343
1343
1343
1343
1343
1343
1343
1344
1344
1344
1344
1344
1344
-1
1345
1345
1345
1346
1346
1346
1346
1346
1347
1347
1347
1347
1347
1347
1347
1348
1348
1348
1348
1348
1348
1348
1349
1349
1349
1349
1349
1349
1349
1350
1351
1351
1351
-1
1352
1352
1352
-1
1353
1353
1353
1354
1355
1355
-1
1356
1356
1356
-1
1357
1357
1357
-1
1358
1335
648
-1
-1
1359
1359
-1
1360
181
181
-1
1361
1361
1361
-1
1362
1362
1362
-1
1363
1363
1363
-1
1364
1364
1364
-1
1365
1365
1365
1366
1366
1366
1366
1366
1366
1366
-1
1367
1367
1367
-1
1368
1368
1368
1369
1369
1369
1369
1370
1370
1370
1370
1370
1370
1371
1371
1371
1371
1371
1371
1372
1372
1372
1372
1373
1373
1373
1373
1373
1373
1373
-1
-1
1374
1374
1374
-1
1375
1375
1375
1376
1377
1377
1377
1378
1378
1378
1378
1378
1378
1378
1379
1380
1380
1380
-1
1381
1381
1381
1382
1382
1382
1382
1383
1383
1383
1383
1384
1384
1384
1384
1384
1384
-1
1385
1385
1385
1386
1354
1387
1387
1387
1387
1388
1388
1388
1388
1388
1388
1389
1389
1389
1389
1389
1389
1389
1390
1390
1390
1390
1390
1390
1390
1391
1391
1391
1391
1391
1391
-1
1392
1392
1392
-1
1393
1393
1393
1394
1394
1394
1394
1394
1394
1394
1395
1395
1395
1395
1395
1395
1395
1396
1396
1396
1396
1397
1397
1397
1397
1398
1398
1398
1398
1398
1399
1399
1399
1399
1400
1400
1400
1400
-1
-1
1401
1401
1401
1402
1402
1402
1402
-1
1403
1403
1404
1404
1404
1404
1405
1405
1405
1406
1406
1406
1406
1406
1406
1407
1407
1407
1407
1407
1407
1407
-1
1408
1408
1408
1409
1409
1409
1409
1410
1410
1410
1410
1410
1410
1410
-1
1411
1411
1411
1412
1412
1412
1412
1413
1413
1413
1414
1414
1414
1414
-1
1415
1415
1415
1416
1416
1416
1417
1417
1417
1417
-1
1418
1418
1418
1419
1419
1419
1419
1419
1420
1420
1420
1420
1420
1420
1420
1421
1421
1421
1421
1421
1421
1422
1422
1422
1422
1422
1422
1422
1423
1423
1423
1423
1423
1424
1424
1424
1424
-1
-1
-1
1425
1425
1426
1426
1426
1426
1426
1426
1427
1427
1427
1427
1428
1428
1428
1428
1428
-1
-1
1429
1429
1429
-1
1430
1430
1430
-1
1431
1431
1431
-1
1432
1432
1432
-1
1433
1433
1433
1434
1434
1434
-1
1435
1435
1435
-1
1436
1436
1436
-1
1437
1437
1437
-1
740
740
740
-1
1438
1438
1438
1439
1439
1439
1439
1439
-1
1440
1440
1440
1441
1442
1442
1442
-1
1443
1443
1443
1444
1444
-1
1445
1445
1445
-1
1446
1446
1446
-1
1447
1447
1447
1448
1448
1448
1448
1449
1449
1449
1449
-1
1450
1450
1450
-1
1451
1451
1451
1452
1452
1452
1452
1452
1452
1452
1453
1453
1453
1453
1453
1454
1454
1454
1454
1454
1454
1454
-1
1455
1455
1455
-1
1456
1456
1456
1457
1457
1457
1457
1457
1457
1457
1457
-1
1458
1458
1458
1458
1458
1458
1458
1459
1459
1459
1459
1459
1459
1460
1460
1460
1460
1460
1460
1460
1461
1461
839
839
1462
1462
1462
1463
1463
1463
1463
1464
1464
1464
1464
1464
1464
1464
-1
-1
1465
1465
1465
1466
1466
1466
1466
1466
1466
1466
1467
1467
494
494
1468
1468
1469
1469
1469
1469
1470
1471
1471
1471
1471
1471
1472
1472
1472
1472
1472
1473
1473
1473
1473
1474
460
460
460
1475
1475
206
206
1476
1476
1476
1476
1477
1477
1477
1477
1478
1478
1478
1479
1479
1479
1479
1479
1480
1480
1480
1480
-1
1481
1481
1481
1481
1482
1482
1482
1482
1483
1483
1483
1483
1484
1484
1484
1484
1484
-1
1485
1485
1485
-1
1486
1486
1486
-1
1487
1487
1487
-1
1488
1488
1488
-1
1489
1489
1489
1490
1490
1490
1490
1491
1491
1491
-1
1492
1492
1492
-1
1493
1493
1493
1494
1494
1494
1494
1494
1494
1494
-1
1495
1495
1495
-1
1496
1496
1496
1497
1497
1497
1497
1497
-1
1498
1498
1498
1499
1500
1500
1500
-1
1501
1501
1502
1502
1502
1502
1502
1502
-1
1503
1503
-1
1504
1504
1504
1504
-1
1505
1505
201
-1
1506
1506
-1
1507
1507
1507
-1
1508
1508
1509
1509
1509
1509
1509
1509
-1
-1
-1
892
892
-1
1510
1510
1510
1511
1511
1511
1511
1511
1512
1512
1512
1512
1512
1512
1512
1513
1513
1513
1513
1513
-1
1514
1514
1514
1514
1514
1514
1514
-1
-1
1515
1515
-1
1516
1516
1516
-1
1517
1517
1517
-1
1518
1518
1518
1519
1519
1519
1520
1520
1520
-1
1521
1521
1521
1522
1522
1522
1522
1522
1522
-1
1523
1523
1523
1524
1524
1524
1524
1524
1524
1525
1525
1525
1525
1525
-1
1526
1526
1526
1527
1527
1527
1527
1527
1527
1528
1528
1528
1528
1528
1528
1528
1529
1529
1529
1529
1530
1530
1530
1530
1531
1531
1531
1531
1532
1532
1532
1533
1533
1533
1533
1534
1534
1534
1534
1535
1535
1535
1535
1536
1536
1536
1536
1536
1536
1536
1537
1376
1376
1376
1538
1538
1538
1538
1539
1539
1539
1539
1540
1540
1540
1540
1540
1541
1541
1541
1541
1541
1541
1541
1542
1542
1542
1542
1542
1542
1542
1543
1543
1543
1543
1544
1544
1544
1544
1545
1545
1545
1545
1545
1546
1546
1546
1546
1546
1546
1546
1547
1547
1547
1547
1547
1547
1548
1548
1548
1548
1549
1549
1550
1550
1550
1550
1550
1550
1550
1551
1551
1551
1551
1551
1551
1551
1552
1552
1552
1552
1552
1552
1552
1553
1553
1553
1553
1554
1554
1554
1554
1555
1555
1555
1555
1556
281
281
281
281
281
1557
1557
1557
1557
1558
1558
1558
1559
1559
1559
1560
1560
1560
1560
1560
1560
1560
1560
1561
1561
1561
1561
1561
1561
1561
1562
1562
1562
1562
1563
848
848
848
1564
1564
1564
1564
-1
1565
1565
1565
1565
1566
1566
1566
1566
1567
1567
1567
1567
1567
1567
1567
1568
1568
1568
1568
1568
1568
1569
1569
1569
1569
1569
1570
1570
1570
1570
1571
1571
1571
1572
1572
1572
1572
1573
1573
1573
1573
1574
1574
1574
1574
1575
1575
1575
1575
1576
1576
1576
1576
1577
1577
1577
1577
-1
1578
1578
1578
1578
1578
1578
1578
1579
-1
1580
1580
1580
1580
1580
-1
1581
1581
1581
1582
1582
1582
1582
1583
1583
-1
1584
1584
1584
-1
1585
1585
1585
1586
1587
1587
1587
-1
1588
1588
1588
-1
1589
1589
1589
1590
1590
1590
1590
-1
1591
1591
1591
-1
1592
1592
1592
1593
1593
1593
1593
1593
1593
1593
-1
1594
1594
1594
1595
1595
1595
1595
1595
-1
1596
1596
1596
1597
1597
1597
1597
1597
1597
1597
1598
1598
1598
1598
1598
1598
1599
1599
1600
1600
-1
1601
1601
1601
-1
1602
1602
1602
-1
1603
1603
1603
-1
1604
1604
1605
1605
1605
1606
1606
1606
1606
-1
1607
1607
1607
1608
1608
1608
1608
1608
1608
1608
1609
1609
1609
1609
1609
1609
1609
1609
-1
1610
1610
1610
-1
-1
1611
1611
-1
1612
1612
1612
1612
1612
1612
1613
-1
1614
1614
1615
1615
1615
1615
1615
1615
1615
1616
1616
1616
1616
1616
1616
1616
1617
1617
1617
1617
1617
1617
1618
1618
1618
1618
1618
1618
1619
1619
1619
1619
1619
1619
1619
1620
1620
1620
1621
1621
1621
1621
1621
1622
1622
1622
1622
1622
1623
1623
1623
1623
1624
1624
1624
1624
1625
1625
1625
1625
1626
1626
1626
297
1627
1627
1627
1628
1628
1628
1628
1628
1629
1629
1523
1523
1630
1630
1630
1631
1631
1631
152
1632
1632
1632
1632
1633
1633
1633
1633
1634
1634
1496
1496
1635
1635
1635
1635
1636
1636
1636
1636
1637
1637
1637
1637
1638
1638
1638
1638
1639
1639
1639
1639
1639
1639
1639
1640
1640
1640
1640
1640
1640
1640
1641
1641
1641
1641
1641
1642
1642
1642
1642
1642
1642
1642
1643
1643
1644
1644
1645
1645
1645
1645
1646
1646
-1
1647
1647
1647
1647
1648
1648
1648
1648
1648
1648
1648
1649
1649
1649
1649
1649
1649
1650
1650
1650
1650
1650
1651
1651
1651
1651
1652
1652
1652
1652
1653
111
111
111
1654
35
35
35
1655
1655
1655
1655
1655
1655
1655
1656
1656
1656
1656
1656
1656
1656
1657
1657
1657
1657
1658
1658
1658
1658
1659
1659
1659
1659
1660
1660
1660
1660
1661
1661
1661
1661
1662
1662
1662
1662
1663
1663
1663
1663
1664
1664
1664
1664
1665
1665
1665
1665
1665
1665
1665
1666
1666
1666
1666
1667
1667
1667
1667
1668
1668
1668
1668
1669
1669
1669
1669
1670
1670
1670
211
1671
1671
1671
1671
1672
1672
1672
1673
1673
1673
1674
1674
1674
1675
1675
1675
1675
1676
1676
1676
1676
1677
1677
1677
1677
1678
1678
1678
1678
1679
1679
1679
1679
1679
1680
1680
1680
1680
1680
1680
1680
1681
1681
1681
1682
1682
1682
1683
1683
1683
1683
1683
1683
1684
1684
1684
1684
1684
1685
1685
1685
1685
1686
1686
1686
1686
1687
1687
1687
1687
1687
1688
1688
1688
1688
1688
1688
1688
1689
1689
1689
1689
1690
1691
1691
1604
-1
-1
1692
1692
1692
1693
1693
1693
1693
1693
1694
1694
1694
1694
1694
1694
-1
1695
1695
1579
-1
1696
1696
1696
1697
1697
1697
1697
1697
1697
1697
1697
1698
1698
1698
1699
1699
1699
-1
1700
1700
1700
-1
1701
1701
1701
-1
1702
1702
1702
1703
1703
1703
1703
1703
1703
1703
1704
1704
1704
1704
1704
1705
1705
1705
1705
1706
1706
1706
1706
1706
1706
1707
1707
1707
1707
1707
1707
-1
1708
1708
1708
-1
1709
1709
-1
1710
1710
1710
1711
1711
1711
1711
1711
1711
1711
1712
1712
-1
1713
1713
1713
1714
1714
1714
1714
1715
1715
1715
1715
1716
1716
1716
1716
1716
1716
1716
1717
1717
1717
1717
1717
1717
1717
-1
1718
1718
1718
-1
1719
1719
1719
1719
1720
1720
1720
1720
1720
1720
1720
1721
1721
1721
1721
1722
59
1723
1723
1723
1723
1723
1723
1723
1723
1724
1724
1724
1724
-1
1725
1725
1725
1726
1726
1726
1726
1727
1727
1727
1727
1727
1727
1727
1728
1728
1729
1729
1729
1729
1729
1730
1730
1730
1730
1731
1731
1731
1731
1732
747
747
747
1733
1733
1733
1733
1734
1734
1734
1734
1735
1735
1735
1735
1735
1735
1735
1736
1736
1736
1736
1736
1736
1736
1737
1737
1737
1737
1737
-1
1738
1738
1738
1739
1739
1740
1740
1740
1740
1740
1740
1740
1741
1741
1741
-1
1742
1742
1742
-1
1743
1743
1743
-1
1744
1517
1517
1745
1745
1745
1745
1745
1745
1745
1745
1746
1746
1746
1746
-1
1747
1747
1747
-1
1748
1748
1748
-1
1749
1749
1749
-1
1750
1750
1750
1751
1751
1751
1751
1752
1752
1752
1752
1753
1753
1753
1753
1753
1753
1754
1754
1754
1754
1754
1755
1755
1755
1755
1756
1756
1756
1756
1757
1757
1757
1757
1757
-1
1758
652
652
1759
1759
1759
1759
1759
1759
1760
1760
1760
1760
1760
1760
1761
1761
1761
1761
1761
1761
1761
1761
1762
1762
1762
1763
1763
1763
1763
1763
1763
-1
1764
1764
1764
1764
1765
208
208
208
1766
1766
1766
1766
1767
1767
1767
201
1768
1768
1768
1768
1768
1768
1768
1769
1769
1769
1769
1769
1769
1769
1770
1770
1770
1770
1770
1770
1770
1771
1771
1771
1771
1771
1771
1772
1772
1772
1772
1773
1773
1773
1773
1774
1774
1774
1774
1775
1775
1776
1776
1776
1776
1776
1776
1776
1776
1777
1777
1777
1777
1777
1777
1777
1777
-1
1778
1778
1778
1778
1778
