0
0
0
0
1
1
1
2
2
2
2
3
3
3
3
3
4
4
4
4
5
5
5
5
6
6
6
6
7
7
7
7
8
8
8
8
9
9
9
9
10
10
10
10
10
11
11
11
11
11
11
11
12
12
12
12
12
12
13
13
13
13
14
14
14
14
15
15
15
15
16
16
16
16
17
17
17
17
17
17
18
18
-1
19
19
19
19
20
20
20
20
-1
-1
-1
-1
21
21
21
21
22
22
22
22
23
23
23
23
24
24
24
24
25
-1
-1
-1
26
26
26
26
27
25
25
25
28
28
28
28
29
-1
30
30
30
30
31
31
31
31
31
31
32
32
32
33
33
33
33
33
33
33
34
34
34
34
35
35
35
35
36
36
36
36
37
37
37
37
37
37
37
38
38
38
38
39
39
40
40
40
41
41
42
42
42
42
42
43
43
43
43
44
44
44
44
44
44
44
45
45
45
46
46
46
47
47
47
47
48
48
48
48
49
49
49
49
50
50
50
50
51
51
51
51
51
51
51
52
52
52
52
52
53
53
53
54
54
54
-1
-1
55
55
55
55
-1
56
56
56
57
57
57
57
57
57
58
58
58
58
-1
59
59
60
60
60
60
61
61
61
61
62
62
62
62
62
63
63
63
63
-1
64
64
64
-1
65
65
65
66
66
66
66
-1
67
67
67
68
68
68
68
69
69
69
-1
70
70
70
-1
71
71
71
-1
72
72
72
-1
73
73
73
-1
74
74
75
75
75
75
75
75
76
76
76
76
76
76
76
-1
77
77
77
78
78
78
78
78
78
79
79
79
79
79
79
-1
80
80
80
-1
81
81
81
-1
82
82
82
83
83
83
83
84
84
84
84
84
85
85
85
85
85
85
85
86
86
86
86
87
87
87
87
88
88
88
88
88
88
88
-1
89
89
89
90
90
90
90
91
91
92
92
92
92
92
92
92
93
93
93
93
93
93
93
-1
-1
94
94
95
95
95
95
95
95
95
96
96
97
97
97
98
98
98
98
99
99
99
99
100
100
100
100
101
101
101
101
102
102
102
102
-1
-1
-1
103
103
104
104
104
-1
105
105
105
-1
106
106
106
-1
107
107
107
108
108
108
108
-1
109
109
109
110
110
110
110
110
-1
111
111
111
-1
112
112
112
-1
113
113
113
114
114
114
114
114
114
114
114
-1
115
115
115
-1
116
116
116
117
117
117
117
117
117
117
118
118
119
119
119
119
119
119
119
120
120
120
120
121
121
-1
122
122
122
122
123
123
123
123
124
124
124
124
124
124
124
-1
125
125
125
126
126
126
126
126
126
126
127
127
127
127
127
128
128
128
128
128
129
129
129
129
130
130
130
130
130
130
130
131
131
-1
132
132
132
132
133
133
133
134
134
134
-1
135
135
135
136
136
136
136
137
137
137
137
137
137
137
-1
138
138
138
139
139
139
140
140
140
-1
141
141
141
-1
142
142
142
143
143
143
143
144
144
144
-1
145
145
145
146
146
146
146
147
147
147
147
147
-1
148
148
148
-1
-1
149
149
-1
150
150
150
151
151
151
151
151
151
151
152
152
152
152
152
153
153
153
153
153
153
153
154
154
154
154
155
155
155
156
156
156
157
157
157
157
157
157
157
158
158
158
158
158
158
-1
159
159
159
160
160
160
161
161
161
-1
162
162
162
163
163
163
-1
164
164
164
-1
165
165
166
166
167
167
167
167
167
168
168
168
168
168
169
169
169
169
170
170
171
171
172
172
172
172
172
172
172
173
173
173
173
173
173
173
174
174
174
174
175
175
175
175
176
176
176
177
177
177
177
177
177
177
178
178
178
178
179
179
179
179
179
179
179
180
180
180
180
-1
181
181
181
181
182
182
183
183
183
183
183
183
183
184
184
184
184
184
185
185
185
185
185
186
186
186
186
186
186
186
187
187
187
187
187
187
187
188
188
188
189
189
189
189
189
189
190
190
190
190
191
191
191
192
192
192
192
192
192
193
193
194
194
194
194
195
195
195
195
195
195
196
196
196
196
197
197
197
197
197
197
198
198
198
198
198
198
199
199
199
199
199
200
200
200
200
201
201
201
201
202
202
202
202
202
203
203
203
203
203
204
204
204
204
204
204
204
205
205
205
205
205
205
205
206
206
206
206
206
206
207
207
207
208
208
209
209
209
209
210
210
210
210
211
211
211
211
212
212
212
212
213
213
213
213
214
214
214
214
215
215
215
215
216
216
216
216
217
217
217
217
-1
218
218
218
-1
219
219
219
-1
220
220
220
221
221
221
221
222
222
223
223
223
223
223
223
223
224
224
224
224
-1
225
225
225
225
225
225
225
226
226
226
226
226
226
226
-1
-1
227
227
227
227
228
228
228
228
228
228
228
229
229
229
229
229
230
230
230
230
-1
231
231
231
232
232
232
232
233
233
233
-1
234
234
234
235
235
235
235
235
235
236
236
236
236
237
237
237
237
237
237
237
238
238
238
238
238
238
238
239
239
239
239
240
240
240
240
241
241
241
241
241
241
241
242
242
242
242
242
242
242
243
243
244
244
244
244
245
245
245
245
246
246
246
246
246
246
246
247
247
247
247
248
248
248
248
249
249
-1
250
250
250
250
250
250
250
250
251
251
251
251
252
252
252
252
252
252
252
253
253
253
253
254
254
254
254
255
255
255
255
256
256
256
256
256
256
256
257
257
257
257
257
-1
258
258
258
258
258
259
259
259
259
260
260
260
260
261
261
261
261
261
261
262
262
262
262
263
263
263
263
263
263
263
-1
264
264
264
264
264
264
265
265
265
265
-1
266
266
266
266
266
267
267
267
268
268
268
268
269
269
269
269
269
269
269
-1
-1
270
270
271
271
271
271
271
271
271
-1
-1
272
272
273
273
273
273
273
273
273
274
274
274
274
274
275
275
275
275
275
275
276
276
276
276
276
276
-1
277
277
277
-1
278
278
278
279
279
279
279
279
280
280
280
281
281
281
281
282
282
282
282
282
-1
283
283
283
283
284
284
284
285
285
285
286
286
286
286
287
287
287
287
287
287
288
288
288
288
289
289
289
289
289
289
289
290
290
290
290
291
291
291
-1
292
292
292
293
293
293
293
293
293
294
294
294
294
294
294
294
295
295
295
295
295
296
296
296
296
296
296
296
297
297
297
297
297
298
298
298
298
298
298
298
299
299
299
299
299
299
299
-1
300
300
300
301
302
302
302
303
303
303
303
303
303
303
304
304
304
304
304
304
304
305
305
305
305
305
306
306
306
306
306
306
-1
307
307
307
-1
308
308
308
-1
309
309
309
310
310
310
310
311
311
311
311
311
311
311
312
312
312
312
312
312
312
313
313
313
313
313
313
313
-1
314
314
314
-1
315
315
315
316
316
316
316
317
317
317
317
-1
-1
318
318
-1
319
319
319
-1
320
320
320
321
321
321
321
321
322
322
322
322
-1
323
323
323
324
324
324
324
325
325
325
325
326
326
326
326
327
327
327
327
327
327
328
328
328
328
329
329
329
-1
330
330
330
331
331
331
331
331
332
332
332
332
332
332
332
-1
333
333
333
-1
334
334
334
-1
335
335
335
-1
336
336
336
337
337
337
337
-1
338
338
338
-1
339
339
339
-1
340
340
340
-1
341
341
341
-1
342
342
342
-1
343
343
343
-1
344
344
344
345
345
345
345
345
345
345
346
346
346
346
346
346
346
347
347
347
348
348
348
-1
349
349
349
-1
350
350
350
-1
351
351
351
352
352
352
352
352
353
353
353
353
353
353
354
354
354
354
354
354
354
355
190
190
190
356
356
356
356
356
356
356
357
357
357
358
358
358
359
359
359
359
360
360
360
360
360
360
360
-1
361
361
361
-1
362
362
362
-1
363
363
363
-1
364
364
364
-1
365
365
365
366
366
366
366
366
367
367
367
367
367
367
367
368
368
368
368
368
368
368
368
369
369
369
369
369
369
370
370
370
370
-1
371
371
371
372
372
372
372
-1
373
373
373
373
374
374
374
374
375
375
375
376
376
376
376
377
377
377
377
377
378
378
378
378
379
379
379
379
379
379
379
379
-1
-1
-1
-1
380
380
380
380
380
380
380
380
-1
381
381
381
382
382
382
382
382
382
382
-1
383
383
383
-1
384
384
384
385
385
385
385
-1
386
386
387
387
387
388
388
388
389
389
389
389
390
390
390
390
390
390
390
391
391
391
391
391
391
391
-1
392
392
392
-1
393
393
393
394
394
394
395
395
395
395
396
396
396
396
397
397
397
397
397
397
398
398
398
398
398
398
398
399
399
399
400
400
400
400
400
400
-1
-1
25
-1
401
401
401
401
401
-1
402
402
402
-1
-1
403
403
-1
404
404
405
405
405
405
405
405
405
406
406
406
406
407
407
407
407
407
407
407
408
408
408
408
-1
409
409
409
410
410
410
410
410
410
410
411
411
411
411
412
412
412
412
413
413
413
413
414
414
414
414
414
414
415
415
415
415
415
415
415
416
416
416
416
416
416
416
417
417
417
418
418
418
418
419
419
419
419
420
420
420
420
421
421
421
421
421
421
421
422
422
422
422
422
422
423
423
423
423
423
423
423
424
424
424
424
-1
425
425
425
425
425
425
425
426
426
426
426
427
427
427
427
-1
428
428
428
-1
429
429
429
-1
430
430
430
-1
-1
431
431
-1
-1
432
432
-1
-1
433
433
433
433
433
433
434
434
434
434
434
434
434
-1
-1
435
435
-1
-1
436
436
-1
437
437
-1
438
438
438
439
439
439
439
439
-1
440
440
440
-1
441
441
441
-1
442
442
442
-1
-1
443
443
444
444
444
444
444
445
445
445
445
445
445
445
446
446
446
446
446
446
