-1
800
-1
-1
-1
-1
0
0
0
-1
1
1
1
-1
2
2
2
-1
3
3
3
-1
4
4
4
-1
5
5
5
6
6
6
6
6
6
-1
7
7
7
-1
-1
8
8
8
-1
9
9
9
-1
10
10
10
-1
11
11
11
12
12
12
12
12
12
12
-1
13
13
13
-1
14
14
14
-1
15
15
15
-1
-1
16
16
16
17
17
18
18
18
-1
19
19
19
-1
20
20
20
-1
21
21
21
-1
22
22
22
-1
23
23
23
-1
24
24
24
-1
-1
-1
-1
25
25
25
-1
26
25
25
-1
-1
-1
-1
-1
-1
27
27
27
-1
28
28
28
-1
29
29
29
30
30
30
30
30
30
30
31
31
31
31
32
32
32
32
33
33
33
33
34
34
34
34
34
34
35
35
35
35
35
35
35
36
36
36
36
36
36
36
37
37
37
37
37
37
37
38
38
38
38
38
38
-1
39
39
39
-1
40
40
40
-1
-1
41
41
42
42
42
42
42
43
43
43
44
44
44
44
44
44
44
45
45
45
45
45
45
46
46
46
46
-1
-1
47
47
-1
48
48
48
49
49
49
49
49
-1
50
50
50
50
50
50
51
51
51
-1
52
52
52
-1
-1
53
53
-1
54
54
54
55
55
55
55
55
55
55
-1
56
56
56
-1
57
57
57
-1
-1
58
58
58
58
58
58
59
59
59
59
60
60
61
61
61
61
62
62
62
62
63
63
63
63
63
64
64
64
64
65
65
65
65
66
66
66
66
66
67
67
67
67
67
67
67
68
68
68
68
69
69
69
69
69
69
69
70
70
70
70
70
70
70
71
71
71
71
71
-1
-1
-1
-1
-1
-1
72
72
-1
73
73
73
73
73
-1
-1
-1
-1
74
74
74
74
74
74
74
75
75
75
75
-1
76
76
76
-1
77
77
77
78
78
79
79
79
-1
80
80
80
81
81
81
81
81
81
81
82
82
82
82
82
82
82
83
83
83
83
83
83
83
84
84
84
84
85
85
85
85
86
86
86
86
87
87
-1
88
88
88
88
89
89
89
89
90
90
90
90
-1
91
91
91
-1
92
92
92
93
93
93
94
94
94
95
95
95
95
96
96
96
96
97
97
97
97
98
98
98
98
99
99
99
99
100
100
100
100
101
101
-1
102
102
102
102
102
103
103
103
103
104
104
104
104
105
105
105
105
106
106
106
106
106
107
107
107
107
108
108
108
108
109
109
109
109
110
110
110
110
111
111
111
111
112
112
112
112
113
113
-1
114
114
114
114
114
114
114
115
115
115
115
115
115
115
116
116
116
116
116
116
116
117
117
117
117
118
118
118
118
119
119
119
119
119
119
119
-1
120
120
120
121
121
121
121
122
122
122
122
123
123
123
123
124
124
124
124
125
125
125
125
126
126
126
126
127
127
127
127
128
128
128
128
129
129
129
129
130
130
130
130
131
131
131
131
131
131
131
132
132
132
132
133
133
133
133
134
134
134
134
134
134
134
135
135
135
135
135
135
135
136
136
136
136
137
137
137
137
138
138
138
139
139
139
-1
140
140
140
141
141
141
141
141
142
142
142
142
143
143
143
143
143
143
143
144
144
144
144
145
145
145
145
146
146
146
146
147
147
147
147
148
148
148
149
149
149
150
150
150
151
151
151
151
152
152
152
152
152
152
153
153
153
153
153
154
154
154
154
155
155
155
155
156
156
156
156
157
157
157
157
-1
158
158
158
-1
159
159
159
159
159
159
-1
160
160
160
161
161
161
161
162
162
162
162
162
162
162
163
163
163
163
163
163
163
164
164
164
164
164
164
164
165
165
165
165
165
165
165
166
166
167
167
167
-1
168
168
168
168
168
168
168
-1
169
169
169
-1
170
170
170
171
171
171
171
171
-1
-1
-1
-1
-1
-1
172
172
172
172
-1
173
173
173
-1
174
174
174
-1
175
175
175
176
176
176
176
177
177
177
177
178
178
178
178
178
178
178
179
179
179
179
179
179
179
180
180
180
180
180
180
181
181
181
181
181
181
182
182
-1
183
183
183
183
183
183
183
184
184
184
184
184
184
184
185
185
185
185
185
185
185
-1
186
186
186
-1
187
187
187
188
188
188
188
188
189
189
189
189
190
190
190
190
191
191
191
191
191
191
191
-1
192
192
192
-1
193
193
193
194
194
194
194
195
195
196
196
196
197
197
197
197
198
198
198
198
199
199
199
199
200
200
200
200
201
201
201
201
202
202
203
203
203
203
203
203
203
204
204
204
204
204
205
205
205
205
205
-1
206
206
206
207
207
207
207
-1
-1
-1
208
208
208
-1
209
209
210
210
210
210
210
210
210
211
211
211
211
212
212
212
212
213
213
213
213
213
213
213
214
214
214
214
214
214
215
215
215
215
215
215
215
216
216
216
216
216
216
216
217
217
217
217
218
218
218
218
219
219
219
219
220
220
220
220
221
221
221
221
222
222
222
223
223
223
223
223
223
223
224
224
224
224
224
224
225
225
225
225
225
225
225
226
226
226
226
226
226
226
227
227
227
227
227
227
227
228
228
228
228
228
228
228
-1
229
229
229
229
229
229
229
230
230
230
231
231
231
231
231
231
232
232
232
232
232
232
233
233
233
233
233
233
233
234
234
234
234
234
-1
235
235
235
236
236
236
236
237
237
237
-1
238
238
238
-1
239
239
239
240
240
240
240
-1
241
241
241
-1
242
242
242
-1
243
243
243
244
244
244
245
245
245
245
245
245
245
246
246
246
246
246
247
247
248
248
248
248
248
248
248
249
249
249
249
-1
250
250
250
-1
251
251
251
-1
-1
252
252
252
-1
253
253
253
-1
254
254
254
-1
255
255
255
-1
256
256
256
257
257
257
257
257
258
258
258
258
258
-1
259
259
259
260
260
260
260
260
260
260
261
261
261
261
261
261
-1
262
262
262
-1
263
263
263
264
264
264
264
264
265
265
266
266
266
-1
267
267
267
-1
268
268
268
269
269
269
269
269
269
269
270
270
270
270
271
271
271
271
271
-1
272
272
272
272
272
273
273
273
274
274
274
275
275
275
275
275
275
275
275
-1
276
276
276
-1
277
277
277
-1
278
278
279
279
279
279
279
279
279
280
280
281
281
281
-1
282
282
282
283
283
283
283
283
283
283
284
284
284
284
284
284
284
-1
-1
285
285
285
286
286
287
287
287
287
287
287
287
288
288
288
288
288
288
288
289
289
289
289
289
-1
290
290
290
-1
291
291
291
292
292
292
293
293
293
293
293
-1
294
294
294
295
295
295
-1
296
296
296
-1
297
297
297
-1
298
298
298
-1
299
299
299
-1
300
300
300
-1
301
301
301
302
302
302
303
303
303
303
-1
304
304
304
-1
305
305
305
306
306
306
306
306
-1
307
307
307
-1
308
308
308
309
309
309
309
310
310
311
311
312
312
312
312
313
313
313
313
313
313
313
314
314
314
314
-1
315
315
315
316
316
316
316
316
317
317
317
317
317
-1
318
318
318
319
319
319
319
319
319
319
320
320
320
320
320
320
320
321
321
321
321
-1
322
322
322
-1
323
323
323
-1
324
324
324
325
325
325
-1
326
326
326
326
-1
327
327
327
-1
328
328
328
-1
329
329
329
330
330
330
331
331
331
331
332
332
-1
333
333
333
333
333
334
334
334
334
-1
335
335
335
336
336
336
336
336
336
336
337
337
337
337
337
337
338
338
338
339
339
339
339
340
340
340
340
340
340
340
-1
341
341
341
-1
342
342
342
-1
343
343
343
344
344
344
344
344
344
344
345
345
345
345
346
346
346
346
347
347
-1
-1
348
348
348
-1
349
349
349
-1
350
350
350
351
351
351
352
352
352
352
-1
353
353
353
-1
354
354
354
355
355
355
355
355
-1
356
356
356
-1
357
357
357
358
358
358
358
-1
359
359
359
-1
360
360
360
-1
-1
-1
361
361
361
361
-1
362
362
362
363
363
363
363
364
364
364
-1
365
365
365
366
366
366
366
366
366
367
367
367
367
367
367
367
368
368
368
368
368
368
368
-1
369
369
369
-1
370
370
370
-1
-1
371
371
371
372
372
372
372
372
372
372
373
373
373
-1
374
374
374
375
375
375
375
376
376
376
-1
377
377
377
378
378
378
378
-1
379
379
379
-1
380
380
380
381
381
381
382
382
382
382
382
382
382
383
383
383
383
383
383
383
384
384
384
384
385
385
385
385
386
386
386
386
387
387
387
387
387
387
387
388
388
388
388
389
389
389
389
390
390
390
390
391
391
391
391
392
392
392
392
393
393
393
393
394
394
394
394
395
395
395
395
396
396
396
396
396
396
397
397
397
397
397
397
398
398
398
398
399
399
399
399
399
399
399
399
400
400
400
400
400
400
400
401
401
401
401
402
402
402
402
403
404
404
404
404
404
405
405
405
406
406
406
406
407
407
408
408
408
408
408
408
408
-1
409
409
409
410
410
410
410
410
410
-1
411
411
411
-1
412
412
412
-1
413
413
413
414
414
414
414
414
414
415
415
415
415
415
415
416
416
416
416
416
416
416
-1
-1
417
417
417
418
418
418
418
418
418
418
419
419
419
419
419
419
419
420
420
420
420
420
-1
-1
421
421
421
422
422
422
422
-1
423
423
423
-1
424
424
424
425
425
425
425
425
426
426
426
426
426
426
426
427
427
427
427
427
427
427
428
428
428
428
429
429
429
429
430
430
430
430
430
430
431
431
431
431
431
432
432
432
432
433
433
433
433
434
434
434
434
435
435
435
435
436
436
436
436
436
436
437
437
437
14
438
438
438
438
438
438
438
439
439
439
439
440
440
440
440
440
440
440
441
441
441
441
441
441
442
442
442
442
443
443
443
443
444
444
444
444
444
444
444
-1
445
445
445
446
446
446
446
446
447
447
447
447
447
447
447
448
448
448
448
448
448
449
449
449
449
449
449
450
450
450
450
450
450
-1
451
451
451
452
452
452
452
453
453
454
454
454
454
454
454
455
455
455
455
456
456
456
456
456
456
456
457
457
457
457
458
458
458
458
459
459
459
459
459
459
460
460
460
460
-1
461
461
461
-1
462
462
462
-1
463
463
463
463
463
464
464
464
464
465
465
465
465
465
466
466
466
467
467
467
468
468
468
468
468
468
468
-1
-1
469
469
469
470
470
470
470
471
471
471
471
472
472
472
472
473
473
473
473
474
474
474
474
475
475
475
475
475
475
475
476
476
476
476
477
477
477
477
477
477
477
478
478
478
478
478
479
479
479
479
479
479
479
-1
-1
480
480
-1
481
481
481
-1
482
482
482
483
483
483
483
483
483
483
-1
484
484
-1
-1
485
485
-1
-1
486
486
-1
-1
487
487
487
-1
488
489
489
-1
490
490
490
491
491
-1
492
492
492
493
493
493
493
494
494
494
494
495
495
495
495
496
496
496
496
496
496
497
497
497
498
498
498
498
498
498
498
499
499
500
500
500
501
501
501
501
502
502
502
502
503
503
504
504
504
505
505
505
505
505
505
505
505
-1
506
506
506
-1
507
507
507
-1
508
508
508
509
509
509
509
509
509
509
-1
510
510
510
511
511
511
512
512
512
512
512
512
512
-1
513
513
513
514
514
514
515
515
515
515
516
516
517
517
-1
518
518
518
518
518
518
519
519
519
519
519
519
519
520
520
520
520
520
520
521
521
521
521
522
522
522
523
523
523
523
523
523
523
523
524
524
524
524
525
525
-1
-1
-1
526
526
527
527
527
527
528
528
528
528
529
529
529
529
530
530
530
530
530
531
531
531
532
532
532
532
533
533
533
533
534
534
534
-1
535
535
535
-1
536
536
536
-1
537
537
537
538
538
538
538
538
538
539
539
539
539
539
539
540
540
540
540
540
540
540
541
541
136
136
-1
542
542
542
-1
543
543
543
-1
544
544
544
545
545
545
545
545
545
545
-1
546
546
546
547
547
547
547
547
547
547
548
548
548
548
548
548
548
-1
549
549
549
550
550
550
550
550
550
550
550
551
551
551
551
552
552
552
552
553
553
553
553
-1
-1
554
554
554
555
555
555
555
556
556
556
556
557
557
557
557
557
558
558
558
558
558
559
559
559
559
560
560
560
560
561
561
561
561
562
562
562
562
563
563
563
563
564
564
564
565
565
565
565
566
566
566
566
566
566
567
567
567
568
568
568
568
568
568
569
569
569
569
570
570
570
570
571
571
571
571
572
572
572
572
573
573
573
573
574
574
574
574
575
575
575
575
576
576
576
576
577
577
577
577
578
578
578
579
579
579
579
580
580
580
580
580
580
580
581
581
581
581
582
582
582
583
583
583
583
583
583
584
584
584
584
584
584
584
584
585
585
585
585
586
586
586
586
587
587
587
587
587
587
588
588
588
588
589
589
590
590
590
590
591
591
591
591
592
592
592
592
592
592
592
593
593
593
593
593
593
593
594
594
594
594
594
594
595
595
595
596
596
596
596
597
597
597
597
598
598
598
598
599
599
599
599
599
599
599
600
600
600
600
601
601
601
601
601
601
602
602
602
602
602
602
602
603
603
603
604
604
604
604
605
605
605
605
605
605
605
606
606
606
606
607
607
607
607
-1
-1
608
608
608
-1
609
609
609
-1
610
610
610
-1
611
611
-1
612
612
612
613
613
613
613
614
614
614
614
614
614
614
614
-1
615
615
615
616
616
616
616
617
617
617
617
618
618
618
618
618
-1
619
619
619
-1
620
620
620
620
621
621
621
621
-1
622
622
622
623
623
624
624
624
624
625
625
625
625
625
626
626
627
627
627
627
628
628
628
628
628
-1
629
629
629
629
630
630
630
631
631
631
632
632
632
632
-1
633
633
633
634
634
634
634
635
635
635
635
636
636
636
636
637
394
394
394
638
403
403
639
639
639
640
640
640
640
-1
641
641
-1
642
642
642
-1
643
643
643
-1
644
644
644
-1
645
645
645
-1
646
646
646
647
648
648
648
-1
649
649
649
-1
650
650
650
-1
-1
-1
-1
651
651
651
-1
652
652
652
653
442
442
442
654
654
654
655
655
655
655
656
656
656
657
657
-1
658
658
658
-1
659
659
660
660
660
660
661
661
661
-1
662
662
662
663
663
663
663
664
664
664
664
665
665
665
665
665
665
665
666
666
15
15
667
667
667
667
668
668
668
668
668
669
669
669
436
436
436
670
670
671
671
672
672
673
673
673
673
673
673
673
674
674
674
674
674
674
675
675
675
676
676
676
676
676
676
676
677
677
677
677
677
677
677
678
678
678
678
679
679
679
679
679
679
679
680
680
680
680
681
681
682
682
682
682
683
683
683
683
684
684
684
684
685
685
685
685
686
686
686
686
686
686
686
687
687
687
687
687
687
687
688
688
688
688
689
689
689
690
690
690
691
691
691
691
692
692
692
692
693
693
693
694
694
694
694
695
695
695
695
696
696
696
696
697
697
697
697
697
697
697
698
698
698
698
699
699
699
700
700
700
700
700
701
701
702
702
702
702
702
703
703
703
703
704
704
704
704
705
705
705
705
705
705
705
706
706
706
706
706
706
706
707
707
707
707
708
708
708
708
709
709
709
709
709
709
709
710
710
710
710
710
710
711
711
711
711
711
711
711
-1
-1
-1
712
712
712
712
713
713
713
713
714
714
714
714
714
714
714
715
715
715
715
715
716
716
716
716
-1
717
717
717
717
718
718
718
718
719
719
719
719
720
720
720
720
721
721
721
721
722
722
722
722
-1
723
723
723
724
724
724
725
725
725
726
726
726
726
-1
727
727
512
512
512
512
512
728
728
728
728
728
728
728
-1
729
729
729
729
729
729
730
730
730
730
731
731
-1
732
732
732
-1
-1
-1
733
733
733
733
733
733
733
-1
734
734
734
-1
735
735
735
735
735
735
735
735
736
736
736
736
736
736
736
737
737
737
737
737
737
737
-1
738
738
738
739
739
739
739
739
739
739
740
740
740
740
740
740
740
741
741
741
741
741
741
741
741
742
742
742
742
742
742
742
-1
743
743
743
-1
744
744
744
-1
745
745
-1
746
746
746
-1
-1
-1
-1
-1
747
747
747
-1
748
748
748
-1
749
749
749
750
750
750
750
750
750
750
-1
751
751
751
752
752
752
752
752
752
752
753
753
753
753
753
753
753
754
754
754
754
754
754
755
755
755
755
755
755
755
756
756
756
756
756
756
756
-1
757
757
757
-1
758
758
758
-1
759
759
759
-1
760
760
-1
761
761
761
-1
762
762
762
-1
763
748
748
-1
-1
764
764
-1
765
765
765
-1
766
766
766
-1
767
767
767
768
768
768
768
768
768
768
-1
769
769
769
-1
770
770
770
771
771
771
771
772
772
772
772
773
773
773
773
773
773
774
774
774
774
775
775
775
775
775
775
775
776
776
776
776
776
776
776
-1
777
777
777
-1
778
778
778
779
779
779
779
779
779
779
780
780
780
780
781
781
781
781
782
782
782
782
-1
-1
783
783
783
784
784
784
784
-1
785
785
786
786
786
786
786
786
787
787
787
787
787
787
787
-1
788
788
788
789
789
789
789
790
790
790
790
790
790
790
791
791
791
791
792
792
792
792
-1
793
793
793
794
794
794
794
794
794
795
795
795
795
795
795
795
796
796
796
796
796
797
797
797
797
798
798
799
799
799
799
799
799
800
800
800
800
801
801
801
801
801
-1
-1
802
802
802
-1
803
803
803
-1
804
804
804
805
805
805
-1
806
806
806
-1
807
807
807
808
808
808
808
808
-1
809
809
809
-1
810
810
810
-1
811
811
811
812
812
812
812
813
813
813
813
813
813
813
814
814
814
814
814
814
814
-1
815
815
815
816
816
816
816
816
816
816
816
817
817
817
817
817
817
817
818
818
488
488
819
819
819
819
820
821
821
821
821
821
822
822
822
822
823
823
823
125
824
824
824
824
825
825
825
825
825
826
826
826
826
826
-1
827
827
827
-1
828
828
828
-1
829
829
829
-1
830
830
831
831
831
831
831
831
-1
832
832
-1
-1
833
833
833
-1
834
834
-1
835
835
836
836
836
836
836
836
-1
-1
-1
837
837
-1
838
838
838
839
839
839
839
839
840
840
840
840
840
840
840
841
841
841
841
841
-1
842
842
842
842
842
842
842
-1
843
843
843
844
844
844
845
845
845
846
846
846
846
846
846
847
847
847
847
847
-1
848
848
848
849
849
849
849
850
850
850
850
851
851
851
851
852
852
852
853
853
853
853
854
854
854
854
855
855
855
855
855
855
855
856
856
856
856
857
857
857
857
857
858
858
858
858
858
858
858
859
859
859
859
859
859
859
860
860
860
860
861
861
861
861
862
862
862
862
863
863
864
864
864
864
864
864
864
865
166
166
166
166
166
866
866
866
866
867
867
867
867
867
867
867
867
868
868
868
868
869
869
869
869
870
870
870
870
871
871
871
871
871
871
872
872
872
872
873
873
873
873
874
874
874
874
875
875
875
875
876
876
876
876
877
-1
878
878
878
878
878
879
879
879
879
-1
880
880
880
-1
881
881
881
-1
882
882
882
883
883
883
883
883
883
883
-1
884
884
884
885
885
885
885
885
885
885
886
886
887
887
-1
888
888
888
-1
889
889
889
890
890
890
890
891
891
891
891
891
891
891
892
892
892
892
892
892
893
893
893
893
893
893
894
894
894
895
895
895
895
895
896
896
896
896
896
897
897
897
897
898
898
898
898
899
899
899
899
900
900
900
900
901
901
901
902
902
902
902
902
903
903
903
903
904
904
904
905
905
905
905
906
906
906
906
907
907
907
907
908
908
908
908
909
909
909
909
910
910
910
910
911
911
911
911
912
912
912
912
912
912
912
913
913
913
913
913
914
914
914
914
914
914
914
915
915
916
916
917
917
917
917
918
918
-1
919
919
919
919
920
920
920
920
920
921
921
921
921
922
922
922
922
923
923
923
923
923
923
923
924
924
924
924
925
925
925
925
926
926
926
926
927
927
927
927
928
928
928
928
929
929
929
929
930
930
930
930
931
931
931
931
932
932
932
932
933
933
933
934
934
934
934
935
935
935
935
936
936
936
936
936
937
937
937
938
938
938
939
939
939
939
939
939
940
940
940
940
941
941
941
941
941
941
941
942
943
943
943
944
944
944
944
944
945
945
945
945
945
945
-1
946
946
877
947
947
947
948
948
948
-1
949
949
949
950
950
950
950
950
950
950
951
951
951
951
951
952
952
952
952
952
952
953
953
953
953
953
953
-1
954
954
954
955
955
955
955
955
955
955
-1
956
956
956
-1
957
957
957
957
958
958
958
958
958
958
958
958
959
959
959
959
960
960
960
960
960
960
960
961
961
962
962
962
962
963
963
963
963
964
964
964
964
965
965
965
966
966
967
967
967
967
967
967
967
968
968
968
-1
969
969
969
-1
970
970
970
-1
971
971
971
972
972
972
972
972
973
973
973
973
-1
974
974
974
975
975
975
975
975
975
976
976
976
977
977
977
977
977
977
978
978
978
978
979
127
127
127
980
980
980
980
981
981
981
981
981
981
981
982
982
982
982
983
983
983
983
984
984
984
984
985
985
-1
986
986
986
986
986
