-1
934
-1
-1
-1
-1
0
0
0
-1
1
1
1
2
3
3
3
-1
4
4
4
-1
5
5
5
-1
6
6
6
7
7
7
7
7
7
-1
8
8
8
-1
-1
9
9
9
-1
10
10
10
-1
11
11
11
-1
12
12
12
13
13
13
13
13
13
13
-1
14
14
14
-1
15
15
15
-1
16
2
2
-1
-1
17
17
17
18
18
19
19
19
-1
20
20
20
-1
21
21
21
-1
22
22
22
-1
23
23
23
-1
24
24
24
-1
25
25
25
-1
26
26
26
-1
-1
-1
-1
27
27
27
-1
28
27
27
-1
-1
-1
-1
-1
-1
29
29
29
-1
30
30
30
-1
31
31
31
32
32
32
32
32
33
33
33
33
33
33
34
34
34
34
34
34
35
35
35
35
35
35
35
36
36
36
36
37
37
37
37
38
38
38
38
39
39
39
39
39
39
40
40
40
40
40
40
40
41
41
41
41
41
41
41
42
42
42
42
42
42
42
43
43
43
43
43
43
-1
44
44
44
-1
45
45
45
-1
-1
46
46
47
47
47
47
47
48
48
48
49
49
49
49
49
49
49
50
50
50
50
50
50
50
51
51
51
51
51
51
52
52
52
52
53
53
53
53
53
53
53
53
-1
-1
54
54
-1
55
55
55
-1
56
56
56
56
56
-1
57
57
57
57
57
57
58
58
58
-1
59
59
59
-1
60
60
60
-1
61
61
61
-1
-1
62
62
-1
63
63
63
64
64
64
64
64
64
64
-1
65
65
65
-1
66
66
66
67
67
67
67
67
67
67
-1
68
68
68
-1
-1
69
69
69
69
69
69
70
70
70
70
71
71
72
72
73
73
73
73
74
74
74
74
75
75
75
75
75
75
75
76
76
76
76
76
77
77
77
77
78
78
78
78
79
79
79
79
79
80
80
80
80
80
80
80
81
81
81
81
82
82
82
82
83
83
83
83
83
83
83
84
84
84
84
84
84
84
85
85
85
85
85
-1
-1
-1
-1
-1
-1
86
86
-1
-1
87
87
88
88
88
88
88
88
88
88
-1
89
89
89
89
89
-1
-1
-1
-1
90
91
91
91
91
91
92
92
92
92
92
92
92
93
93
93
93
94
94
94
94
-1
95
95
95
-1
96
96
96
97
97
98
98
98
-1
99
99
99
100
100
100
100
100
100
100
101
101
101
101
101
101
101
102
102
102
102
102
102
102
103
103
103
103
104
104
104
104
105
105
105
105
106
106
-1
107
107
107
107
108
108
108
108
109
109
109
109
-1
110
110
110
-1
111
111
111
112
112
112
113
113
113
114
114
114
114
115
115
115
115
116
116
116
116
117
117
117
117
118
118
118
118
119
119
119
119
120
120
120
120
121
121
-1
122
122
122
122
122
123
123
123
123
123
123
123
124
124
124
124
125
125
125
125
126
126
126
126
127
127
127
127
127
128
128
128
128
129
129
129
129
130
130
130
130
131
131
131
131
132
132
132
132
133
133
133
133
-1
134
134
-1
135
135
135
135
135
135
135
136
136
136
136
136
136
136
137
137
137
137
137
137
137
138
138
138
138
139
139
139
139
140
140
140
141
141
141
141
141
141
141
142
142
142
142
142
142
142
-1
143
143
143
143
144
144
144
145
145
145
145
146
146
146
146
147
147
147
147
148
148
148
148
149
149
149
149
150
150
150
150
151
151
151
151
152
152
152
152
153
153
153
153
154
154
154
154
155
155
155
155
155
155
155
156
156
156
156
157
157
157
157
158
158
158
158
158
158
158
159
159
159
159
159
159
159
160
160
160
160
161
161
161
161
-1
162
162
162
163
163
163
-1
164
164
164
165
165
165
165
165
166
166
166
166
167
167
167
167
167
167
167
168
168
168
168
169
169
169
169
170
170
170
170
171
171
171
171
172
172
172
173
173
173
174
174
174
175
175
175
175
175
176
176
176
176
177
177
177
177
177
177
178
178
178
178
178
179
179
179
179
180
180
180
180
181
181
181
181
182
182
182
182
183
184
184
184
-1
185
185
185
-1
186
186
186
186
186
186
-1
187
187
187
188
188
188
188
189
189
189
189
189
189
189
190
190
190
190
190
190
190
191
191
191
191
191
191
192
192
192
192
192
192
192
193
193
193
193
193
193
193
194
194
195
195
195
-1
196
196
196
196
196
196
196
-1
197
197
197
-1
198
198
198
199
199
199
199
199
535
-1
-1
-1
-1
-1
200
200
200
200
-1
201
201
201
-1
-1
202
202
-1
203
203
203
-1
204
204
204
205
205
205
205
206
206
206
206
207
207
207
207
207
207
207
208
208
208
208
208
208
208
209
209
209
209
209
209
210
210
210
210
210
210
211
211
-1
212
212
212
212
212
212
212
213
213
213
213
213
213
213
214
214
214
214
214
214
214
-1
215
215
215
-1
216
216
216
217
217
217
217
217
218
218
218
218
219
219
219
219
220
220
220
220
220
220
220
-1
221
221
221
-1
222
222
222
223
223
223
223
224
224
-1
225
225
225
226
226
226
-1
227
227
227
228
228
228
228
229
229
229
229
230
230
230
230
231
231
231
231
232
232
232
232
233
233
234
234
234
234
234
234
234
235
235
235
235
235
236
236
236
236
236
-1
237
237
237
-1
238
238
238
239
239
239
239
-1
-1
240
240
241
241
241
-1
-1
242
242
242
-1
243
243
244
244
244
244
245
245
245
245
245
245
245
246
246
246
246
247
247
247
247
248
248
248
248
248
248
248
249
249
249
249
249
249
250
250
250
250
250
250
250
251
251
251
251
251
251
251
252
252
253
253
253
254
254
254
254
255
255
255
255
256
256
256
256
257
257
257
257
258
258
258
258
259
259
259
260
260
260
260
260
260
260
261
261
261
261
261
261
262
262
262
262
262
262
262
263
263
263
263
263
263
263
264
264
264
264
264
264
264
265
265
265
265
265
265
265
-1
266
266
266
266
266
266
266
267
267
267
268
268
268
268
268
268
269
269
269
269
269
269
270
270
270
270
270
270
270
271
271
271
271
271
271
272
272
272
272
272
-1
273
273
273
-1
-1
274
274
274
274
275
275
275
-1
276
276
276
-1
277
277
277
278
278
278
278
279
279
279
279
-1
280
280
280
-1
281
281
281
-1
282
282
282
283
283
283
284
284
284
284
284
284
284
285
285
285
285
285
286
286
287
287
287
287
287
287
287
288
288
288
288
288
288
288
289
289
289
289
-1
290
290
290
-1
291
291
291
-1
-1
292
292
292
-1
293
293
293
-1
294
294
294
-1
295
295
295
-1
296
296
296
297
297
297
297
297
298
298
298
298
298
-1
299
299
299
300
300
300
300
300
300
300
301
301
301
301
301
301
301
302
302
302
302
302
302
303
304
304
304
-1
305
305
305
306
306
306
306
306
307
307
308
308
308
-1
309
309
309
-1
310
310
310
-1
2
2
2
-1
311
311
311
312
312
312
312
312
312
312
313
313
313
313
314
314
314
314
314
-1
-1
315
315
315
316
316
316
316
316
316
316
317
317
317
317
318
318
318
318
318
319
319
319
320
320
320
321
321
321
322
322
322
322
322
322
322
322
-1
323
323
323
-1
324
324
324
-1
325
325
326
326
326
326
326
326
326
327
327
328
328
328
-1
329
329
329
-1
330
330
330
331
331
331
331
331
331
331
332
332
332
332
332
332
332
-1
-1
333
333
333
334
334
335
335
335
335
335
335
335
336
336
336
336
336
336
336
337
337
337
337
337
337
337
338
338
338
338
338
-1
339
339
339
-1
340
340
340
341
341
341
-1
342
342
342
343
343
343
343
343
-1
344
344
344
345
345
345
-1
346
346
346
-1
303
303
303
-1
347
347
347
-1
348
348
348
-1
349
349
349
-1
350
350
350
-1
351
351
351
352
352
352
353
353
353
353
-1
354
354
354
-1
355
355
355
356
356
356
356
356
-1
357
357
357
-1
358
358
358
359
359
359
359
-1
360
360
360
361
361
362
362
363
363
363
363
363
363
363
363
364
364
364
364
365
365
365
365
366
366
366
366
366
366
366
367
367
367
367
-1
368
368
368
369
369
369
369
369
370
370
370
370
370
-1
371
371
371
372
372
372
372
372
372
372
373
373
373
373
373
373
373
374
374
374
374
-1
375
375
375
-1
376
376
376
-1
377
377
377
378
378
378
-1
379
379
379
379
-1
380
380
380
-1
381
381
381
-1
382
382
382
-1
383
383
383
384
384
384
385
385
385
385
386
386
-1
387
387
387
387
388
388
388
388
388
389
389
389
389
-1
390
390
390
-1
-1
-1
391
391
391
391
391
391
391
392
392
392
392
392
392
393
393
393
394
394
394
395
395
395
395
396
396
396
396
396
396
396
-1
397
397
397
-1
398
398
398
-1
399
399
399
400
400
400
400
400
400
400
401
401
401
401
402
402
402
402
403
403
-1
-1
404
404
404
-1
405
405
405
-1
406
406
406
407
407
407
408
408
408
408
-1
409
409
409
-1
410
410
410
411
411
411
411
411
-1
412
412
412
-1
413
413
413
414
414
414
414
414
414
414
415
415
415
415
-1
416
416
416
-1
417
417
417
-1
418
418
418
-1
-1
-1
419
419
419
419
-1
420
420
420
421
421
421
421
422
422
422
-1
423
423
423
424
424
424
424
424
424
425
425
425
425
425
425
425
426
426
426
426
426
426
426
-1
427
427
427
-1
428
428
428
-1
-1
429
429
429
430
430
430
430
430
430
430
431
431
431
-1
432
432
432
433
433
433
433
434
434
434
-1
435
435
435
-1
436
436
436
437
437
437
437
-1
438
438
438
-1
439
439
439
440
440
440
441
441
441
441
441
441
441
442
442
442
442
442
442
442
443
443
443
443
444
444
444
444
445
445
445
445
446
446
446
446
446
446
446
447
447
447
447
447
447
447
448
448
448
448
449
449
449
449
450
450
450
450
451
451
451
451
452
452
452
452
453
453
453
453
454
454
454
454
455
455
455
455
456
456
456
456
457
457
457
457
458
458
458
458
458
458
459
459
459
459
459
459
460
460
460
460
461
461
461
461
461
461
461
461
462
462
462
462
462
462
462
463
463
463
463
464
464
464
464
465
466
466
466
466
466
467
467
467
468
468
468
468
469
469
470
470
470
470
470
470
470
-1
471
471
471
472
472
472
472
472
472
-1
473
473
473
474
474
474
-1
475
475
475
-1
476
476
476
477
477
477
477
477
477
478
478
478
478
478
478
479
479
479
479
479
479
479
-1
-1
480
480
480
481
481
481
481
481
482
482
482
482
482
482
482
483
483
483
483
483
483
483
484
484
484
484
484
485
485
485
485
-1
-1
486
486
486
487
487
487
487
-1
488
488
488
-1
489
489
489
-1
490
490
490
491
491
491
491
492
492
492
492
492
493
493
493
493
493
493
493
494
494
494
494
494
494
494
495
495
495
495
496
496
496
496
497
497
497
497
498
498
498
498
498
498
499
499
499
499
499
500
500
500
500
501
501
501
501
502
502
502
502
503
503
503
503
504
504
504
504
505
505
505
505
506
506
506
506
506
506
507
507
507
507
508
508
508
15
509
509
509
509
509
509
509
510
510
510
510
511
511
511
511
511
512
90
90
90
90
90
90
513
513
513
513
513
513
513
514
514
514
514
514
514
515
515
515
515
516
516
516
516
517
517
517
517
517
517
517
-1
518
518
518
519
519
519
519
519
520
520
520
520
520
520
520
521
521
521
521
521
521
522
522
522
522
522
522
523
523
523
523
523
523
524
524
524
524
524
524
-1
525
525
525
526
526
526
526
527
527
527
527
528
528
529
529
529
529
529
529
530
530
530
530
531
531
531
531
532
532
532
532
532
532
532
533
533
533
533
534
534
534
534
535
535
535
535
535
535
535
-1
536
536
536
537
537
537
537
538
538
538
538
538
538
539
539
539
539
-1
540
540
540
-1
541
541
541
-1
542
542
542
542
542
543
543
543
543
-1
544
544
544
545
545
545
545
545
546
546
546
547
547
547
548
548
548
548
548
548
548
-1
549
549
549
549
549
549
549
-1
550
550
550
551
551
551
551
552
552
552
552
553
553
553
553
554
554
554
554
555
555
555
555
556
556
556
556
556
556
556
557
557
557
557
558
558
558
558
558
558
558
559
559
559
559
559
560
560
560
560
560
560
560
561
561
561
561
561
561
561
562
562
562
562
562
562
562
-1
-1
563
563
-1
564
564
564
-1
565
565
565
566
566
566
566
566
566
566
-1
567
567
-1
-1
568
568
-1
-1
569
569
-1
570
570
570
-1
-1
571
571
571
-1
572
572
572
-1
573
573
573
574
574
-1
575
575
575
576
576
576
576
577
577
577
577
578
578
578
578
579
579
579
579
579
579
580
580
580
581
581
581
581
581
581
581
582
582
583
583
583
584
584
584
584
585
585
585
585
586
586
586
586
587
587
587
587
587
588
588
589
589
589
590
590
590
590
590
590
590
591
591
591
591
591
591
591
591
-1
592
592
592
-1
593
593
593
-1
594
594
594
595
595
595
595
595
595
595
-1
596
596
596
597
597
597
597
598
598
598
599
599
599
599
599
599
599
-1
600
600
600
601
601
601
602
602
602
602
603
603
603
604
604
605
605
606
606
606
606
606
606
606
-1
607
607
607
607
607
607
608
608
608
608
608
608
608
609
609
609
609
609
609
610
610
610
610
611
611
611
612
612
612
612
612
612
612
612
613
613
613
613
614
614
-1
-1
615
615
615
-1
-1
616
616
617
617
617
617
618
618
618
618
619
619
619
619
620
620
620
620
620
621
621
621
621
621
622
622
622
623
623
623
623
624
624
624
624
625
625
625
625
625
625
626
626
626
626
627
627
627
627
628
628
628
-1
629
629
629
-1
630
630
630
-1
631
631
631
632
632
632
632
632
632
633
633
633
633
634
634
634
634
634
634
634
635
635
635
635
635
635
635
636
636
636
636
636
636
637
637
637
637
637
637
637
638
638
638
638
-1
639
639
639
-1
640
640
640
-1
641
641
641
642
642
642
642
642
642
642
-1
643
643
643
644
644
644
644
644
644
644
645
645
645
645
645
645
645
-1
646
646
646
647
647
647
647
647
647
647
648
648
648
648
648
648
648
648
649
649
649
649
650
650
650
650
651
651
651
651
652
652
652
652
652
652
652
653
653
653
653
-1
-1
654
654
654
655
655
655
655
656
656
656
656
657
657
657
657
658
658
658
658
658
659
659
659
659
659
660
660
660
660
661
661
661
661
662
662
662
662
663
663
663
663
664
664
664
664
665
665
665
666
666
666
666
667
667
667
667
667
667
668
668
668
669
669
669
669
669
669
670
670
670
670
671
671
671
671
672
672
672
672
673
673
673
673
674
674
674
674
675
675
675
675
676
676
676
676
677
677
677
677
678
678
678
678
679
679
679
680
680
680
680
680
681
681
681
681
682
682
682
682
682
682
682
683
683
683
683
684
684
684
685
685
685
685
685
685
685
686
686
686
686
686
686
687
687
687
687
687
687
687
687
688
688
688
688
689
689
689
689
690
690
690
690
690
690
691
691
691
691
692
692
693
693
693
693
694
694
694
694
695
695
695
695
696
696
696
696
696
696
697
697
697
697
697
697
697
698
698
698
698
698
698
698
699
699
699
699
699
699
700
700
700
701
701
701
701
702
702
702
702
703
703
703
703
704
704
704
704
705
705
705
705
705
705
705
706
706
706
706
707
707
707
707
707
707
708
708
708
708
708
708
708
709
709
709
710
710
710
710
711
711
711
711
711
711
711
712
712
712
712
713
713
713
713
-1
-1
714
714
714
-1
183
183
183
-1
715
715
715
-1
716
716
-1
717
717
717
718
718
718
718
719
719
719
719
719
719
719
719
-1
720
720
720
721
721
721
721
722
722
722
722
723
723
723
723
723
-1
724
724
724
-1
725
725
725
725
726
726
726
726
-1
727
727
727
728
728
729
729
729
729
730
730
730
730
730
731
731
731
731
731
731
731
732
732
732
732
732
733
733
734
734
734
734
735
735
735
735
735
-1
736
736
736
736
737
737
737
738
738
738
739
739
739
739
-1
740
740
740
741
741
741
741
-1
742
742
742
743
743
743
743
744
744
744
744
745
745
745
745
746
746
746
746
747
747
747
747
748
465
465
749
749
749
750
750
750
750
-1
751
751
-1
752
752
752
-1
753
753
753
-1
754
754
754
-1
755
755
755
-1
756
756
756
757
758
758
758
-1
759
759
759
-1
760
760
760
-1
761
761
761
-1
-1
-1
762
762
762
762
762
-1
763
763
763
-1
764
764
764
-1
765
515
515
515
766
766
766
767
767
767
767
768
768
768
769
769
-1
770
770
770
-1
771
771
772
772
772
772
772
772
772
773
773
773
773
774
774
774
-1
775
775
775
776
776
776
776
777
777
777
777
777
778
778
778
778
778
779
779
779
779
779
780
780
780
780
781
781
781
781
782
782
782
782
782
782
782
783
783
2
2
784
784
784
784
785
785
785
785
785
786
786
786
786
786
786
787
787
788
788
789
789
790
790
790
790
790
790
790
791
791
791
791
791
791
792
792
792
793
793
793
793
793
793
793
794
794
794
794
794
794
794
795
795
795
795
796
796
796
796
796
796
796
797
797
797
797
798
798
799
799
799
799
800
800
800
800
801
801
801
801
802
802
802
802
803
803
803
803
803
803
803
804
804
804
804
804
804
804
805
805
805
805
806
806
806
807
807
807
808
808
808
808
809
809
809
809
810
810
810
811
811
811
811
812
812
812
812
813
813
813
813
814
814
814
814
814
814
814
815
815
815
815
815
815
816
816
816
816
817
817
817
818
818
818
818
818
819
819
820
820
820
820
820
821
821
821
821
822
822
822
822
823
823
823
823
823
823
823
824
824
824
824
824
824
824
825
825
825
825
826
826
826
826
827
827
827
827
827
827
827
828
828
828
828
828
829
829
829
829
829
829
830
830
830
830
830
830
830
-1
-1
-1
831
831
831
831
832
832
832
832
833
833
833
833
833
833
833
834
834
834
834
834
835
835
835
835
-1
836
836
836
836
837
837
837
837
838
838
838
838
839
839
839
839
840
840
840
840
841
841
841
841
842
842
842
842
843
843
843
843
-1
844
844
844
845
845
845
846
846
846
847
847
847
847
-1
848
848
599
599
599
599
599
849
849
849
849
849
849
849
850
850
850
850
850
850
850
-1
851
851
851
851
851
851
851
852
852
852
852
852
852
853
853
853
853
854
854
-1
855
855
855
-1
-1
-1
856
856
856
856
856
856
856
-1
857
857
857
-1
858
858
858
858
858
858
858
858
859
859
859
859
859
859
859
-1
860
860
860
861
861
861
861
861
861
861
-1
862
862
862
863
863
863
863
863
863
863
864
864
864
864
864
864
864
865
865
865
865
865
865
865
865
866
866
866
866
866
866
866
-1
867
867
867
-1
868
868
868
-1
869
869
-1
870
870
870
-1
-1
-1
-1
-1
871
871
871
-1
872
872
872
-1
873
873
873
874
874
874
874
874
874
874
875
875
875
876
876
-1
877
877
877
878
878
878
878
878
878
878
879
879
879
879
879
879
879
880
880
880
880
880
880
-1
881
881
881
882
882
882
882
882
882
882
883
883
883
883
883
883
883
884
884
884
884
884
884
884
-1
885
885
885
-1
886
886
886
-1
887
887
887
-1
888
888
-1
889
889
889
-1
890
890
890
-1
891
872
872
-1
-1
892
892
-1
893
893
893
-1
894
894
894
895
895
895
895
-1
896
896
896
897
897
897
897
897
897
897
-1
898
898
898
-1
899
899
899
900
900
900
900
901
901
901
901
902
902
902
902
902
902
903
903
903
903
904
904
904
904
904
904
904
905
905
905
905
905
905
905
906
906
906
906
906
906
-1
907
907
907
-1
908
908
908
909
909
909
909
909
909
909
910
910
910
910
911
911
911
911
912
912
912
912
912
913
913
913
913
914
914
914
914
-1
-1
915
915
915
916
916
916
916
-1
917
917
918
918
918
918
918
918
919
919
919
919
919
919
919
-1
920
920
920
921
921
921
921
922
922
922
922
922
922
922
923
923
923
923
924
924
924
925
925
925
926
926
926
926
-1
927
927
927
928
928
928
928
928
928
929
929
929
929
929
929
929
930
930
930
930
930
931
931
931
931
932
932
933
933
933
933
933
933
934
934
934
934
935
935
935
935
935
-1
-1
936
936
936
-1
937
937
937
-1
938
938
938
-1
939
939
939
940
940
940
-1
941
941
941
-1
942
942
942
943
943
943
943
943
-1
944
944
944
945
946
946
946
-1
947
947
947
948
948
948
948
949
949
949
949
949
949
949
950
950
950
950
950
950
950
-1
951
951
951
952
952
952
952
952
952
952
952
953
953
953
953
953
953
953
954
954
572
572
955
955
955
-1
956
956
956
957
957
957
957
957
957
957
958
958
958
958
959
960
960
960
960
960
961
317
317
317
962
962
149
149
963
963
963
963
964
964
964
965
965
965
965
965
966
966
966
966
-1
967
967
967
967
968
968
968
968
968
-1
969
969
969
-1
970
970
970
-1
971
971
971
-1
972
972
972
-1
973
973
973
-1
974
974
974
-1
975
975
975
-1
976
976
977
977
977
977
977
977
-1
978
978
-1
979
979
979
979
-1
980
980
980
-1
981
981
-1
982
982
982
-1
983
983
984
984
984
984
984
984
-1
-1
-1
985
985
-1
986
986
986
987
987
987
987
987
988
988
988
988
988
988
988
989
989
989
989
989
-1
990
990
990
990
990
990
990
-1
991
991
991
992
992
992
993
993
993
994
994
994
994
994
994
995
995
995
995
995
995
996
996
996
996
996
-1
997
997
997
998
998
998
998
998
998
999
999
999
999
1000
1000
1000
1000
1001
1001
1001
1001
1002
1002
1002
1003
1003
1003
1003
1004
1004
1004
1004
1005
1005
1005
1005
1005
1005
1005
1006
1006
1006
1006
1007
1007
1007
1007
1007
1008
1008
1008
1008
1008
1008
1008
1009
1009
1009
1009
1009
1009
1009
1010
1010
1010
1010
1011
1011
1011
1011
1012
1012
1012
1012
1012
1012
1012
1013
1013
1013
1013
1014
1014
1015
1015
1015
1015
1015
1015
1015
1016
1016
1016
1016
1016
1016
1017
1017
1017
1017
1018
1018
1018
1018
1018
1018
1018
1018
1019
1019
1019
1019
1020
1020
1020
1020
1021
1021
1021
1021
1022
1022
1022
1022
1022
1022
1022
1023
1023
1023
1023
1023
1023
1024
1024
1024
1025
1025
1025
1025
1026
1026
1026
1026
1027
1027
1027
1027
1028
1028
1028
1028
1029
1029
1029
1029
1030
1030
1030
1030
-1
-1
1031
1031
1031
1031
1031
1032
1032
1032
1032
-1
1033
1033
1033
1034
1035
1035
1035
-1
1036
1036
1036
-1
1037
1037
1037
1038
1038
1038
1038
1038
1038
1038
-1
1039
1039
1039
-1
1040
1040
1040
1041
1041
1041
1041
1041
1041
1041
1042
1042
1043
1043
-1
1044
1044
1044
-1
1045
1045
1045
1046
1046
1046
1046
-1
1047
1047
1047
-1
1048
1048
1048
1048
1048
1048
1049
1049
1049
1049
1049
1049
1049
1050
1050
1050
1050
1050
1050
1051
1051
1051
1051
1051
1051
1052
1052
1052
1053
1053
1053
1053
1053
1054
1054
1054
1054
1054
1055
1055
1055
1055
1056
1056
1056
1056
1057
1057
1057
1057
1058
1058
1058
1058
1059
1059
1059
1060
1060
1060
1060
1060
1061
1061
1061
1061
1062
1062
1062
1063
1063
1063
1063
1064
1064
1064
1064
1065
1065
1065
1065
1066
1066
1066
1066
1067
1067
1067
1067
1068
1068
1068
1068
1069
1069
1069
1069
1070
1070
1070
1070
1070
1070
1070
1071
1071
1071
1071
1071
1072
1072
1072
1072
1072
1072
1072
1073
1073
1074
1074
1075
1075
1075
1075
1076
1076
-1
1077
1077
1077
1077
1078
1078
1078
1078
1078
1079
1079
1079
1079
1080
1080
1080
1080
1081
1081
1081
1081
1081
1081
1081
1082
1082
1082
1082
1083
1083
1083
1083
1084
1084
1084
1084
1085
1085
1085
1085
1086
1086
1086
1086
1087
1087
1087
1087
1088
1088
1088
1088
1089
1089
1089
1089
1090
1090
1090
1090
1091
1091
1091
1091
1092
1092
1092
1093
1093
1093
1093
1094
1094
1094
1094
1095
1095
1095
1095
1096
1096
1096
1096
1096
1097
1097
1097
1097
1097
1097
1097
1098
1098
1098
1099
1099
1099
1100
1100
1100
1100
1100
1100
1101
1101
1101
1101
1102
1102
1102
1102
1102
1102
1102
1103
1104
1104
1104
1105
1105
1105
1105
1105
1106
1106
1106
1106
1106
1106
-1
1107
1107
1107
1108
1108
1108
1109
1109
1109
-1
1110
1110
1110
-1
1111
1111
1111
1112
1112
1112
1112
1112
1112
1112
1113
1113
1113
1113
1113
1114
1114
1114
1114
1114
1114
1115
1115
1115
1115
1115
1115
-1
1116
1116
1116
1117
1117
1117
1117
1117
1117
1117
-1
1118
1118
1118
-1
1119
1119
1119
1119
1120
1120
1120
1120
1120
1120
1120
1121
1121
1121
1121
1121
1121
1121
1121
1122
1122
1122
1122
1123
1123
1123
1123
1124
1124
1124
1124
1124
1124
1124
1125
1125
1126
1126
1126
1126
1127
1127
1127
1127
1128
1128
1128
1128
1129
1129
1129
1129
1129
1129
1129
1130
1130
1130
1130
1130
-1
1131
1131
1131
1132
1132
1133
1133
1133
1133
1133
1133
1133
1134
1134
1134
-1
1135
1135
1135
-1
1136
1136
1136
-1
1137
1137
1137
-1
1138
1138
1138
1139
1139
1139
1139
1140
1140
1140
1140
1140
1141
1141
1141
1141
1142
1142
1142
1142
-1
1143
1143
1143
1144
1144
1144
1144
1144
1144
1145
1145
1145
1146
1146
1146
1146
1146
1146
1147
1147
1147
1147
1148
151
151
151
1149
1149
1149
1149
1150
1150
1150
1150
1150
1150
1150
1151
1151
1151
1151
1152
1152
1152
1152
1153
1153
1153
1153
1154
1154
-1
1155
1155
1155
1155
1155
