0
0
0
0
1
1
-1
2
2
2
2
3
3
3
3
4
4
4
4
4
4
4
4
5
5
5
5
6
6
6
6
7
7
7
8
8
8
8
9
9
9
9
10
10
10
10
11
11
11
11
12
12
12
12
13
13
13
13
13
13
13
14
14
14
14
15
15
15
16
16
16
16
17
17
18
18
18
18
19
19
19
19
20
20
20
20
21
21
21
21
22
22
22
22
23
23
23
23
24
24
24
24
25
25
25
26
26
26
26
27
27
27
27
28
28
28
28
29
29
29
29
29
29
29
30
30
30
30
31
31
31
31
32
32
32
32
33
33
33
33
34
34
34
34
35
35
35
35
36
36
36
8
37
37
37
37
38
37
37
37
39
39
39
39
40
40
40
40
41
41
41
41
42
42
42
42
42
43
43
43
43
44
44
44
44
45
45
45
46
46
46
47
47
47
47
48
48
48
48
49
18
18
18
50
50
50
50
51
51
51
52
52
52
52
53
53
53
53
54
54
54
54
55
55
55
55
56
37
37
37
57
8
8
58
58
58
58
59
59
59
59
60
60
60
60
61
61
61
61
62
62
62
62
63
63
63
63
64
64
64
65
65
65
65
66
66
66
66
66
66
66
66
67
67
67
67
68
68
68
68
69
69
69
69
70
70
70
70
71
71
71
72
72
72
72
73
73
73
73
74
74
74
74
75
75
75
75
76
76
76
76
77
77
77
77
-1
-1
78
78
79
79
79
79
80
80
80
80
81
81
81
82
82
82
83
83
-1
84
70
70
85
85
85
86
86
86
86
86
86
-1
87
87
87
-1
88
88
88
-1
89
89
89
-1
90
90
90
91
91
91
91
91
91
91
92
92
92
92
92
92
-1
93
93
93
-1
94
94
94
95
95
95
96
96
96
97
97
97
97
-1
98
98
98
99
99
99
99
99
99
100
100
100
100
-1
101
101
101
-1
102
102
102
-1
103
103
103
104
104
104
104
-1
105
105
105
106
106
106
106
106
107
107
107
107
107
107
107
108
108
108
108
109
109
109
109
110
110
110
110
-1
111
111
112
112
112
112
112
113
113
113
113
114
114
114
114
115
115
115
115
116
116
116
116
116
116
116
-1
117
117
117
117
117
117
117
118
118
118
118
118
118
118
119
119
119
119
119
119
119
120
120
120
120
121
121
121
121
121
122
122
122
122
122
122
122
123
123
123
123
123
123
-1
124
124
124
-1
125
125
-1
126
126
126
127
127
127
127
128
128
128
128
128
128
128
129
129
129
129
129
129
129
-1
130
130
130
-1
131
131
131
-1
132
132
132
-1
133
133
133
133
134
134
134
134
135
135
135
135
136
136
136
137
137
137
137
138
138
138
138
139
139
139
139
140
140
140
140
141
141
141
141
142
142
142
142
142
142
142
-1
143
143
143
144
144
144
144
145
145
145
145
145
145
145
146
146
146
146
146
146
146
147
147
147
147
147
147
147
147
148
148
148
148
-1
-1
149
149
149
149
149
-1
150
150
150
151
151
151
151
151
151
-1
152
152
152
-1
153
43
43
154
154
154
154
155
155
155
155
156
156
156
156
157
157
157
157
157
157
157
-1
158
158
158
159
159
159
159
159
159
160
160
160
160
160
161
161
161
161
161
161
161
162
163
163
-1
164
164
164
165
165
165
165
165
165
165
166
166
166
166
166
-1
167
167
167
168
168
168
168
168
-1
169
169
169
170
170
170
170
171
171
171
171
171
171
171
172
172
172
172
172
173
173
173
173
173
174
174
174
174
174
174
174
175
175
175
175
175
176
176
176
176
176
177
177
177
177
177
177
177
178
178
178
89
179
179
179
179
180
180
180
180
181
181
181
181
182
182
182
182
182
183
183
183
183
184
184
184
184
185
185
185
185
185
185
186
186
186
186
187
187
187
187
188
188
188
188
189
189
189
189
189
190
190
190
190
190
190
191
191
191
191
191
191
192
192
192
192
193
193
193
193
194
194
194
194
195
195
195
195
196
196
196
196
197
197
197
197
198
198
198
198
199
199
200
200
200
200
200
200
200
201
201
201
201
202
202
202
202
202
203
203
203
204
204
204
205
205
205
205
205
205
205
206
206
206
206
206
206
206
207
207
207
207
207
207
207
208
208
208
208
208
208
208
-1
209
209
209
209
209
210
210
210
210
210
210
210
-1
211
211
211
212
212
212
212
212
212
-1
213
213
213
-1
214
214
214
215
215
215
215
215
216
216
216
216
216
216
217
217
217
217
217
217
217
-1
218
218
218
219
219
219
220
220
220
220
220
220
220
221
221
221
221
221
-1
222
222
222
-1
-1
-1
223
223
223
224
224
224
225
225
225
225
225
225
225
-1
226
226
226
-1
227
227
227
228
228
228
228
228
228
-1
229
229
229
230
230
230
230
230
230
230
231
231
231
231
231
231
231
232
232
232
232
232
232
233
233
233
233
233
233
233
-1
234
234
234
235
235
235
235
235
235
235
236
236
236
236
236
236
236
237
237
237
237
237
237
237
-1
238
238
238
-1
239
239
239
-1
240
240
240
241
241
241
241
241
-1
242
242
242
243
244
244
244
245
245
245
-1
246
246
246
-1
247
247
247
-1
248
248
249
249
249
249
249
250
250
250
250
250
250
250
-1
54
54
54
251
252
252
252
-1
253
253
253
254
254
254
254
254
254
254
255
255
255
255
255
255
255
256
256
256
256
256
256
256
257
257
257
-1
258
258
258
-1
259
259
259
260
261
261
261
-1
262
262
262
263
263
263
264
264
264
264
264
-1
265
265
265
266
266
266
267
267
267
267
268
268
268
268
268
268
268
-1
269
269
269
269
269
269
270
270
270
270
270
271
271
271
271
271
271
271
272
272
272
272
272
272
272
273
273
273
273
273
-1
274
274
274
274
274
274
274
275
275
275
275
276
276
276
277
277
277
278
278
278
278
-1
279
279
279
279
279
279
279
280
280
280
280
280
280
280
281
281
281
281
281
281
281
281
282
282
282
282
282
282
283
283
283
283
284
284
284
284
285
285
285
285
286
286
286
286
287
287
287
287
287
287
288
288
288
288
289
289
289
289
289
289
289
290
290
290
290
290
291
291
292
292
292
292
292
292
292
292
293
293
293
293
293
293
293
294
294
294
295
295
295
296
296
296
296
296
296
297
297
297
297
298
298
298
298
299
299
299
299
300
300
300
300
300
300
300
301
301
301
301
301
301
302
302
302
302
302
302
302
303
303
303
303
303
303
303
304
304
304
304
304
304
304
305
305
305
305
305
305
305
306
306
306
306
307
307
307
307
308
308
308
308
309
309
309
309
309
309
309
310
310
310
310
310
310
311
311
311
311
311
311
311
-1
-1
-1
312
313
313
313
314
314
314
314
314
315
315
315
315
315
315
316
316
316
316
316
316
-1
317
317
317
-1
318
318
318
-1
319
319
319
320
320
320
320
320
321
321
321
321
322
323
323
323
-1
324
324
324
325
325
325
134
-1
326
326
326
327
327
327
327
327
327
327
327
-1
328
328
328
329
329
329
330
330
330
330
331
331
331
-1
332
332
332
-1
333
333
333
334
334
334
335
335
335
335
335
336
336
336
336
337
337
337
337
338
338
338
338
338
338
338
339
339
339
339
339
339
340
340
340
340
340
340
340
340
341
341
341
341
341
341
341
342
342
342
342
342
342
-1
343
344
344
344
345
345
345
-1
346
346
346
347
347
347
347
347
347
-1
348
348
348
349
349
349
349
-1
350
350
350
351
351
351
351
351
351
352
352
352
352
352
352
352
353
260
260
260
-1
354
354
354
355
355
355
355
355
356
356
356
356
356
356
356
357
357
357
357
-1
358
358
358
359
359
359
359
360
360
360
360
-1
361
361
361
362
362
362
362
-1
363
363
363
364
364
364
365
365
365
365
365
366
366
366
366
366
366
366
366
367
367
367
367
367
367
367
-1
368
368
368
-1
369
369
369
-1
370
370
370
371
371
371
371
371
371
371
372
372
372
372
372
372
372
-1
373
373
373
374
374
374
374
374
375
375
375
376
376
376
377
377
377
377
378
378
378
378
-1
-1
379
379
379
-1
380
380
380
380
380
381
381
381
-1
382
382
382
-1
-1
383
383
384
384
384
384
384
384
-1
385
385
385
386
386
386
386
387
387
387
387
-1
388
388
388
389
389
389
389
390
390
390
390
-1
343
343
343
391
391
391
391
391
391
391
392
392
392
392
393
393
393
393
-1
394
394
394
-1
395
395
395
396
396
396
396
397
397
397
397
-1
398
398
398
-1
399
399
399
400
400
400
400
401
401
401
401
-1
402
402
402
-1
403
403
403
404
404
404
404
404
404
404
405
405
405
405
405
405
405
-1
406
406
406
407
407
407
407
-1
408
408
408
409
409
409
409
409
410
410
410
410
410
410
-1
411
411
411
412
412
412
413
413
413
413
414
414
414
414
-1
415
415
415
416
416
416
416
416
417
417
417
417
417
418
418
418
418
-1
419
419
419
420
420
420
420
-1
275
275
275
-1
421
421
421
-1
422
422
422
423
423
423
423
423
423
424
424
424
-1
425
425
425
426
426
426
426
426
-1
427
427
427
428
428
428
428
429
429
429
429
430
430
430
430
430
430
430
431
431
431
431
431
431
431
432
432
432
432
432
432
432
433
433
433
433
433
433
433
-1
434
434
434
-1
435
435
435
436
437
437
437
438
438
438
438
439
439
439
439
440
440
440
440
440
440
440
441
441
441
441
441
441
441
442
442
442
442
442
442
443
443
443
443
443
443
443
444
444
444
444
444
444
444
445
445
445
445
445
446
446
446
447
447
447
447
-1
448
448
448
-1
449
449
449
450
451
451
451
-1
-1
452
452
-1
453
453
453
453
454
454
454
454
454
454
454
454
455
455
455
455
455
455
455
456
456
456
456
-1
457
457
457
-1
-1
458
458
-1
-1
459
459
-1
-1
460
460
-1
461
461
461
-1
462
462
462
462
463
463
463
463
463
463
463
464
464
464
464
464
464
465
465
465
465
465
465
466
466
466
466
466
466
-1
-1
467
467
-1
-1
468
468
469
469
469
469
469
-1
470
470
-1
471
471
471
471
472
472
472
472
472
472
-1
473
473
473
473
474
475
475
475
475
-1
474
474
474
474
476
476
476
476
476
476
476
476
477
477
477
477
477
477
-1
-1
478
478
479
479
479
479
479
479
479
480
480
480
480
480
480
480
-1
481
481
481
481
-1
482
482
482
483
483
483
483
483
483
483
483
484
484
484
484
485
485
485
485
486
486
486
486
487
487
487
487
488
488
488
488
489
489
489
489
489
489
490
490
490
490
491
491
491
492
492
492
492
492
492
493
493
493
493
493
493
493
494
494
47
47
495
495
495
495
496
496
496
496
497
497
497
498
498
498
498
499
499
499
499
499
499
499
499
-1
-1
500
-1
-1
-1
501
501
-1
502
502
503
503
503
503
503
503
503
504
504
504
504
504
504
-1
505
505
505
-1
506
507
507
-1
-1
508
508
-1
509
509
509
509
-1
510
510
510
511
511
511
511
511
511
511
511
512
512
512
512
512
512
512
513
513
-1
2036
514
514
515
515
515
515
515
515
515
-1
516
516
516
517
517
517
517
517
517
517
-1
-1
-1
518
518
-1
-1
519
519
520
521
521
521
-1
522
522
522
522
522
523
523
523
523
523
523
524
524
524
524
524
524
-1
525
525
-1
526
526
526
-1
527
527
527
-1
528
528
528
-1
529
529
529
530
530
530
530
530
530
530
531
531
531
531
531
531
531
532
532
532
532
532
532
532
533
533
533
533
533
533
-1
-1
534
534
-1
-1
535
535
-1
-1
536
536
-1
537
537
537
537
537
537
537
-1
538
538
538
-1
539
539
539
-1
540
540
540
-1
-1
541
541
-1
542
542
542
-1
-1
543
543
-1
544
544
544
545
546
546
546
-1
547
547
547
548
548
548
548
548
-1
549
549
549
549
550
550
550
550
550
-1
551
551
-1
-1
552
552
552
552
553
553
554
554
554
554
554
554
555
555
555
555
555
556
556
556
556
556
556
556
557
557
557
557
557
557
557
-1
558
558
-1
-1
559
559
-1
-1
560
560
561
561
561
561
561
562
562
562
562
562
562
563
563
563
563
563
563
563
564
564
564
564
564
-1
565
565
565
-1
-1
-1
-1
-1
566
566
-1
567
567
567
567
567
568
568
568
568
568
569
569
569
569
570
570
570
570
571
571
571
571
572
572
572
572
572
572
572
573
573
573
574
574
574
574
575
575
575
576
576
576
576
576
576
577
577
577
577
578
578
578
578
579
579
580
580
580
580
580
580
580
581
581
581
581
582
582
582
582
583
583
583
583
584
584
584
584
585
322
322
322
586
586
586
586
587
587
587
587
587
587
-1
588
588
588
588
588
589
589
589
590
590
590
590
591
591
591
591
592
592
592
592
593
593
593
594
594
594
595
595
595
595
595
595
595
596
596
596
596
596
596
596
597
597
597
597
598
598
598
598
-1
599
599
599
-1
600
600
600
601
601
-1
602
602
602
-1
603
603
603
-1
197
197
197
-1
604
604
604
605
605
605
605
606
606
606
606
606
606
606
607
607
607
607
607
608
608
608
608
608
-1
609
609
609
609
609
610
610
610
610
611
611
611
611
-1
612
612
612
-1
613
613
613
-1
614
614
346
-1
500
500
-1
615
615
615
-1
616
616
-1
617
617
617
617
617
617
617
-1
618
618
618
-1
619
619
-1
620
620
620
-1
621
621
621
-1
622
622
622
623
623
623
623
623
623
623
624
624
624
624
624
625
625
625
625
625
625
625
626
626
626
626
626
626
626
627
627
627
627
627
627
627
-1
-1
628
628
628
629
629
629
629
629
629
629
-1
630
630
630
631
632
632
632
633
-1
634
634
-1
635
635
636
636
636
636
637
637
637
638
638
638
638
638
638
639
639
639
639
639
639
639
640
640
640
640
641
641
641
641
641
641
641
-1
642
642
642
-1
643
643
643
-1
644
644
644
-1
645
645
645
646
-1
647
647
-1
-1
-1
-1
648
648
648
649
649
649
649
649
649
649
650
650
650
650
651
651
651
651
651
651
651
-1
-1
652
652
-1
653
653
653
-1
654
654
654
-1
655
656
656
656
-1
657
657
657
-1
658
658
658
659
659
659
659
660
660
660
-1
661
661
661
-1
662
662
662
663
663
663
663
663
664
664
664
665
665
665
665
665
665
666
450
450
211
667
667
667
667
667
667
-1
668
668
668
669
669
669
669
670
670
670
670
670
670
670
671
671
671
671
671
671
671
-1
672
672
672
673
673
673
673
673
673
-1
-1
674
674
-1
32
32
32
675
675
675
675
675
675
675
676
676
676
676
677
677
677
678
678
678
678
679
679
679
680
680
680
680
681
681
681
681
681
681
681
681
682
682
682
682
682
-1
683
683
683
684
684
684
684
685
685
685
685
686
686
687
687
687
-1
688
688
688
689
690
690
690
690
691
691
-1
-1
692
692
693
693
693
693
693
694
694
694
694
694
694
694
695
695
695
695
695
696
696
696
696
696
697
697
697
697
697
697
697
698
698
698
698
-1
699
699
699
700
700
700
701
701
701
702
702
702
702
702
702
702
703
703
703
703
703
703
703
-1
704
704
704
-1
705
705
705
-1
706
706
706
707
707
707
707
707
707
707
707
708
708
708
709
709
709
709
709
709
709
-1
710
710
710
-1
711
711
541
712
712
-1
713
713
713
713
713
713
713
714
714
714
-1
-1
715
715
715
715
715
716
716
717
717
717
717
-1
718
343
343
-1
719
719
719
-1
720
720
720
721
721
721
721
-1
722
722
722
-1
723
723
723
723
723
723
723
724
709
709
709
709
709
709
725
725
725
725
725
-1
726
726
726
-1
727
727
727
-1
728
728
728
729
301
301
301
301
301
730
730
730
730
730
730
730
731
731
731
731
-1
732
732
732
733
733
734
734
734
734
734
734
734
-1
735
735
735
736
736
736
736
-1
737
737
737
737
737
737
737
-1
738
738
738
739
739
739
739
739
739
739
740
740
740
-1
741
741
741
-1
742
742
742
743
743
743
744
744
744
-1
745
745
745
-1
746
746
746
747
747
747
747
747
747
747
-1
748
748
748
749
749
749
749
749
749
749
-1
750
750
750
751
751
-1
752
752
752
752
752
753
753
753
753
753
753
753
753
754
754
754
754
754
755
755
755
755
755
756
756
756
756
757
757
757
757
758
758
758
758
758
758
758
759
759
759
759
760
760
760
760
761
761
761
-1
762
762
762
763
677
677
764
764
764
765
765
766
766
766
766
766
767
767
767
767
767
768
768
768
768
768
768
768
769
769
769
769
769
770
770
770
770
770
770
770
771
771
771
771
771
771
772
772
772
772
772
772
772
773
774
774
774
775
775
775
775
775
775
776
776
776
776
776
776
777
777
777
777
777
777
778
778
778
778
778
778
778
778
779
779
779
779
779
779
780
780
780
780
780
781
781
782
782
782
782
782
782
-1
783
783
783
784
784
784
784
-1
-1
-1
-1
785
785
785
786
786
786
-1
787
787
787
-1
788
788
788
-1
789
789
789
790
790
790
790
791
791
791
791
791
791
791
-1
792
792
792
-1
793
793
793
-1
794
794
794
-1
795
795
795
-1
796
796
797
797
797
797
798
798
798
798
799
799
799
799
800
800
800
800
800
800
801
801
801
801
802
802
-1
803
804
803
805
805
805
805
806
806
806
806
807
807
807
808
808
808
808
809
809
809
810
810
810
810
810
810
810
-1
-1
811
811
812
812
812
812
812
812
812
-1
813
813
813
814
815
815
815
816
816
816
816
816
816
816
817
817
817
817
817
817
817
-1
818
818
818
819
820
820
90
-1
821
821
821
822
822
822
822
822
823
823
823
823
823
823
823
824
824
824
824
824
824
824
-1
825
825
825
826
-1
-1
-1
827
827
828
828
828
828
829
829
-1
830
830
830
-1
831
831
831
832
832
832
832
832
-1
833
833
833
834
834
834
834
834
834
834
835
835
835
-1
836
836
836
-1
837
837
837
838
838
838
839
839
840
840
840
-1
841
841
841
841
842
842
842
842
842
842
842
843
843
843
843
843
843
843
844
844
844
844
844
844
844
845
845
845
845
845
846
846
846
846
846
846
846
-1
847
847
847
847
847
847
848
848
848
848
848
848
848
849
849
849
849
850
850
850
850
850
850
850
850
851
851
851
851
851
851
852
852
852
853
853
853
853
853
853
853
854
854
854
854
854
854
854
855
855
855
855
855
855
855
856
856
856
857
857
857
857
857
858
858
858
858
858
859
859
859
859
859
859
859
860
860
860
860
861
861
861
861
-1
862
862
862
862
862
862
863
863
863
863
864
864
864
864
865
865
865
865
866
866
866
866
867
867
867
867
868
868
869
869
869
869
869
870
870
870
870
870
870
870
871
871
872
872
872
873
873
873
874
874
874
874
874
874
874
875
875
875
875
875
875
876
876
876
876
877
877
877
877
878
878
878
878
879
879
879
879
879
879
879
880
880
880
880
881
881
881
881
881
882
882
883
883
883
883
883
883
883
884
884
884
884
885
885
885
885
886
886
-1
887
887
887
-1
888
888
888
889
889
889
889
889
890
890
890
891
891
891
891
891
891
-1
892
892
892
893
893
893
893
893
893
893
894
894
894
894
895
895
895
831
-1
-1
896
896
896
-1
897
897
897
898
898
898
898
898
898
898
899
899
899
899
899
899
900
900
900
901
901
901
901
901
901
901
901
902
902
902
902
902
903
904
904
905
905
905
905
905
905
906
906
906
906
906
-1
907
907
907
-1
908
908
908
-1
909
909
909
-1
910
910
910
911
912
912
912
913
913
913
913
913
913
913
-1
914
914
914
915
915
915
915
915
915
-1
-1
-1
916
916
916
917
917
917
918
918
918
918
918
918
918
919
919
919
919
919
919
920
920
920
920
920
920
921
921
-1
922
922
922
-1
923
923
923
-1
924
924
924
-1
925
925
925
-1
926
926
926
927
927
927
927
927
927
927
-1
928
928
928
-1
929
929
929
930
930
930
930
930
930
931
931
931
931
931
931
931
932
932
932
932
932
932
932
932
933
933
933
933
933
933
933
934
934
934
934
934
934
934
-1
-1
911
911
911
-1
935
935
935
-1
936
936
936
937
937
938
938
938
938
939
939
939
939
939
940
940
940
940
941
941
941
941
941
-1
942
942
942
942
942
942
943
943
943
943
943
943
943
944
944
945
945
945
945
946
946
946
946
946
946
947
947
947
947
947
947
947
-1
948
506
-1
-1
-1
-1
-1
949
949
-1
950
950
950
950
951
951
952
952
952
953
953
953
953
-1
954
954
954
955
955
955
955
955
955
-1
956
956
956
957
708
708
958
958
-1
959
959
959
-1
960
960
960
961
961
961
961
962
962
962
962
962
962
962
-1
963
963
963
964
-1
965
965
965
966
966
966
966
966
967
967
967
967
968
968
968
-1
969
969
969
-1
970
970
970
971
971
971
-1
972
972
972
973
973
973
973
974
974
974
974
-1
975
975
975
976
976
976
976
977
977
977
977
977
-1
978
978
978
979
980
980
980
981
981
981
981
981
981
981
982
982
982
982
983
983
983
-1
984
984
984
-1
985
985
985
-1
986
986
986
987
987
987
987
988
988
988
988
988
988
989
989
989
989
989
989
990
990
990
990
990
990
990
-1
991
991
991
-1
992
992
992
993
694
694
694
694
694
994
994
994
994
994
994
994
995
995
995
995
995
995
995
996
961
961
961
961
997
997
997
997
998
998
999
999
999
999
999
999
999
-1
1000
1000
1000
-1
1001
1001
-1
1002
1002
1002
1003
1003
1003
1003
1004
1004
1004
1004
1004
1004
-1
1005
1005
1005
1006
1006
-1
1007
1007
1007
-1
1008
1008
1008
-1
-1
1009
1010
1010
-1
1011
1011
1011
1012
1012
1012
1012
1012
1012
1012
-1
1013
1013
1013
1014
1014
1014
1014
-1
1015
1015
1015
931
931
931
931
931
931
1016
1016
1016
1016
1017
1017
1017
1017
1018
1018
1018
1018
1018
1019
1019
1019
411
1020
1020
1020
1020
1021
1021
683
683
1022
1022
1022
1022
1023
1023
1023
1023
1023
1023
1024
1024
1024
1024
1024
1025
1025
1025
1025
1026
1026
1026
1026
1027
1027
1027
1027
1028
1028
1028
1028
1029
1029
1029
1029
1030
1030
1030
68
1031
1031
1031
184
1032
1032
1032
1032
1033
1033
1033
1033
1034
1034
1034
1034
1034
1035
1035
1035
1035
1035
1035
1036
1036
1036
1036
1036
-1
-1
1037
1037
1037
1038
1038
1038
1039
1039
1039
1039
1039
1039
1039
1040
1040
1041
1041
1042
1042
1042
1042
1042
1042
1042
1043
1043
1043
1043
1043
1043
1043
1044
1044
1044
1044
1044
-1
1045
1045
1045
1045
1045
1045
1045
1046
1046
1046
1047
1047
1047
1047
-1
1048
1048
1048
-1
1049
1049
1049
1050
1050
1050
1050
1051
1051
-1
1052
1052
1052
1052
1052
1052
1052
-1
1053
1053
1053
1054
1054
1054
1054
1055
1055
1055
1055
1056
1056
1056
1056
1056
1056
1057
1057
1057
1057
-1
-1
1058
1058
1058
1058
1059
1059
1059
1059
1060
1060
1060
1060
1061
1061
1061
1061
1061
-1
1062
1062
1062
1062
-1
-1
-1
-1
-1
-1
-1
-1
1063
1063
1064
1064
1064
1064
1064
1064
1065
1065
1065
1065
1065
1065
1065
1066
1066
1066
1066
1066
1066
1066
1067
1067
1067
1067
1067
-1
1068
1068
1069
-1
1070
1070
-1
-1
1071
1071
1072
1072
1072
1072
1072
1072
1073
1073
1073
1073
1073
1073
1073
-1
1074
1074
1074
1074
1075
-1
-1
-1
-1
1075
1076
1076
1077
-1
1078
1078
-1
-1
1079
1079
-1
-1
1080
1080
-1
1081
1081
1081
1082
1082
1082
1082
1082
1082
-1
-1
1083
1083
-1
1084
1084
1084
1084
-1
1085
1085
1085
-1
-1
1086
1086
-1
-1
1087
1087
-1
-1
1088
1088
-1
1089
1089
1089
-1
1090
1090
1090
1090
1090
1091
1091
1091
1091
1091
1091
1091
1092
1092
1092
1092
1092
1092
-1
-1
1093
1093
1094
1094
1094
1094
1094
1094
1094
1095
1095
1095
1095
1095
1095
1095
-1
1096
1096
1096
1096
-1
1097
1097
1097
1097
1097
-1
-1
1098
1098
-1
1099
1099
1099
-1
1100
1100
-1
-1
1101
1101
1102
1102
1102
1102
1102
-1
1103
1103
1103
1104
1104
1104
1104
1104
1104
1105
1105
1105
1106
1106
1106
-1
1107
1107
-1
-1
1108
1108
1108
1108
1109
805
805
805
1110
1110
1110
1110
1110
1111
1111
1111
1111
1111
1112
1112
1112
1113
1113
1113
1113
1114
964
964
964
1115
1115
1115
1115
1116
1116
1116
1116
1116
1116
1116
1117
1117
1117
1117
1118
1118
1118
1119
1119
1119
1119
1119
1119
1119
1120
1120
1120
1120
1120
1120
1120
1121
1121
1121
1121
1121
1121
1122
1122
1122
1122
1122
1123
1123
1123
1123
1123
1123
1123
1124
1124
1124
1124
1124
1124
1124
1125
1125
1125
1125
1125
1125
1125
1126
1126
1126
1126
1127
1127
1127
1127
1128
1128
1128
1128
1129
1129
1129
1129
1130
1130
1130
1130
1131
1131
1131
1131
1131
1132
1132
1132
1133
1133
1133
1133
1134
1134
-1
1135
1135
1135
1135
1136
1136
1136
1136
1136
1137
1137
1137
1138
1138
1138
1138
1138
1138
-1
1139
1139
1139
1140
1140
1140
1140
1140
1141
1141
1141
1141
1142
1142
1142
1142
1143
1143
1143
1143
1144
1144
1144
1144
1145
1145
1145
1145
1146
1146
1146
1146
1147
1147
1147
1147
1148
1148
1149
1149
1149
1149
1150
1150
1150
1150
1150
1150
1150
1151
1151
1151
1151
1151
1151
1151
1152
1152
1152
1152
1153
1153
1154
1154
1154
1154
1154
1154
1155
1155
1155
1155
1155
1155
1155
1156
1156
1156
1156
1157
1157
1157
1157
1158
1158
1158
1158
1159
1159
1159
1159
1160
1160
1160
1160
1161
1161
1161
1161
1162
1162
1162
1162
1163
1163
1163
1163
1164
1164
1164
1164
1165
1165
1165
1166
1166
1166
1166
1167
1167
1167
1167
1168
826
826
826
1169
1169
1169
1169
1170
1170
1170
1170
1170
1171
1171
1171
1171
1172
1172
1172
1172
1173
1173
1173
1173
-1
1174
1174
1174
1174
1175
1175
1175
-1
1176
1176
1176
1176
1177
1177
1177
1177
1177
1177
1177
1178
1178
1178
1178
1178
1178
1178
1179
1179
1179
1179
-1
1180
681
681
681
681
681
681
681
1181
1181
1181
1181
1181
1181
1181
1181
1182
1182
1182
-1
1183
1183
1184
1184
1184
1185
1185
612
1186
1186
1186
1186
1187
1187
803
803
1188
1188
1188
1188
1188
1189
1189
-1
1190
1190
261
261
1191
1191
1191
1191
1192
1192
1192
1192
1193
1193
1193
1194
1194
1194
1194
1195
1195
1195
1195
1196
1196
1196
1196
1197
1197
1197
1197
1198
1198
1198
1198
1198
1199
1199
1199
1199
1199
1199
1199
1199
1200
1200
1200
1200
1200
1200
1201
1201
1201
1201
1202
1202
1202
1202
1202
1202
1202
1203
1203
1203
1203
1204
1204
1204
1204
1205
1205
1205
1205
1206
1206
1206
1206
1207
1207
1207
1207
1208
1208
1208
1208
1209
1209
1209
1209
1210
1210
1210
1210
1211
1211
1211
1211
1211
1211
1211
1212
1212
1212
1212
1213
1213
1213
1213
1213
1213
1213
1213
1214
1214
1214
1214
1214
1214
1214
1215
1215
1215
1215
1216
1216
1216
1216
1217
1217
1217
1217
1217
1217
1218
1218
1219
1219
1219
1219
1220
1220
1220
1220
1221
1221
1221
1221
1221
1221
1221
1222
1222
1222
1222
1223
1223
1223
1223
1224
1224
1224
1224
1225
1225
1225
1225
1225
1225
1226
1226
1226
1226
1226
1226
1226
1226
1227
1227
1227
1228
1228
1228
1228
1228
1229
1229
1229
1229
1230
1230
1230
1230
1231
1231
1231
1231
1231
1231
1231
1232
1232
1232
1232
1232
1232
1232
1233
1233
1233
1233
1233
1233
1233
1234
1234
1234
1234
1235
1235
1235
1235
1236
162
162
1237
1237
132
132
1238
1238
1238
1238
1238
1238
1238
1239
1239
1239
1239
1240
1240
1240
1241
1241
1241
1241
1242
1242
1242
1242
1243
1243
1243
1243
1244
1244
1244
1244
1244
1244
1244
1245
1245
1245
1245
1245
1245
1245
1246
22
22
22
1247
1247
1247
1247
1248
1248
1248
1248
1249
1249
1249
1249
1249
1249
1249
1250
1250
1250
1250
1251
1251
1251
1251
1252
1252
1252
1252
1253
1253
1254
1254
1254
1254
1254
1254
1254
-1
1255
1255
756
1256
1257
1257
1257
1258
1258
1258
1258
1258
1259
1259
1259
1259
1259
1259
1259
-1
1260
1260
1127
1261
1261
1261
1261
1261
1262
1262
1262
1263
1263
1263
-1
1264
1264
1264
1264
1264
-1
1265
1265
1265
-1
1266
1266
1266
1267
1267
1268
1268
1268
1268
1268
1268
1268
-1
1269
1269
427
1270
1270
1270
1270
1271
1271
1271
1271
1272
1272
1272
1272
1272
1272
1272
1273
1273
1273
1273
1274
1274
1274
1274
1275
1275
1275
1276
1276
1276
1276
1277
1277
1277
1277
1278
1278
1279
1279
1279
1279
1280
1280
1280
1280
1280
1280
1280
1281
690
690
690
1282
1282
1282
1282
1283
1283
1283
1283
1283
1284
1284
1284
1285
1285
1285
1285
-1
-1
229
-1
1286
1286
1286
1286
1286
1286
1286
1287
1287
1287
1287
1287
1287
1287
1288
1288
1288
1288
1288
1288
1288
-1
1289
-1
1290
1290
1290
1290
1291
1291
1291
1291
1291
1291
-1
1292
1292
1292
1293
1293
1293
1293
1293
1293
1294
1294
1294
1294
1294
1294
1294
1295
1295
1295
1295
1296
1296
1296
1296
1296
1296
1296
1296
1297
1297
1297
1297
1298
1298
1298
1298
1298
1298
1298
1298
1299
1299
1299
1300
1300
1300
1300
1301
1301
1301
1301
1302
1302
1302
1302
-1
1303
1303
1303
-1
1304
1304
1304
-1
1305
1305
603
1306
1306
1306
1307
1307
1307
1307
1307
1307
1307
1308
1309
1309
1309
1309
1310
1310
1310
1310
1310
1310
1311
1311
1311
1311
1311
1311
-1
-1
1312
1312
1312
1313
1313
1313
1314
1314
1314
1315
1315
1315
1315
1316
1316
1316
1316
1316
1316
1316
1316
1317
1317
1317
1317
1317
-1
1318
1318
1318
-1
1319
1319
1319
1319
-1
1320
1320
1320
1321
1321
1321
1321
1321
1321
1322
1322
1322
1322
1322
1322
1323
1323
1323
1323
1323
1323
1323
1324
1324
1324
1324
1324
-1
-1
1325
1325
1325
1326
1326
1326
1326
1326
1326
1326
1326
-1
-1
1327
1327
1327
1328
1328
1328
1328
1329
1329
1329
1329
1329
1329
1329
1330
492
492
492
492
492
-1
-1
1331
1331
1332
1333
1333
1334
1334
1335
689
689
689
689
689
1336
1336
1336
1336
1336
1336
1337
1337
429
429
1338
1338
1338
1338
-1
1332
1332
1332
-1
-1
1339
1339
-1
-1
1340
1340
-1
1341
1341
1341
1342
1342
1342
1342
1343
1343
1343
1344
1344
1344
-1
1345
1345
1345
1346
1346
1346
1346
1346
1346
-1
-1
1347
647
-1
1348
1348
1348
-1
1349
1349
1350
1350
1350
1350
1350
1350
1350
-1
1351
1351
1351
1352
1352
1352
1352
1352
1352
1352
1353
1353
1353
1353
1353
1353
1353
1354
1355
1355
1355
-1
1356
1356
1356
-1
1357
1357
1357
1358
1358
1358
1358
1359
1359
1359
1359
1359
-1
1360
1360
283
283
1361
1361
1361
1361
1361
1361
1361
1361
-1
1362
1362
1362
-1
-1
1363
1363
-1
1364
1364
1365
1365
1365
1365
1365
1365
1366
1366
1366
1366
1366
1366
1366
-1
1367
1367
1367
1368
1368
1368
1368
1368
1368
1368
-1
1369
1369
1369
1370
1370
1370
1370
1370
1370
1370
1370
-1
1371
1371
1371
1372
1372
1372
1372
1372
1372
1372
1373
1373
1374
1374
1374
-1
1375
1375
1375
1376
1376
1376
1376
1376
1376
1376
1377
1377
1377
1377
1377
1377
1377
-1
-1
1378
1378
-1
-1
1379
1379
-1
1380
1380
-1
1381
1381
1382
1382
1382
1383
1383
1383
-1
1384
1384
1384
-1
243
243
243
1385
1386
1386
1386
1387
1387
1387
1387
1387
1387
1388
1388
1388
1388
1389
1389
1389
1389
1390
1390
1391
1391
1391
1391
1392
1392
1392
1392
1393
1393
1393
1393
1393
1394
1394
1394
1394
1394
1394
1395
1395
1395
1395
1396
1396
1396
1397
1397
1397
1397
1398
1398
1398
1399
1399
1399
1399
1399
1399
1400
1400
1400
1400
1400
1400
1401
1401
1401
1401
1402
1402
1402
1402
1402
1402
1402
-1
1403
1403
1403
1403
1403
1403
1403
-1
-1
1404
1404
1405
138
138
138
1406
1407
1407
1407
-1
1408
1408
1408
1409
1409
1409
1409
1409
1409
-1
1410
1410
1410
1411
1411
1411
1411
1411
-1
1412
1412
1413
1413
1413
1413
1414
1414
1415
1415
-1
1416
1416
1416
1417
1417
1417
1417
1418
1418
1419
1420
1420
1420
1420
1420
1420
1420
1421
1421
1421
1421
1421
1421
1421
1422
1422
1422
1422
1422
1422
1422
-1
1423
1423
1423
1424
1424
1424
1424
1424
1424
-1
1425
328
328
1426
1426
1426
1426
1426
1427
1427
1427
1427
1427
-1
1428
1428
1428
1429
1429
1429
1429
1429
1429
1429
1430
1430
1430
1430
1430
1430
1430
-1
-1
1431
1431
-1
1432
1432
1433
-1
1434
1434
-1
1435
1435
1435
1436
1436
1436
1436
1436
1437
1437
1437
1437
1437
1438
1438
1438
1438
1438
1438
1438
1438
1439
1439
1439
1439
1439
1439
-1
1440
1440
1441
1441
1441
1441
1441
1441
1441
-1
1442
1442
1442
-1
1443
1443
1443
1444
1444
1444
1444
1444
1444
1444
1444
-1
1445
1445
1275
-1
1446
1446
1446
-1
-1
1447
1447
-1
1607
1448
1448
1449
1449
1449
1449
1449
1449
1449
1450
1450
1450
1450
1450
1451
1451
1451
1451
1452
1452
1452
1452
1453
1454
1454
1454
1455
1455
1455
1455
1455
1455
1455
1456
1308
1308
1308
1308
1308
1308
1457
1457
1457
1457
1457
-1
1458
1458
1458
1459
1459
1459
1459
1459
1459
1459
1460
1460
1460
1460
-1
1461
1461
1461
1462
1462
1462
1462
1462
1462
1462
1462
-1
1463
1463
1463
-1
1464
1464
1464
1465
1465
1465
1465
1466
1466
1466
1466
1466
1466
1467
1467
1467
1468
1468
1468
1468
1468
1468
1468
1469
1469
1469
1470
1470
1470
1470
1471
1471
1471
1471
1471
1471
1471
1472
1472
1472
1472
1472
1473
1473
1473
1473
1473
1474
1474
1474
1474
1474
1475
1475
1475
1475
1475
1475
1475
1476
1476
1476
1476
1476
1476
1476
1477
1477
1477
1477
1477
1477
1477
1478
1478
1478
1478
1478
-1
1479
1479
1479
-1
1480
1480
1480
1480
1480
1480
1480
-1
814
814
814
1481
1481
1481
1481
1481
1481
1481
1482
1482
1482
1482
1482
1482
1482
1483
1483
1483
1484
1484
1484
1484
1484
1484
1484
1485
1485
1485
1485
1485
1485
1485
1486
1486
1486
1487
1487
-1
1488
1488
1488
1489
1489
1490
1490
1490
1490
1490
1491
1491
1491
1491
1491
1491
1491
1492
1492
1492
1492
1493
1493
1493
1493
1494
1494
1494
1495
1495
1495
1495
1495
1495
1496
1496
1496
1497
1497
1497
1497
1498
1148
1148
1499
1499
1499
1499
1499
1499
1499
1500
1500
1500
1500
1501
1501
1501
1501
1502
1502
1502
1502
1503
1503
1503
1504
1504
1504
1504
1505
1505
1505
1505
1506
1506
1506
1506
1507
1507
1507
1507
1508
1508
1508
1508
1509
1509
1509
1509
1510
1510
1510
1510
1511
1511
1511
1511
1511
1511
1512
584
584
584
1513
1513
1513
1513
1514
1514
1514
1514
1515
1515
1515
1515
1516
1516
1516
1516
1516
1517
1517
1517
1517
1517
1517
1518
1518
1518
1518
1518
1518
1519
1519
1519
1519
1520
1520
1520
1520
1521
1521
1521
1521
1522
1522
1522
1522
1523
1523
1523
1523
1524
1524
1524
1524
1525
1525
1525
1525
1525
1526
1526
1526
1526
1527
1527
1527
1527
1528
1528
1528
1529
1529
1529
1530
684
684
684
1531
876
876
876
1532
1532
1532
1532
1533
1533
1533
1533
1534
1534
1534
1534
1534
1534
1534
1535
1535
1535
1535
1535
1535
1535
1536
1536
1536
1536
-1
-1
1537
1537
1537
1538
1538
1538
1538
1539
1539
1539
1540
1540
1540
1540
1541
1541
1541
1541
1542
1542
1542
1543
1543
1543
1543
1543
1543
1544
1544
1544
1544
1544
1545
1545
1545
1545
1546
1546
1547
1547
-1
1548
1548
1548
1548
1549
1549
1549
1549
1550
1550
1550
1550
1550
1550
1550
1551
1551
1551
1551
1551
1551
1551
1552
1552
1552
1552
1552
1553
1553
1553
1553
1553
-1
-1
1554
1554
1555
1555
1555
1555
1555
1555
1555
1555
-1
-1
1556
1556
1557
1557
1557
1557
1557
1557
-1
1558
1558
1558
1559
1559
1559
1559
1559
1559
1559
1560
1560
1560
1560
1560
1560
1561
1561
1562
1562
1562
1563
1563
1563
1563
1564
1564
1564
1564
1564
1565
1565
1565
1565
1565
1565
1565
1566
1566
1566
1567
1567
1567
1568
1568
1568
1568
1568
-1
1569
1569
1569
-1
1570
1570
1570
-1
1571
1571
1571
1571
1571
1571
1571
1572
1572
1572
1572
1573
1573
1573
1574
1574
1574
1574
1574
1574
1574
-1
1575
1575
876
1576
1576
1577
1577
1577
1578
1578
1579
1579
1579
1579
1579
1579
1580
1580
1580
1580
1580
1580
1580
-1
1581
1581
1581
-1
1582
1582
1582
1583
1583
1583
1583
1583
1584
1584
1584
1584
1584
1584
1584
1584
1585
1585
1585
1585
1585
1585
-1
134
134
134
1586
1586
1586
1586
1586
1586
1586
1586
1587
1587
1588
1588
1588
-1
1589
1589
1589
-1
1590
1590
1590
-1
1591
1591
-1
-1
1592
1593
1593
1593
-1
1594
1594
1594
1595
1595
1595
1595
1595
1595
1596
1596
1596
1596
1596
1596
1596
1597
1597
1597
1597
1597
1597
1597
-1
-1
257
257
-1
1598
1598
1598
-1
1599
1599
1599
-1
1600
1600
1600
-1
1601
1601
1601
-1
1602
1602
1603
1603
1603
1603
1603
1603
1603
1604
1604
1604
1604
1605
1605
-1
1606
1606
1606
1607
-1
1608
1608
1609
1609
1609
1609
1609
1609
1609
1609
-1
-1
-1
-1
-1
1610
1610
-1
-1
-1
-1
1611
1611
-1
1612
1612
-1
-1
1613
1613
1614
1614
1614
1614
1614
1614
-1
1615
1615
539
-1
1616
1616
1616
1617
631
1618
1618
-1
1619
1619
1619
1619
-1
-1
1620
1620
-1
1621
1621
1621
-1
1622
1622
1622
1622
-1
1623
1623
1623
1623
1623
1624
1625
1625
1625
-1
65
65
65
-1
251
1626
1626
-1
-1
1627
1627
-1
-1
-1
-1
1628
1628
1629
1629
1629
1629
1629
1629
1629
1630
1630
1630
1630
1630
1630
1630
-1
1842
-1
-1
500
1631
1631
1632
1633
1633
1633
1634
1634
1634
1634
1634
1634
1635
1635
1635
1635
1635
1635
1635
-1
1636
1636
1636
1637
1637
1637
1637
1637
-1
1638
1638
1638
1638
1638
1638
1638
-1
-1
1639
1639
-1
1640
1640
-1
1641
1641
1641
1641
1641
1641
1641
1641
-1
623
623
623
623
623
623
-1
1642
1642
1643
1644
1644
1644
-1
1645
1645
1645
1646
1646
1646
1646
1646
1646
-1
1647
1647
1647
1648
1648
1648
1648
1648
1648
1649
1649
1649
1649
1649
-1
1650
1650
1650
-1
-1
1651
1651
-1
-1
1652
1652
-1
1653
1653
1653
-1
1654
1654
1654
-1
1655
1655
1655
1656
1656
1656
1656
1656
1656
1657
1657
1657
1657
1657
1657
1657
1658
1658
1658
1658
1658
1658
1658
-1
1659
1659
1659
1660
1660
1660
1660
1660
-1
-1
1661
1661
1661
1662
1662
1662
1662
1662
1663
1663
-1
1664
1664
1664
-1
-1
-1
1665
1665
1665
1665
1665
1665
-1
1069
1069
1069
-1
420
420
420
-1
-1
1666
1666
-1
1667
1667
1668
1668
1668
1668
1668
1668
1668
-1
1669
1669
1669
1670
1670
1670
1670
1670
1670
1671
1672
1672
-1
1673
1673
1673
1674
1674
1674
1674
1674
1674
1674
1675
1675
1675
1676
1676
1676
1677
1677
1677
1677
1678
1678
-1
1679
1679
-1
-1
1680
1680
-1
1681
1681
1681
1682
1682
1682
1682
1682
1682
1682
1682
1683
1683
1683
1683
1683
1683
1683
-1
1684
1684
1684
-1
1685
1685
1685
-1
1686
1686
1686
-1
708
708
-1
1687
1687
1688
1688
1688
1688
1688
1689
1689
1689
1689
1689
1689
1689
-1
1690
1690
1690
1691
1691
1691
1691
1691
-1
773
773
773
-1
1692
1693
1693
-1
-1
1694
1694
1694
1694
1694
1694
1694
1695
1695
1695
1695
-1
1224
1224
1224
1696
1696
1697
1697
1697
1697
-1
1698
1698
1698
-1
1699
1699
1699
1700
1700
-1
-1
-1
1701
1701
1701
1702
1702
1702
1702
1702
1702
1702
1703
1703
1703
1703
1703
1703
1703
1704
1704
1704
1704
1704
1704
1704
1705
1705
1705
1705
1706
1706
1706
1706
1707
1707
1707
1707
1708
1708
-1
1709
1709
1709
-1
1710
1710
1710
-1
1711
1711
1711
-1
1712
1712
1712
-1
1713
1713
1713
-1
1714
1714
1714
-1
1715
1715
1715
-1
1716
1716
1716
-1
903
1717
1717
1718
1718
1718
1718
1719
1719
1719
1719
1719
-1
1720
1720
1720
1720
1720
1720
1720
-1
1721
1721
1721
1722
71
71
1723
1723
1723
1723
1723
1723
1723
1724
1724
1724
1724
1724
1725
1725
1725
1725
1726
1726
1726
1726
1727
1727
1727
1727
1728
1728
1728
1728
1729
1729
1729
1729
1730
675
675
675
1731
1731
1731
1731
1731
1731
1731
-1
1732
1732
1732
1732
1732
1732
1732
1733
1733
1733
1733
1734
1734
1734
1734
1735
1735
1735
1735
1736
1736
1736
1736
1737
1737
1737
1737
1738
1738
1738
1738
-1
1739
1739
1739
1739
1740
417
1741
1741
1741
1741
1742
1742
1742
1743
1743
1743
1743
1743
1744
1744
1744
1744
1745
1745
1745
1746
1746
1746
1746
1746
1746
1746
1747
1747
1747
1747
1747
1747
1748
1748
1748
1748
1748
1748
1748
-1
1749
1749
1749
1749
1749
1749
1749
-1
1750
1750
1750
1751
1751
1751
1751
1751
1751
-1
1752
1752
1752
-1
1753
1753
1753
1754
1754
1754
1754
1754
1754
1754
1755
1755
1755
1755
1755
1755
1756
1756
1756
1756
1757
1757
1757
1757
1757
1758
1758
1758
1758
1758
1759
1759
1759
1760
1760
1760
1760
1760
1760
1760
1761
1761
1761
1761
1761
1761
1761
1761
-1
1762
1204
1204
1763
1763
1763
1763
-1
1764
1764
1764
1765
1765
1765
1765
1765
1765
1765
1766
1766
1766
1766
1766
1766
1766
-1
-1
1767
1767
1767
1768
1768
1768
1768
1768
1768
1768
1769
1769
1769
1769
1769
1769
1769
1770
1770
1770
1770
1771
1771
1771
-1
1772
1772
1772
1773
1773
1774
1774
1774
1774
1774
1774
1775
1775
1775
1775
1775
1775
1775
1775
1776
1776
1776
1776
1777
1777
-1
1778
1778
1778
-1
1779
1779
1779
1780
1780
1780
1780
1780
1780
1781
1781
1781
1781
1781
1781
-1
1782
1782
1782
1783
1783
1783
1783
1783
1783
-1
1784
1784
1784
1785
1785
1785
1785
1785
1785
1785
1786
1786
1786
1786
1786
1786
1786
1787
1787
1787
1787
1787
1788
1789
1789
1789
-1
1790
1790
1790
1790
1791
1791
1791
-1
-1
1792
1792
1792
1792
1793
1793
1793
1793
1793
1793
1793
1794
53
53
53
1795
1795
1795
1795
1796
1796
1796
1796
1797
1797
1797
1797
1798
1798
1798
1798
1798
1798
1798
1799
1799
1799
1799
1799
1799
1799
1800
1800
1800
1800
1800
1800
1800
1800
1801
1801
1801
1801
1802
1802
1802
1802
1802
1803
1803
1803
1803
1804
1804
1692
1692
1805
1805
1805
1805
1805
1805
1805
1806
1806
1806
1806
1807
1807
1807
1807
1808
569
569
569
1809
1809
1809
1809
1810
1810
1810
1810
1811
1811
1811
1811
1812
633
633
633
1813
1813
1813
1813
1813
1813
1814
1814
1814
1814
1814
1814
1814
1815
1815
1815
1815
1815
1815
1815
1816
1816
1816
1816
1816
1816
1816
1817
1817
1817
1817
1817
1817
1817
1818
1818
1818
1818
1818
1818
1818
1819
1819
1820
1820
1820
1821
1821
1821
1821
1821
1822
1822
1822
1822
1823
1823
1823
1823
1824
1824
1824
1824
1825
1825
1825
1825
1826
1826
1826
1826
1826
1827
1827
1827
1827
1827
1827
1828
1828
1828
1828
1828
1828
1828
1828
1829
1829
1829
1829
1830
1830
1830
1830
1831
1831
1831
1831
1832
1832
1832
1832
1832
1832
1832
1833
1833
1833
1833
1833
1833
1833
1834
1834
1834
1834
1834
1835
1835
1835
1835
1836
1836
1836
1836
1837
1837
1837
1837
1838
1838
1838
1838
1839
1839
1839
1836
1840
1840
1840
1840
1841
1841
1841
1841
1841
1841
1841
1842
1843
1843
1843
1843
1843
1843
1843
1844
1844
1844
1844
1845
1845
1845
1845
1845
1845
1846
1846
1846
1847
1847
1847
1847
1847
1847
1847
1848
1848
1848
1848
1849
1849
-1
1850
1850
1850
1850
1851
1851
1851
1851
1852
1852
1852
1852
1853
1853
1853
1853
1853
1854
1854
1854
1854
1854
1854
1854
1855
1855
1855
1855
1855
-1
1856
1856
1856
1856
1857
1857
1857
1857
-1
1858
1858
1859
1859
1859
1859
-1
1860
1860
1860
-1
1861
1861
1861
1862
1862
1862
1862
1862
1863
1863
1863
1863
1863
1863
1863
-1
1617
1617
1617
-1
1864
1864
1864
-1
1022
1022
1022
1865
1865
1865
1865
1865
1865
1865
1866
1866
1866
1866
1867
1867
1867
1867
1868
1868
1869
1869
1869
1869
1870
1870
1870
1870
-1
1871
1871
1871
-1
1872
1872
1305
1873
1873
1873
1873
1874
1874
1874
1874
1874
1875
1875
1875
1875
1875
1875
1875
-1
1876
1876
1876
-1
1877
1877
1877
1878
1878
1878
1878
1878
-1
1879
1879
1879
1879
1694
1880
1880
1880
1880
1880
-1
1881
1881
1881
1881
-1
1882
1882
936
1883
1883
1884
1884
1885
1885
1885
1885
1886
1886
1886
1886
1886
1886
1886
1887
1297
1297
1297
1297
1888
1888
1888
1888
1888
1888
1889
1889
1889
1889
1889
1889
1889
1890
1890
1890
1890
1891
1891
1891
1891
1891
1891
1891
1892
1892
1892
1892
1893
1893
1893
1893
1894
1894
1894
1428
-1
1895
1895
1895
1895
1896
1896
1009
1009
1897
1897
1897
1897
1898
1898
1898
1898
1899
1899
1899
1899
1899
1899
1899
1900
1900
1900
1900
1901
1901
1901
1901
1902
1276
1276
1276
1903
1419
1419
1419
1904
1904
1904
1904
1905
1905
1905
1905
1905
1905
-1
1906
1906
1906
1906
1907
1907
1907
1907
-1
1908
1908
1908
1909
1909
1909
1909
1909
1909
1909
1909
1910
1910
1910
1910
1910
1910
1910
1911
1911
1911
1911
1911
1911
1911
1912
1896
1896
1896
1913
1913
1913
1913
1913
1913
1913
1914
1250
1250
1250
1915
1915
1915
1915
1916
1916
1916
1916
1917
1917
1917
1917
1917
1918
1918
1918
1918
1919
1919
1919
1919
1919
1919
1919
1920
1920
-1
1921
-1
-1
1922
1922
1922
1923
1923
1923
1923
1923
1923
1924
1924
1924
1924
1924
1924
1924
1925
520
520
520
1926
1926
1926
-1
1927
1927
1927
1927
1927
-1
1928
1928
1928
1929
1929
1929
1929
1929
1929
1929
1930
1930
1930
1930
1930
1930
1930
1931
1931
1931
1931
-1
1932
1932
1932
-1
1933
1933
1933
1934
1934
1934
1934
1935
1935
1935
1935
1935
1935
1936
1936
1936
1936
1936
1936
1936
1936
1937
1937
1937
1937
1937
1937
1938
1938
1938
1938
1938
1938
1938
1939
1939
1939
1939
1940
1940
1940
1941
1941
1941
1941
1941
1941
1941
1941
1942
1942
1942
1942
1943
1943
1944
1944
1944
1944
1944
1944
1944
1944
-1
1945
1945
1945
1946
1946
1946
1946
1946
1946
1946
-1
1592
1592
1592
1592
-1
1947
1947
1947
1948
1948
1948
1948
1948
1948
1948
1949
1949
1949
1949
1949
1949
-1
1950
1950
1950
1951
1951
1951
1951
1951
1952
1952
1952
1952
1952
1953
1953
1953
1953
1954
1954
1954
1955
1955
1955
1955
1956
1956
1956
1956
1956
1957
1957
1957
1957
1957
1957
1958
1958
1958
1958
1959
1959
1959
1959
1959
1959
1960
1960
1960
1960
1961
1961
1961
1961
1961
1961
1962
1962
1962
1962
1962
-1
1963
1963
1963
1963
1963
1964
1964
1964
1964
1964
1964
1965
1965
1965
1965
1965
1965
1966
1966
1966
1966
1966
1966
1966
1967
1967
1967
1967
1968
1512
1512
584
1969
1969
1969
1969
1969
1969
1970
1970
1970
1970
1971
1971
1971
1971
1972
1972
1972
1972
1972
1972
1973
1973
1973
1974
1974
1974
1974
1974
1974
1974
1975
1975
1975
1975
1975
1975
1975
1976
1976
1976
1976
1976
1976
1977
1977
1977
1977
1977
-1
1978
1978
1978
1978
1978
1978
1978
-1
1979
1979
1979
-1
1980
1980
1980
-1
1981
1981
1981
-1
1982
1982
1982
-1
1983
1983
1983
1984
1984
1984
-1
1985
1985
1985
-1
1986
1986
1986
-1
1987
1987
1987
-1
1988
1988
1988
1989
1990
1990
-1
1991
1991
1991
-1
1992
1992
1992
1993
1993
1993
1993
1993
1993
1993
1994
1994
1994
1994
1994
1994
1995
1995
1995
1995
1995
1995
1995
1996
1996
1996
1996
1997
1997
-1
1998
1998
1998
-1
1999
1999
1999
2000
2000
2000
2000
2000
2000
2000
2001
2001
2001
2001
2001
2001
2001
-1
2002
2002
2002
-1
2003
2003
-1
2004
2004
2004
-1
2005
2005
-1
2006
2006
2006
-1
2007
2007
2007
-1
2008
2008
2008
-1
1077
1077
1077
2009
2009
2009
2009
2009
2009
2010
2010
2010
2010
2010
-1
2011
2011
2011
-1
545
545
545
-1
2012
2012
2012
2013
2014
2014
2014
2015
715
715
715
715
2016
2016
2016
2016
2017
2017
2017
2017
2017
2017
-1
2018
2018
2018
-1
2019
2019
2019
-1
2020
2020
2020
-1
2021
2021
2021
-1
2022
2022
2022
2023
2023
2024
2024
2024
2025
2025
2025
2025
2025
2025
-1
2026
2026
2026
2027
2027
2027
2027
-1
2028
2028
2028
-1
2029
2029
2029
2030
2030
2030
2030
2030
2031
2031
1306
2032
2032
2032
2032
2032
2032
2032
2032
2033
2033
2033
2033
2033
2033
2033
-1
2034
2034
2034
-1
2035
2035
2035
2035
2036
2037
2037
2037
2038
2038
2038
2038
2038
2038
2038
2039
2039
2039
2039
2039
2039
2039
2040
2040
2040
2040
2040
2040
2041
2041
2041
2041
2041
2041
2041
2042
2042
2042
2042
2042
2042
2042
2043
2043
2043
2043
2043
2043
2043
2044
2044
2044
2045
2045
2046
2046
2046
2046
2047
2047
2047
2047
-1
2048
2048
2048
-1
2049
1085
-1
2050
720
720
2051
2051
2051
2051
2052
2052
2053
2053
2054
2054
2054
2054
2054
2054
2054
-1
2055
2055
2055
2056
2056
2056
2056
-1
2057
2057
2057
2058
2058
2058
2058
2058
2058
2058
2059
2059
2059
2059
2059
2059
-1
2060
2060
2060
-1
2061
2061
2061
-1
-1
-1
-1
-1
2062
2062
2062
-1
2063
2063
2063
-1
2064
2064
2064
-1
2065
2065
2065
2066
2066
2066
2067
2067
2067
2067
2067
2067
2068
2068
2068
2068
2068
2068
2068
2069
2069
2069
-1
-1
-1
-1
2070
2070
2070
2071
2071
2071
2071
2071
2072
1512
1512
1512
-1
2073
2073
2073
2074
2074
2074
2074
2074
2075
2075
2075
2075
2075
2075
2075
2076
2076
2076
2076
2076
2076
2076
2077
2077
2077
2077
2077
2078
2078
2079
2079
2079
2079
2079
2079
2079
2080
2080
2080
2080
2080
2080
2080
2081
2081
2081
2081
2081
2081
2081
2082
2082
2082
2082
2082
2083
2083
2083
2083
2084
2084
2084
-1
2085
2085
2085
2086
2086
2086
2086
2086
2086
2086
-1
2087
2087
2087
2088
2088
2088
2088
2088
2088
2089
2089
2089
2089
2089
2089
2090
2090
2090
2090
2090
2090
2090
2091
2091
2091
2091
2091
2091
2091
2092
2092
2092
2093
2093
-1
2094
2094
2094
2095
2095
2095
2095
2095
-1
2096
2096
2096
-1
-1
2097
2097
2097
2098
2098
2098
2098
2098
2098
2098
2098
2099
2099
2099
-1
2100
2100
2100
288
288
288
2101
2101
921
921
-1
2102
2102
2102
2102
2103
2103
2104
2104
2104
2104
2104
2104
2105
2105
2105
2105
2105
2106
2106
2106
2107
2107
2107
2107
2108
2108
2108
2108
2108
2108
2108
2109
2109
2109
2109
2110
2110
2110
2110
2111
2111
2111
2111
2112
2112
2112
2112
2112
2112
2112
2113
2113
2113
2113
2113
2114
2114
2114
2114
2114
2114
2115
2116
2116
2116
2116
2117
2117
2117
2118
2118
2118
2118
2119
2119
2119
2119
2119
2119
2119
-1
2120
2120
2120
2120
-1
2121
2121
2121
2122
2122
2122
2122
2122
2122
2122
2123
2123
2123
2123
2123
2123
2123
-1
2124
2124
2124
-1
2125
2125
2126
2126
461
461
-1
2127
2127
2127
-1
2128
2128
2128
2129
2129
1289
2130
2130
2130
2130
2130
2131
2131
2131
2131
2131
2131
2131
2132
2132
2132
2132
2132
2133
2133
2133
2133
2133
2134
2134
2134
2134
2135
2135
2135
2135
2135
2135
2135
2136
2136
2136
2136
2136
2136
2136
2137
2137
2137
2137
2137
-1
2138
2138
622
2139
2139
2139
2139
2139
-1
-1
2140
2140
2140
-1
2141
2087
2087
-1
2142
2142
2142
2143
2143
2143
-1
2144
2144
1897
2145
2145
2145
2145
2145
2145
-1
2146
2146
2146
-1
2147
2147
2147
-1
2148
2148
2148
2149
2150
2150
2150
-1
2151
2151
2151
-1
2152
2152
2152
-1
2153
2153
2153
2154
2154
2154
2154
2155
424
424
2156
2156
2156
2156
2156
2156
2156
2157
2157
2157
2157
2157
-1
2158
2158
2158
2159
2159
2159
2159
2159
2159
2159
2159
2160
2160
2160
2160
2161
2161
2161
2161
2161
2161
2161
2162
2162
2162
2163
2163
2163
2163
2163
2163
2164
1326
1326
1326
1326
1326
1326
1326
