0
0
0
0
1
1
1
1
2
2
2
2
3
3
3
3
3
3
3
3
4
4
4
4
5
5
5
5
6
6
6
7
7
7
7
8
8
8
8
9
9
9
9
10
10
10
10
11
11
11
11
11
11
11
12
12
12
12
13
13
13
14
14
14
14
15
15
16
16
16
16
17
17
17
17
18
18
18
18
19
19
19
19
20
20
20
20
21
21
21
21
22
22
22
23
23
23
23
24
24
24
24
25
25
25
25
26
26
26
26
26
26
26
27
27
27
27
28
28
28
28
29
29
29
29
30
30
30
30
31
31
31
31
32
32
32
32
33
32
32
32
34
34
34
34
35
35
35
35
36
36
36
36
37
37
37
37
38
38
38
38
39
39
39
39
40
40
40
40
41
41
41
41
42
42
42
42
43
43
43
44
44
44
44
45
45
45
45
46
32
32
32
47
47
47
48
48
48
48
49
49
49
49
50
50
50
50
51
51
51
51
52
52
52
52
53
53
53
53
54
54
54
54
54
54
54
54
55
55
55
55
56
56
56
56
57
57
57
57
58
58
58
59
59
59
59
60
60
60
60
61
61
61
61
62
62
62
62
63
63
63
63
-1
-1
64
64
65
65
65
65
66
66
66
66
62
62
62
67
67
67
68
68
69
69
69
69
69
69
-1
70
70
70
71
71
71
71
71
71
71
-1
72
72
72
-1
73
73
73
-1
74
74
74
75
75
75
75
76
76
76
76
76
77
77
77
77
77
77
77
78
78
78
78
79
79
79
79
80
80
80
80
-1
81
81
82
82
82
82
82
83
83
83
83
84
84
84
84
85
85
85
85
86
86
86
86
86
86
86
-1
87
87
87
87
87
87
87
88
88
88
88
88
88
88
89
89
89
89
90
90
90
90
90
90
90
91
91
91
91
91
91
-1
92
92
-1
93
93
93
94
94
94
94
94
94
94
95
95
95
95
95
95
95
-1
96
96
96
-1
97
97
97
-1
98
98
98
98
99
99
99
99
100
100
100
100
101
101
101
102
102
102
102
103
103
103
103
104
104
104
104
105
105
105
105
105
105
105
106
106
106
106
106
106
106
107
107
107
107
107
107
107
-1
108
108
108
109
109
109
109
109
109
-1
110
110
110
-1
111
111
111
112
112
112
112
112
112
113
113
113
113
113
113
113
-1
114
114
-1
115
115
115
-1
116
116
116
117
117
117
117
118
118
118
118
118
119
119
119
119
119
119
119
120
120
120
70
121
121
121
121
122
122
122
122
123
123
123
123
124
124
124
124
124
125
125
125
125
126
126
126
126
127
127
127
127
127
127
128
128
128
128
129
129
129
129
130
130
130
130
130
130
131
131
131
131
132
132
132
132
133
133
133
133
134
134
134
134
135
135
135
135
136
136
136
136
137
137
137
137
138
138
139
139
139
139
140
140
140
140
140
141
141
141
142
142
142
143
143
143
143
143
143
143
144
144
144
144
144
144
144
145
145
145
145
145
145
145
-1
146
146
146
146
146
147
147
147
147
147
147
147
148
148
148
148
148
148
-1
149
149
149
150
150
150
150
150
151
151
151
151
151
151
152
152
152
152
152
152
152
-1
153
153
153
154
154
154
-1
155
155
155
-1
-1
-1
156
156
156
157
157
157
158
158
158
158
158
158
158
159
160
160
160
-1
161
161
161
-1
162
162
162
163
163
163
163
163
163
163
164
164
164
164
164
164
165
165
165
165
165
165
165
-1
166
166
166
167
167
167
167
167
167
167
168
168
168
168
168
168
168
169
169
169
169
169
169
169
-1
170
170
170
-1
171
171
171
-1
172
172
172
173
173
173
173
173
-1
174
174
174
175
175
175
176
176
176
176
176
-1
177
177
177
178
179
179
179
-1
180
180
180
181
181
181
181
181
181
181
182
182
182
182
182
182
182
183
183
183
183
183
183
183
-1
184
184
184
-1
185
185
185
186
186
186
187
187
187
187
-1
188
188
188
188
188
188
189
189
189
189
189
189
189
190
190
190
190
190
-1
191
191
191
191
191
191
191
192
192
192
192
-1
193
193
193
193
193
193
193
194
194
194
194
194
194
194
195
195
195
195
195
195
195
195
196
196
196
196
196
196
197
197
197
197
198
198
198
198
199
199
199
199
200
200
200
200
201
201
201
201
202
202
202
202
202
202
202
203
203
203
203
203
204
204
204
204
204
204
204
204
205
205
205
206
206
206
207
207
207
207
207
207
208
208
208
208
209
209
209
209
210
210
210
210
210
210
210
211
211
211
211
211
211
212
212
212
212
212
212
212
213
213
213
213
213
213
213
214
214
214
214
214
214
214
215
215
215
215
216
216
216
216
216
216
216
217
217
217
217
217
217
218
218
218
218
218
218
218
219
220
220
220
221
221
221
221
221
222
222
222
222
222
222
223
223
223
223
223
223
224
224
224
224
224
225
225
225
225
-1
226
226
226
227
227
227
99
228
228
228
228
228
228
228
228
229
229
229
230
230
230
231
231
231
231
231
232
232
232
232
233
233
233
233
234
234
234
234
234
234
-1
235
235
235
236
236
236
-1
237
237
237
238
238
238
238
238
238
-1
239
239
239
-1
240
240
240
241
241
241
241
241
241
-1
242
242
242
243
243
243
243
243
244
244
244
244
244
244
244
245
245
245
245
-1
246
246
246
247
247
247
247
248
248
248
249
249
249
249
249
250
250
250
250
250
250
250
250
251
251
251
251
251
251
251
-1
252
252
252
-1
253
253
253
-1
254
254
254
255
255
255
255
255
255
255
-1
256
256
256
257
257
257
258
258
258
258
-1
-1
259
259
259
260
260
260
-1
261
261
261
-1
-1
262
262
263
263
263
263
264
264
264
264
-1
265
265
265
266
266
266
266
-1
267
267
267
268
268
268
268
269
269
269
269
-1
270
270
270
-1
271
271
271
272
272
272
272
273
273
273
273
-1
274
274
274
275
275
275
275
-1
276
276
276
277
277
277
277
277
277
277
278
278
278
278
278
278
278
-1
279
279
279
280
280
280
280
280
281
281
281
281
281
281
282
282
282
283
283
283
283
284
284
284
284
285
286
286
286
287
287
287
287
287
288
288
288
288
-1
289
289
289
290
290
290
290
-1
291
291
291
-1
292
292
292
293
293
293
-1
294
294
294
295
295
295
295
296
296
296
296
297
297
297
297
297
297
297
298
298
298
298
298
298
298
-1
299
299
299
300
301
301
301
302
302
302
302
302
302
302
303
303
303
303
303
303
303
304
304
304
305
305
305
305
-1
306
306
306
-1
307
307
307
-1
-1
308
308
309
309
309
309
309
309
309
309
310
310
310
310
-1
311
311
311
-1
-1
312
312
-1
-1
313
313
-1
314
314
314
-1
315
315
315
315
316
316
316
316
316
316
316
317
317
317
317
317
317
318
318
318
318
318
318
319
319
319
319
319
319
320
320
320
320
320
-1
321
321
322
322
322
322
322
322
-1
323
323
323
323
-1
324
324
324
324
-1
-1
325
325
326
326
326
326
326
326
326
327
327
327
327
327
327
327
-1
328
328
328
328
-1
329
329
329
330
330
330
330
331
331
331
331
331
331
332
332
332
332
332
332
333
333
333
333
333
333
333
334
334
334
334
335
335
335
335
336
336
336
-1
-1
-1
-1
337
337
338
338
338
338
338
338
-1
339
339
339
-1
-1
340
340
-1
-1
341
341
-1
342
342
342
342
-1
343
343
343
344
344
344
344
344
344
344
344
345
345
345
345
345
345
345
346
346
347
347
347
347
347
347
347
-1
348
348
348
349
349
349
349
349
349
349
-1
-1
-1
350
350
-1
351
351
351
-1
352
352
352
352
352
353
353
353
353
353
353
354
354
354
354
354
354
-1
355
355
355
-1
356
356
356
-1
357
357
357
-1
358
358
358
359
359
359
359
359
359
359
360
360
360
360
360
360
360
361
361
361
361
361
361
-1
-1
362
362
-1
-1
363
363
-1
-1
364
364
-1
-1
365
365
365
-1
366
366
366
-1
-1
367
367
-1
368
368
368
-1
-1
369
369
-1
370
370
370
-1
371
371
371
372
372
372
372
372
-1
373
373
-1
-1
374
374
374
374
375
375
376
376
376
376
376
376
377
377
377
377
377
378
378
378
378
378
378
378
-1
379
379
-1
159
380
380
381
381
381
381
381
382
382
382
382
382
382
383
383
383
383
383
383
383
384
384
384
384
384
-1
-1
385
385
386
386
386
386
386
387
387
387
387
388
388
388
388
389
389
389
389
390
390
390
391
391
391
391
392
392
393
393
393
393
393
393
393
394
394
394
394
395
395
395
395
396
396
396
396
396
396
397
397
397
397
398
398
398
398
399
399
399
399
399
399
399
400
400
400
400
-1
401
401
401
-1
402
402
402
403
403
403
403
404
404
404
404
404
404
404
405
405
405
405
405
406
406
406
406
406
-1
407
407
407
-1
408
408
237
-1
409
409
-1
410
410
410
-1
411
411
412
412
412
412
412
412
412
-1
413
413
413
-1
414
414
-1
415
415
415
416
416
416
416
416
416
416
417
417
417
417
417
417
417
418
418
418
418
418
418
418
-1
-1
419
419
419
-1
420
420
420
-1
421
421
421
-1
-1
422
422
-1
423
423
424
424
424
424
425
425
425
425
425
425
426
426
426
426
427
427
427
427
427
427
427
-1
428
428
428
-1
429
429
429
-1
-1
430
430
-1
-1
-1
431
431
431
431
431
431
431
432
432
432
432
-1
-1
433
433
-1
-1
434
434
434
-1
435
435
435
436
436
436
-1
437
437
437
-1
438
438
438
439
439
439
439
439
440
440
440
440
440
440
441
441
441
441
-1
442
442
442
-1
443
443
443
-1
444
444
444
445
445
445
445
446
446
446
447
447
447
447
448
448
448
449
449
449
449
450
450
450
450
450
450
450
450
-1
451
451
451
452
452
452
452
453
453
453
453
454
454
454
454
455
455
-1
-1
456
456
457
457
457
457
457
458
458
458
458
458
458
458
459
459
459
459
459
460
460
460
460
460
461
461
461
461
461
461
461
462
462
462
462
-1
463
463
463
464
464
464
465
465
465
466
466
466
466
466
466
466
-1
467
467
467
-1
468
468
468
469
469
469
469
469
469
469
469
470
470
470
470
470
470
470
-1
471
471
471
472
472
472
-1
-1
473
473
474
474
474
474
-1
475
475
475
-1
476
476
476
477
477
477
477
-1
478
478
478
-1
479
479
479
479
479
479
479
-1
480
480
480
-1
481
481
481
482
482
482
482
482
482
482
483
483
483
483
-1
484
484
484
485
485
486
486
486
486
486
486
486
-1
487
487
487
-1
488
488
488
489
489
489
489
489
489
489
-1
490
490
490
-1
491
491
491
-1
492
492
492
493
493
493
493
493
493
493
493
494
494
494
494
494
495
495
495
495
496
496
496
496
496
496
496
497
497
497
497
498
498
498
498
499
499
499
500
500
446
501
501
502
502
502
502
502
503
503
503
503
503
503
503
504
504
504
504
504
505
505
505
505
505
505
-1
506
506
506
507
507
507
507
507
507
508
508
508
508
508
508
508
508
509
509
509
509
509
509
510
510
510
510
510
511
511
-1
512
512
512
513
513
513
513
-1
514
514
514
515
515
515
515
-1
516
516
516
-1
517
517
517
518
518
518
518
519
519
519
519
520
520
-1
521
522
522
523
523
523
523
523
523
523
-1
-1
524
524
525
525
525
525
525
525
525
-1
526
526
526
527
527
527
527
527
527
527
528
528
528
528
528
528
528
-1
529
529
529
-1
530
530
530
531
531
531
531
531
532
532
532
532
532
532
532
533
533
533
533
533
533
533
-1
534
534
534
535
535
535
535
536
536
-1
537
537
537
-1
538
538
538
539
539
539
539
539
540
540
540
540
540
540
540
541
541
541
-1
542
542
542
-1
543
543
543
544
544
544
545
545
545
545
545
545
545
546
546
546
546
546
546
546
-1
547
547
547
547
547
547
548
548
548
548
549
549
549
549
549
549
549
550
550
550
550
550
550
550
551
551
551
551
551
552
552
552
552
552
552
552
553
553
553
553
554
554
554
554
555
555
555
555
555
555
556
556
556
556
557
557
557
557
558
558
558
558
559
559
560
560
560
560
560
560
560
561
561
561
561
561
561
561
562
562
562
562
563
563
563
563
564
564
564
564
564
564
564
565
565
565
565
566
566
566
566
566
567
567
-1
568
568
568
-1
569
569
569
570
570
570
570
570
571
571
571
572
572
572
572
572
572
-1
573
573
573
574
574
574
574
574
574
574
575
575
575
538
-1
-1
576
576
576
-1
577
577
577
578
578
578
578
578
578
578
579
579
579
579
579
579
580
580
580
581
581
581
581
581
581
581
581
582
582
582
582
582
-1
583
583
584
584
584
584
584
584
585
585
585
585
585
-1
586
586
586
-1
587
587
587
-1
588
588
588
-1
589
589
589
-1
590
590
590
591
591
591
591
591
591
-1
592
592
592
593
593
593
594
594
594
594
594
594
594
595
595
595
595
595
595
596
596
596
596
596
596
597
597
-1
598
598
598
-1
599
599
599
-1
600
600
600
-1
601
601
601
602
602
602
602
602
602
602
603
603
603
603
603
603
603
-1
604
604
604
-1
605
605
605
606
606
607
607
607
607
608
608
608
608
608
-1
609
609
609
609
609
609
610
610
611
611
611
611
611
611
612
612
612
612
612
612
612
613
613
-1
614
614
614
615
616
616
616
-1
617
617
617
618
618
618
618
618
618
618
-1
619
619
619
-1
-1
620
620
620
621
621
621
621
621
622
622
622
622
623
623
623
-1
624
624
624
-1
625
625
625
625
626
626
626
626
627
627
627
627
627
-1
628
628
628
629
629
629
629
630
630
630
-1
631
631
631
-1
632
632
632
-1
633
633
633
634
634
634
634
635
635
635
635
635
635
636
636
636
636
636
636
-1
637
637
637
638
458
458
458
458
458
639
639
639
639
639
639
639
640
640
640
640
640
640
640
641
641
-1
642
642
-1
643
643
643
644
644
644
644
645
645
-1
646
646
646
-1
-1
647
647
647
648
648
648
648
-1
649
649
649
650
650
650
650
651
651
651
651
652
652
652
652
653
653
451
451
654
654
654
654
655
655
655
655
655
655
656
656
656
656
657
657
657
657
658
658
658
658
659
659
659
659
660
660
660
660
661
661
661
661
662
662
662
662
663
663
663
663
664
664
664
664
664
665
665
665
665
665
665
666
666
666
666
666
-1
667
667
667
668
668
668
668
668
668
668
669
669
669
669
669
669
669
670
670
670
670
-1
671
671
671
672
672
672
672
-1
673
673
673
674
674
674
674
675
675
675
675
676
676
676
676
676
676
677
677
677
677
-1
-1
678
678
678
678
679
679
679
679
680
680
680
680
680
681
681
681
681
682
682
682
682
682
682
682
683
683
683
683
683
683
683
684
684
684
684
684
685
685
685
685
685
685
686
686
686
686
686
686
686
-1
687
687
687
687
-1
688
689
689
-1
-1
690
690
-1
-1
691
691
-1
-1
692
692
-1
693
693
693
-1
-1
694
694
-1
695
695
695
695
-1
696
696
696
-1
-1
697
697
-1
-1
698
698
-1
699
699
699
700
700
700
700
700
700
700
701
701
701
701
701
701
-1
-1
702
702
703
703
703
703
703
703
703
704
704
704
704
704
704
704
-1
-1
705
705
-1
706
706
706
707
707
707
707
707
708
708
708
708
708
708
-1
709
709
710
710
710
710
711
711
711
711
712
712
712
712
712
713
713
713
713
713
714
714
714
714
715
715
715
715
716
716
716
716
717
717
717
717
717
717
717
718
718
718
718
719
719
719
720
720
720
720
720
720
720
721
721
721
721
721
722
722
722
722
722
722
722
723
723
723
723
723
723
723
724
724
724
724
724
724
724
725
725
725
725
726
726
726
726
727
727
727
727
728
728
728
728
729
729
729
729
729
730
730
730
731
731
-1
732
732
732
732
733
733
733
733
733
734
734
734
735
735
735
735
735
736
736
736
736
737
737
737
737
738
738
738
738
739
739
739
739
740
740
740
740
741
741
741
741
742
742
743
743
743
743
744
744
744
744
744
744
744
745
745
745
745
746
746
747
747
747
747
747
747
748
748
748
748
748
748
748
749
749
749
749
750
750
750
750
751
751
751
751
752
752
752
752
753
753
753
753
754
754
754
754
755
755
755
756
756
756
756
757
757
757
757
758
758
758
758
759
759
759
759
759
760
760
760
760
761
761
761
761
-1
762
762
762
762
763
763
763
763
764
764
764
764
764
764
764
-1
765
450
450
450
450
450
450
450
766
766
766
766
766
766
766
766
767
767
767
768
768
768
769
769
769
770
770
770
770
771
771
521
521
772
772
772
772
772
773
773
-1
774
774
774
774
775
775
775
776
776
776
776
777
777
777
777
778
778
778
778
779
779
779
779
779
779
780
780
780
780
781
781
781
781
782
782
782
782
783
783
783
783
784
784
784
784
785
785
785
785
786
786
786
786
787
787
787
787
788
788
788
788
788
788
788
789
789
789
789
789
789
789
790
790
790
790
791
791
791
791
791
791
792
792
793
793
793
793
794
794
794
794
795
795
795
795
796
796
796
796
796
796
797
797
797
797
797
797
797
797
798
798
798
798
798
799
799
799
799
800
800
800
800
800
800
800
801
801
801
801
801
801
801
802
802
802
802
803
803
803
803
803
803
803
804
804
804
804
805
805
805
805
806
806
806
806
807
807
807
807
808
808
808
808
808
808
808
809
19
19
19
810
810
810
810
811
811
811
811
811
811
811
812
812
812
812
813
813
813
813
814
814
815
815
815
815
815
815
815
-1
816
816
495
817
817
817
817
817
818
818
818
819
819
819
-1
820
820
820
820
820
821
821
821
821
822
822
822
822
823
823
823
823
823
823
823
824
824
824
824
825
825
825
826
826
826
826
827
827
827
827
828
828
829
829
829
829
830
830
830
830
830
830
830
831
454
454
454
832
832
832
832
833
833
833
833
833
834
834
834
-1
-1
835
-1
-1
-1
-1
836
836
836
836
837
837
837
837
838
838
838
838
839
839
839
840
840
840
840
841
841
841
841
842
842
842
842
843
843
843
844
844
844
844
844
844
844
845
846
846
846
846
847
847
847
847
847
847
-1
848
848
848
849
849
849
850
850
850
850
850
850
850
850
-1
851
851
851
-1
852
852
852
852
-1
853
853
853
854
854
854
854
854
854
855
855
855
855
855
855
856
856
856
856
856
-1
857
857
857
-1
-1
858
858
858
859
859
859
859
859
859
859
860
332
332
332
332
332
-1
-1
861
861
-1
862
862
863
863
864
864
864
864
864
864
865
865
865
865
865
865
866
866
866
866
-1
867
867
867
-1
-1
868
868
-1
-1
869
869
-1
870
870
870
871
871
871
871
872
872
872
872
872
872
873
873
873
873
873
873
873
-1
874
874
874
875
875
875
875
875
875
875
-1
876
876
876
-1
877
877
877
-1
878
878
878
879
879
879
879
880
880
880
880
881
881
881
881
881
881
882
882
882
882
882
882
882
883
883
883
883
883
883
883
-1
-1
884
884
-1
885
885
886
886
886
887
887
887
-1
888
888
888
-1
889
889
889
890
890
890
890
890
890
891
891
891
891
892
892
893
893
893
893
894
894
894
894
895
895
895
895
895
896
896
896
896
896
896
897
897
897
897
898
898
898
899
899
899
900
900
900
900
900
900
-1
901
901
901
902
902
902
902
902
902
-1
903
903
903
904
904
904
904
904
-1
905
905
906
906
906
906
907
907
908
908
-1
909
909
909
910
910
910
910
911
911
912
913
913
913
913
913
913
913
914
914
914
914
914
914
914
915
915
915
915
915
915
915
-1
916
916
916
917
917
917
917
917
-1
918
918
918
919
919
919
919
919
919
919
920
920
920
920
920
920
920
-1
-1
921
921
-1
922
922
-1
-1
923
923
-1
924
924
924
925
925
925
925
925
926
926
926
926
926
926
926
926
927
927
927
927
927
927
928
928
928
928
928
928
928
-1
929
929
929
930
930
930
930
930
930
930
930
-1
931
931
825
-1
-1
932
932
933
933
933
933
933
933
933
934
934
934
934
934
935
935
935
935
935
935
935
936
845
845
845
845
845
845
937
937
937
937
937
-1
938
938
938
939
939
939
939
-1
940
940
940
941
941
941
941
941
941
941
941
-1
942
942
942
943
943
943
943
944
944
944
944
944
944
945
945
945
945
945
945
945
946
946
946
947
947
947
947
947
948
948
948
948
948
948
948
949
949
949
949
949
949
949
950
950
950
950
950
950
950
951
951
951
951
951
-1
952
952
952
-1
953
953
953
953
953
953
953
-1
954
954
954
955
955
955
955
955
955
955
956
956
956
957
957
957
957
957
957
957
958
958
958
958
958
-1
959
959
959
960
960
961
961
961
961
962
962
962
962
962
962
963
963
963
964
964
964
964
965
965
965
966
966
966
966
966
966
966
967
967
967
967
968
968
968
968
969
969
969
969
970
970
970
970
971
971
971
971
972
972
972
972
973
973
973
973
974
974
974
974
975
975
975
975
975
975
976
976
976
976
977
977
977
977
978
978
978
978
979
979
979
979
979
979
980
980
980
980
981
981
981
981
982
982
982
982
983
983
983
983
984
984
984
984
984
985
985
985
985
986
986
986
986
987
987
987
987
988
988
988
988
989
989
989
989
990
990
990
990
991
991
991
991
991
991
991
992
992
992
993
993
993
993
994
994
994
995
995
995
995
996
996
996
996
996
996
996
997
997
997
997
997
997
997
998
998
998
998
998
999
999
999
999
999
1000
1000
1000
1000
1000
1000
1000
1000
1001
1001
1001
1001
1001
1001
1002
1002
1002
1002
1002
1002
1002
1003
1003
1003
1003
1003
1003
1004
1004
1004
1004
1005
1005
1005
1005
1005
1006
1006
1006
1006
1006
1007
1007
1007
1007
1007
1007
1007
1008
1008
1008
1009
1009
1010
1010
1010
1011
1011
1011
1011
1011
1011
1012
1012
1012
1012
1012
1012
1012
-1
1013
1013
1013
1014
1014
1014
1014
1014
1015
1015
1015
1015
1015
1015
1015
1015
1016
1016
1016
1016
1016
1016
-1
1017
1018
1018
1019
1019
1019
1019
1019
1019
1019
1019
1020
1020
1021
1021
1021
-1
1022
1022
1022
-1
1023
1023
1023
-1
1024
1024
-1
-1
1025
1026
1026
1026
-1
1027
1027
1027
1028
1028
1028
1028
1028
1028
1029
1029
1029
1029
1029
1029
1029
-1
-1
1030
1030
1030
-1
1031
1031
1031
-1
1032
1032
1032
-1
1033
1033
1033
-1
1034
1034
1035
1035
1035
1035
1035
1035
1035
1036
1036
1036
1036
1037
1037
-1
1038
1038
1038
-1
-1
1039
1039
1040
1040
1040
1040
1040
1040
1040
1040
-1
-1
1041
1041
1041
1041
1041
1041
-1
1042
1042
1042
-1
1043
1043
1043
-1
-1
1044
1044
-1
1045
1045
1045
1045
-1
-1
1046
1046
-1
1047
1047
1047
1047
1047
-1
1048
1048
1048
-1
178
1049
1049
-1
-1
1050
1050
-1
-1
-1
-1
1051
1051
1052
1052
1052
1052
1052
1052
1052
1053
1053
1053
1053
1053
1053
1053
-1
1191
-1
1054
1054
1054
1054
1054
1054
1055
1055
1055
1055
1055
1055
1055
-1
1056
1056
-1
1057
1057
1057
1057
1057
1057
1057
1057
-1
1058
1058
-1
1059
1059
1059
-1
1060
1060
1060
1061
1061
1061
1061
1061
1061
-1
1062
1062
1062
1063
1063
1063
1063
1063
1063
1064
1064
1064
1064
1064
-1
1065
1065
1065
-1
-1
1066
1066
-1
1067
1067
1067
-1
1068
1068
1068
-1
1069
1069
1069
1070
1070
1070
1070
1070
1070
1071
1071
1071
1071
1071
1071
1071
1072
1072
1072
1072
1072
-1
1073
1073
-1
-1
-1
-1
1074
1074
1074
-1
1075
1075
1075
-1
1076
1076
1077
1077
1077
1077
1077
1077
1077
1078
1078
1078
1078
1078
1078
1079
1080
1080
-1
1081
1081
1081
1082
1082
1082
1082
1082
1082
1082
1083
1083
1083
1084
1084
1084
-1
1085
1085
-1
1086
1086
1086
1087
1087
1087
1087
1087
1087
1087
1087
1088
1088
1088
1088
1088
1088
1088
-1
1089
1089
1089
-1
1090
1090
1090
-1
1091
1091
1092
1092
1092
1092
1092
1093
1093
1093
1093
1093
1093
1093
-1
1094
1094
1094
-1
-1
1095
1095
1096
1096
1096
1096
1096
1096
1096
1097
1097
1097
1097
-1
1098
1098
1098
1099
1099
1099
1099
1099
1099
1099
1100
1100
1100
1100
1100
1100
1100
1101
1101
1101
1101
-1
1102
1102
1102
-1
1103
1103
1103
-1
1104
1104
1104
-1
1105
1105
1105
-1
1106
1106
1106
-1
1107
1107
1107
-1
-1
1108
1108
1109
1109
1109
1109
1109
-1
-1
1110
1110
1110
1111
58
58
1112
1112
1112
1112
1112
1112
1112
1113
1113
1113
1113
1114
1114
1114
1114
1115
1115
1115
1115
1116
1116
1116
1116
1117
1117
1117
1117
1117
1117
1117
1118
1118
1118
1118
1118
1118
1118
1119
1119
1119
1119
1120
1120
1120
1120
1121
1121
1121
1121
-1
1122
1122
1122
1122
1123
1123
1124
1124
1124
1124
1125
1125
1125
1125
1126
1126
1126
1127
1127
1127
1127
1127
1127
1127
1128
1128
1128
1128
1128
1128
1129
1129
1129
1129
1129
1129
1129
-1
-1
1130
1130
1130
1131
1131
1131
1131
1131
1131
-1
1132
1132
1132
-1
1133
1133
1133
1134
1134
1134
1134
1135
1135
1135
1135
1135
1136
1136
1136
1137
1137
1137
1137
1137
1137
1137
1138
1138
1138
1138
1138
1138
1138
1138
-1
1139
781
781
1140
1140
1140
1140
1141
1141
1141
1141
1141
1141
1141
1142
1142
1142
1142
1142
1142
1142
-1
-1
1143
1143
1143
-1
1144
1144
1144
1145
1145
1146
1146
1146
1146
1146
1146
-1
1147
1147
1147
1148
1148
1148
1148
1148
1148
1148
1149
1149
1149
1149
1149
1149
1149
1150
1151
1151
1151
-1
1152
1152
1152
1152
1153
1153
1153
1153
1154
1154
1154
1154
1154
1154
1154
1155
1155
1155
1155
1155
1155
1155
1156
1156
1156
1156
1157
1157
1157
1157
1157
1158
1158
1158
1158
1159
1159
1159
1159
1160
387
387
387
1161
1161
1161
1161
1162
1162
1162
1162
1163
1163
1163
1163
1164
1164
1164
1164
1164
1164
1165
1165
1165
1165
1165
1165
1165
1166
1166
1166
1166
1166
1166
1166
1167
1167
1167
1167
1167
1167
1167
1168
1168
1168
1168
1168
1168
1168
1169
1169
1169
1169
1169
1169
1169
1170
1170
1171
1171
1171
1172
1172
1172
1172
1173
1173
1173
1173
1174
1174
1174
1174
1175
1175
1175
1175
1176
1176
1176
1176
1176
1177
1177
1177
1177
1177
1177
1178
1178
1178
1178
1178
1178
1178
1178
1179
1179
1179
1179
1180
1180
1180
1180
1181
1181
1181
1181
1182
1182
1182
1182
1182
1182
1182
1183
1183
1183
1183
1183
1183
1183
1184
1184
1184
1184
1184
1185
1185
1185
1185
1186
1186
1186
1186
1187
1187
1187
1187
1188
1188
1188
1188
1189
1189
1189
1189
1190
1190
1190
1190
1190
1190
1190
1191
1192
1192
1192
1192
1192
1192
1193
1193
1193
1194
1194
1194
1194
1194
1194
1194
1195
1195
1195
1195
1196
1196
1196
1196
1197
1197
1197
1197
1198
1198
1198
1198
1198
1199
1199
1199
1199
1199
1200
1200
1200
1200
1201
1201
1201
1201
1202
1202
1202
1202
-1
1203
1203
1203
-1
1204
1204
1204
1205
1205
1205
1205
1205
1206
1206
1206
1206
1206
1206
1206
-1
1207
1207
1207
-1
1208
1208
1208
1209
1209
1209
1209
1209
1209
1209
1210
1210
1210
1210
1211
1211
1211
1211
1212
1212
1213
1213
1213
1213
1214
1214
1214
1214
1215
1215
1215
1215
1215
1216
1216
1216
1216
1216
1216
1216
1217
1217
1217
1217
1217
-1
1218
1218
1218
1218
1219
1219
1219
1219
1220
1220
1221
1221
1221
1221
1222
1222
1222
1222
1222
1222
1223
1223
1223
1223
1223
1223
1223
1224
1224
1224
1224
1225
1225
1225
1225
1226
1226
1226
1226
-1
1227
1227
1227
1227
1228
1228
1228
1228
1229
1229
1229
1229
1230
1230
1230
1230
1231
1231
1231
1231
1231
1231
1231
1232
826
826
826
1233
912
912
912
1234
1234
1234
1234
1234
1234
-1
1235
1235
1235
1235
-1
1236
1236
1236
1237
1237
1237
1237
1237
1237
1237
1237
1238
1238
1238
1238
1239
812
812
812
1240
1240
1240
1240
1241
1241
1241
1241
1242
1242
1242
1242
1242
1242
1242
1243
1243
-1
-1
-1
-1
1244
1244
1244
1245
1245
1245
1245
1245
1245
1246
1246
1246
1246
1246
1246
1246
1247
1247
1247
1248
1248
1248
1248
1248
1249
1249
1249
1249
1249
1249
1249
1250
1250
1250
1250
1250
1250
1250
1251
1251
1251
1251
-1
1252
1252
1252
-1
1253
1253
1253
1254
1254
1254
1254
1254
1254
1255
1255
1255
1255
1255
1255
1255
1256
1256
1256
1256
1257
1257
1257
1258
1258
1258
1258
1258
1258
1258
1258
1259
1259
1259
1259
1260
1260
-1
1261
1261
1261
1262
1262
1262
1262
1262
1262
1262
-1
1025
1025
1025
1025
-1
1263
1263
1263
1264
1264
1264
1264
1264
1264
1264
-1
1265
1265
1265
1266
1266
1266
1266
1266
1267
1267
1267
1267
1268
1268
1268
1269
1269
1269
1269
1269
1270
1270
1270
1270
1271
1271
1271
1271
1271
-1
1272
1272
1272
1272
1272
1273
1273
1273
1273
1273
1273
1274
1274
1274
1274
1274
1274
1274
1275
1275
1275
1275
1276
1276
1276
1276
1277
1277
1277
1277
1277
1277
1278
1278
1278
1278
1279
1279
1279
1279
1280
1280
1280
1280
1280
1280
1281
1281
1281
1282
1282
1282
1282
1282
1282
1282
1283
1283
1283
1283
1283
1283
1283
1284
1284
1284
1284
1284
1284
1285
1285
1285
1285
1285
1285
1285
-1
1286
1286
1286
-1
1287
1287
1287
-1
1288
1288
1288
-1
1289
1289
1289
-1
1290
1290
1290
-1
1291
1291
1291
-1
1292
1292
-1
1293
1293
1293
1294
1294
1294
1294
1294
1294
1295
1295
1295
1295
1295
1295
1295
1296
1296
1296
1296
-1
1297
1297
1297
-1
1298
1298
1298
1299
1299
1299
1299
1299
1299
1299
1300
1300
1300
1300
1300
1300
1300
-1
1301
1301
-1
1302
1302
-1
1303
1303
1303
-1
1304
1304
1304
-1
1305
1305
1305
1306
1306
1306
1306
1306
1306
1307
1307
1307
1307
1307
-1
1308
1308
1308
-1
1309
1309
1309
-1
1310
1310
1310
1311
1311
1311
1311
1312
1312
1312
1312
1312
1312
-1
1313
1313
1313
-1
1314
1314
1314
-1
1315
1315
1315
1316
1316
1317
1317
1317
1318
1318
1318
1318
1318
1318
1319
1319
1319
1319
1319
1319
1319
-1
1320
1320
1320
1321
1321
1321
1321
1321
1321
1321
1322
1322
1322
1322
1322
1322
1323
1323
1323
1323
1323
1323
1323
1324
1324
1324
1324
1324
1324
1324
1325
1325
1326
1326
1326
1326
1327
1327
1327
1327
-1
1328
1328
1328
1329
1329
1329
1329
1330
1330
1331
1331
1331
1331
1331
1331
1331
1332
1332
1332
1332
-1
1333
1333
1333
1334
1334
1334
1334
1334
1334
1334
-1
1335
1335
1335
-1
1336
1336
1336
-1
-1
-1
-1
-1
1337
1337
1337
-1
1338
1338
1338
1339
1339
1339
1340
1340
1340
1340
1340
1340
1340
1341
1341
1341
1342
1342
1342
1343
1276
1276
1276
1344
1344
1344
1344
1344
1345
1345
1345
1345
1345
1345
1345
1346
1346
1346
1346
1346
1346
1346
1347
1347
1347
1347
1347
1348
1348
1349
1349
1349
1349
1349
1349
1349
1350
1350
1350
1350
1350
1350
1350
1351
1351
1351
1351
1352
1352
1352
-1
1353
1353
1353
1354
1354
1354
1354
1354
1354
1354
-1
1355
1355
1355
1356
1356
1356
1356
1356
1356
1357
1357
1357
1357
1357
1357
1358
1358
1358
1358
1358
1358
1358
1359
1359
1359
1359
1359
1359
1359
1360
1360
1360
1361
1361
-1
1362
1362
1362
1363
1363
1363
1363
1363
-1
1364
1364
1364
-1
-1
1365
1365
1365
201
201
201
-1
1366
1366
1366
1366
1367
1367
1368
1368
1368
1368
1368
1368
1369
1369
1369
1369
1369
1370
1370
1370
1370
1371
1371
1371
1371
1371
1371
1371
1372
1372
1372
1372
1373
1373
1373
1373
1373
1373
1373
1374
1374
1374
1374
1374
-1
1375
1375
1375
-1
1376
1376
1376
1376
1377
1377
1377
1377
1377
1377
1377
-1
1378
1378
1378
-1
1379
1379
1379
1380
1380
1380
1380
1380
1381
1381
1381
1381
1381
1382
1382
1382
1382
1382
1383
1383
1383
1383
1384
1384
1384
1384
1384
1384
1384
1385
1385
1385
1385
1385
1385
1385
1386
1386
1386
1386
1386
-1
1387
1387
1387
-1
1388
1355
1355
-1
1389
1389
1389
1390
1390
1390
1390
1390
1390
-1
1391
1391
1391
-1
1392
1392
1392
-1
1393
1393
1393
-1
1394
1394
1394
-1
1395
1395
1395
1396
1396
1396
1397
1397
1397
1397
1397
1398
1398
1398
1398
1398
1398
1398
1398
1399
1399
1399
1399
1399
1399
1399
1400
1400
1400
1401
1401
1401
1401
1401
1401
1402
1402
1402
1402
1402
1402
1402
1402
