0
0
0
0
1
1
1
1
2
2
2
2
3
3
3
3
3
3
3
3
4
4
4
4
5
5
5
5
6
6
6
6
7
7
7
7
8
8
8
8
9
9
9
9
10
10
10
10
11
11
11
12
12
12
12
13
13
14
14
14
14
15
15
15
15
16
16
16
16
17
17
17
17
18
18
18
18
19
19
19
19
20
20
20
21
21
21
21
22
22
22
22
23
23
23
23
24
24
24
24
24
24
24
25
25
25
25
26
26
26
26
27
27
27
27
28
28
28
28
29
29
29
29
30
29
29
29
31
31
31
31
32
32
32
32
33
33
33
33
34
34
34
34
35
35
35
35
36
36
36
36
37
37
37
37
38
38
38
38
39
39
39
39
40
40
40
41
41
41
41
42
42
42
42
43
29
29
29
44
44
45
46
46
46
46
47
47
47
47
48
48
48
48
49
49
49
49
50
50
50
50
51
51
51
51
52
52
52
52
52
52
52
52
53
53
53
53
54
54
54
54
55
55
55
55
56
56
56
56
57
57
57
57
58
58
58
58
59
59
59
59
60
60
60
60
-1
-1
61
61
62
62
62
62
63
63
63
63
59
59
59
64
64
64
65
65
66
66
66
66
66
66
-1
67
67
67
-1
68
68
68
69
69
69
69
70
70
70
70
70
71
71
71
71
71
71
71
72
72
72
72
73
73
73
73
-1
74
74
75
75
75
75
75
76
76
76
76
77
77
77
77
78
78
78
78
79
79
79
79
79
79
79
-1
80
80
80
80
80
80
80
81
81
81
81
81
81
81
82
82
82
82
83
83
83
83
83
83
83
84
84
84
84
84
84
-1
85
85
-1
86
86
86
-1
87
87
87
-1
88
88
88
-1
89
89
89
89
90
90
90
90
91
91
91
91
92
92
92
93
93
93
93
94
94
94
94
95
95
95
95
96
96
96
96
96
96
96
97
97
97
97
97
97
97
-1
98
98
98
99
99
99
99
99
99
100
100
100
100
100
100
100
-1
101
101
-1
102
102
102
103
103
103
103
104
104
104
104
104
105
105
105
105
105
105
105
106
106
106
106
107
107
107
107
108
108
108
108
109
109
109
109
110
110
110
110
110
111
111
111
111
112
112
112
112
112
112
113
113
113
113
114
114
114
114
115
115
115
115
115
115
116
116
116
116
117
117
117
117
118
118
118
118
119
119
119
119
120
120
120
120
121
121
122
122
122
122
123
123
123
123
123
124
124
124
124
124
124
124
125
125
125
125
125
125
125
126
126
126
126
126
126
126
-1
127
127
127
127
127
128
128
128
128
128
128
128
-1
129
129
129
130
130
130
130
130
131
131
131
131
131
131
132
132
132
132
132
132
132
-1
133
133
133
134
134
134
-1
135
135
135
-1
-1
-1
136
136
136
137
137
137
138
138
138
138
138
138
138
-1
139
139
139
140
140
140
140
140
140
140
141
141
141
141
141
141
142
142
142
142
142
142
142
-1
143
143
143
144
144
144
144
144
144
144
145
145
145
145
145
145
145
146
146
146
146
146
146
146
-1
147
147
147
-1
148
148
148
-1
149
149
149
150
150
150
150
150
-1
151
151
151
152
152
152
153
153
153
153
153
-1
154
154
154
-1
155
155
155
-1
156
156
156
157
157
157
157
157
157
157
158
158
158
158
158
158
158
159
159
159
159
159
159
159
-1
160
160
160
161
161
161
162
162
162
162
-1
163
163
163
163
163
163
163
164
164
164
164
164
-1
-1
165
165
165
165
165
165
165
166
166
166
166
166
166
166
167
167
167
167
167
167
167
167
168
168
168
168
169
169
169
169
170
170
170
170
171
171
171
171
172
172
172
172
172
172
172
173
173
173
173
173
174
174
174
174
174
174
174
174
175
175
175
176
176
176
177
177
177
177
177
177
178
178
178
178
179
179
179
179
180
180
180
180
180
180
180
181
181
181
181
181
181
182
182
182
182
182
182
182
183
183
183
183
183
183
183
184
184
184
184
184
184
184
185
185
185
185
186
186
186
186
186
186
186
-1
187
187
187
188
188
188
188
188
189
189
189
189
189
189
190
190
190
190
190
190
191
191
191
191
191
192
192
192
192
-1
193
193
193
194
194
194
194
195
195
195
195
195
195
195
195
196
196
196
197
197
197
198
198
198
198
198
199
199
199
199
200
200
200
200
201
201
201
201
201
201
-1
202
202
202
203
203
203
-1
204
204
204
205
205
205
205
205
205
-1
206
206
206
207
207
207
207
207
207
-1
208
208
208
209
209
209
209
209
210
210
210
210
210
210
210
211
211
211
211
212
212
212
212
213
213
213
214
214
214
214
214
215
215
215
215
215
215
215
215
216
216
216
216
216
216
216
-1
217
217
217
-1
218
218
218
-1
219
219
219
220
220
220
220
220
220
220
-1
221
221
221
222
222
222
223
223
223
223
-1
-1
224
224
224
-1
225
225
225
-1
-1
226
226
227
227
227
227
228
228
228
228
-1
229
229
229
230
230
230
230
-1
231
231
231
232
232
232
232
233
233
233
233
-1
234
234
234
-1
235
235
235
236
236
236
236
237
237
237
237
-1
238
238
238
239
239
239
239
-1
240
240
240
241
241
241
241
241
241
241
242
242
242
242
242
242
242
243
243
243
243
243
244
244
244
244
244
244
245
245
245
246
246
246
246
247
247
247
247
-1
248
248
248
249
249
249
249
249
250
250
250
250
-1
251
251
251
252
252
252
252
-1
253
253
253
254
254
254
-1
255
255
255
256
256
256
256
257
257
257
257
257
257
257
258
258
258
258
258
258
258
-1
259
259
259
260
261
261
261
262
262
262
262
262
262
262
263
263
263
264
264
264
264
-1
265
265
265
-1
266
266
266
-1
-1
267
267
-1
268
268
268
-1
-1
269
269
-1
-1
270
270
-1
271
271
271
-1
272
272
272
272
273
273
273
273
273
273
273
274
274
274
274
274
274
275
275
275
275
275
275
276
276
276
276
276
276
277
277
277
277
277
-1
278
278
279
279
279
279
279
279
-1
280
280
280
280
-1
281
281
281
281
-1
-1
282
282
283
283
283
283
283
283
283
-1
284
284
284
285
285
285
285
286
286
286
286
286
286
287
287
287
287
287
287
287
288
288
288
288
289
289
289
289
-1
-1
-1
290
290
290
290
290
290
-1
-1
291
291
-1
-1
292
292
-1
293
293
293
293
-1
294
294
294
295
295
295
295
295
295
295
295
296
296
297
297
297
297
297
297
297
-1
298
298
298
299
299
299
299
299
299
299
-1
-1
-1
300
300
-1
301
301
301
-1
302
302
302
302
302
303
303
303
303
303
303
304
304
304
304
304
304
-1
305
305
305
-1
306
306
306
-1
307
307
307
-1
308
308
308
309
309
309
309
309
309
309
310
310
310
310
310
310
310
311
311
311
311
311
311
-1
-1
312
312
-1
-1
313
313
-1
-1
314
314
-1
-1
315
315
315
-1
316
316
316
-1
-1
317
317
-1
318
318
318
-1
-1
319
319
-1
320
320
320
-1
321
321
321
322
322
322
322
322
-1
323
323
-1
-1
324
324
324
324
325
325
326
326
326
326
326
327
327
327
327
327
327
327
-1
328
328
-1
-1
329
329
330
330
330
330
330
331
331
331
331
331
331
332
332
332
332
332
332
332
333
333
333
333
333
-1
334
334
335
335
335
335
335
336
336
336
336
337
337
337
337
338
338
338
338
339
339
339
340
340
340
340
341
341
342
342
342
342
342
342
342
343
343
343
343
344
344
344
344
344
344
345
345
345
345
346
346
346
346
-1
347
347
347
-1
348
348
348
349
349
349
349
350
350
350
350
350
351
351
351
351
351
-1
352
352
352
-1
353
353
-1
354
354
354
-1
355
355
356
356
356
356
356
356
356
-1
357
357
357
-1
358
358
-1
359
359
359
360
360
360
360
360
360
360
361
361
361
361
361
361
361
362
362
362
362
362
362
362
-1
363
363
363
-1
364
364
364
365
366
366
366
-1
-1
367
367
-1
368
368
369
369
369
369
370
370
370
370
370
370
371
371
371
371
371
371
371
-1
372
372
372
-1
-1
373
373
-1
-1
-1
374
374
374
374
374
374
374
375
375
375
375
-1
-1
376
376
-1
-1
377
377
377
-1
378
378
378
-1
379
379
379
-1
380
380
380
381
381
381
381
381
381
382
382
382
382
-1
383
383
383
-1
384
384
384
-1
385
385
385
386
386
386
386
387
387
387
387
388
388
388
389
389
389
389
-1
390
390
390
391
391
391
391
392
392
392
392
393
393
394
394
394
394
394
395
395
395
395
395
396
396
396
396
396
396
396
397
397
397
397
398
398
398
399
399
399
400
400
400
400
400
400
400
-1
401
401
401
-1
402
402
402
403
403
403
403
403
403
403
403
404
404
404
404
404
404
404
-1
405
405
405
406
406
406
406
-1
407
407
407
408
408
408
408
-1
409
409
409
-1
410
404
404
404
404
404
404
-1
411
411
411
-1
412
412
412
413
413
413
413
413
413
413
414
414
415
415
415
415
415
415
415
-1
416
416
416
-1
417
417
417
418
418
418
418
418
418
418
-1
419
419
419
-1
420
420
420
421
421
421
421
421
421
421
421
422
422
422
422
423
423
423
423
424
424
424
424
425
425
425
426
426
426
427
427
428
428
428
428
428
429
429
429
429
429
429
429
430
430
430
430
430
431
431
431
431
431
431
432
432
432
432
432
432
432
432
433
433
433
433
433
433
434
434
434
434
434
435
435
-1
436
436
436
437
437
437
437
-1
438
438
438
-1
439
439
439
440
440
440
440
441
441
441
441
442
442
-1
443
444
444
445
445
445
445
445
445
445
-1
-1
446
446
447
447
447
447
447
447
447
-1
448
448
448
449
449
449
449
449
449
449
-1
450
450
450
-1
451
451
451
452
452
452
452
452
453
453
453
453
453
453
453
454
454
454
454
454
454
454
-1
455
455
455
456
456
456
456
457
457
-1
458
458
458
459
459
459
459
459
460
460
460
460
460
460
460
461
461
461
-1
462
462
462
-1
463
463
463
464
464
464
465
465
465
465
465
465
465
466
466
466
466
466
466
466
-1
467
467
467
467
467
467
468
468
468
468
469
469
469
469
469
469
469
470
470
470
470
470
470
470
471
471
471
471
471
472
472
472
472
472
472
472
473
473
473
473
473
473
474
474
474
474
475
475
475
475
476
476
477
477
477
477
477
477
477
478
478
478
478
479
479
479
479
479
479
479
-1
480
480
480
-1
481
481
481
482
482
482
482
482
483
483
483
484
484
484
484
484
484
-1
485
485
485
486
486
486
486
486
486
486
487
487
487
487
-1
-1
488
488
488
489
489
489
489
489
489
490
490
490
491
491
491
491
491
491
491
491
492
492
492
492
492
-1
493
493
494
494
494
494
494
494
495
495
495
495
495
-1
496
496
496
-1
497
497
497
-1
498
498
498
499
499
499
499
499
499
-1
500
500
500
501
501
501
502
502
502
502
502
502
502
503
503
503
503
503
503
504
504
-1
505
505
505
-1
506
506
506
-1
507
507
507
508
508
508
508
508
508
508
-1
509
509
509
-1
510
510
510
511
511
512
512
512
512
513
513
513
513
513
514
514
515
515
-1
516
516
516
517
517
517
517
517
517
517
-1
518
518
518
519
519
519
519
519
-1
520
520
520
521
521
521
521
522
522
522
522
522
523
523
523
523
524
524
524
-1
525
525
525
-1
526
526
526
527
527
527
527
528
528
528
528
528
528
529
529
529
529
529
529
530
530
530
530
530
530
531
531
531
531
531
531
531
532
532
-1
533
533
-1
534
534
534
535
535
-1
536
536
536
-1
537
537
537
538
538
538
538
539
539
539
539
540
540
540
540
541
541
541
541
542
542
542
390
543
543
543
543
543
543
544
544
544
544
545
545
545
545
546
546
546
546
547
547
547
547
548
548
548
548
549
549
549
549
550
550
550
550
550
551
551
551
551
551
-1
552
552
552
553
553
553
553
553
553
553
554
554
554
554
554
554
554
555
555
555
555
-1
556
556
556
557
557
557
557
558
558
558
558
559
559
559
559
559
559
560
560
560
560
561
561
561
561
562
562
562
562
562
563
563
563
563
564
564
564
564
564
564
564
565
565
565
565
565
565
565
566
566
566
566
566
567
567
567
567
567
567
567
-1
568
568
568
568
-1
-1
569
569
-1
-1
570
570
-1
-1
571
571
-1
-1
572
572
-1
573
573
573
-1
-1
574
574
-1
575
575
575
575
-1
576
576
576
-1
-1
577
577
-1
578
578
578
579
579
579
579
579
579
579
580
580
580
580
580
580
-1
-1
581
581
582
582
582
582
582
582
582
-1
-1
583
583
-1
584
584
584
585
585
585
585
585
586
586
586
586
586
586
-1
587
587
588
588
588
588
589
589
589
589
590
590
590
590
590
591
591
591
591
591
592
592
592
592
593
593
593
593
594
594
594
594
595
595
595
595
595
595
595
596
596
596
596
597
597
597
598
598
598
598
598
598
598
599
599
599
599
599
600
600
600
600
600
600
600
601
601
601
601
601
601
601
602
602
602
602
602
602
602
603
603
603
603
604
604
604
604
605
605
605
605
606
606
606
606
607
607
607
607
607
608
608
608
609
609
-1
610
610
610
610
611
611
611
611
611
612
612
612
613
613
613
613
613
614
614
614
614
615
615
615
615
616
616
616
616
617
617
617
617
618
618
618
618
619
619
619
619
620
620
621
621
621
621
622
622
622
622
622
622
622
623
623
623
623
624
624
625
625
625
625
625
625
626
626
626
626
626
626
626
627
627
627
627
628
628
628
628
629
629
629
629
630
630
630
630
631
631
631
632
632
632
632
633
633
633
633
634
634
634
634
635
635
635
635
635
636
636
636
636
-1
637
637
637
637
638
638
638
638
639
639
639
639
639
639
639
639
640
640
640
640
640
640
640
640
641
641
641
642
642
642
642
643
643
443
443
644
644
644
644
644
645
645
-1
646
646
646
646
647
647
647
648
648
648
648
649
649
649
649
650
650
650
650
650
650
651
651
651
651
652
652
652
652
653
653
653
653
654
654
654
654
655
655
655
655
656
656
656
656
657
657
657
657
657
657
657
658
658
658
658
658
658
658
659
659
659
659
660
660
660
660
660
660
661
661
662
662
662
662
663
663
663
663
664
664
664
664
665
665
665
665
665
665
666
666
666
666
666
666
666
666
667
667
667
667
668
668
668
668
669
669
669
669
669
669
669
670
670
670
670
671
671
671
671
672
672
672
672
673
673
673
673
673
673
673
674
17
17
17
675
675
675
675
676
676
676
676
676
676
676
677
677
677
677
678
678
678
678
679
679
680
680
680
680
680
680
680
681
681
681
681
681
682
682
682
683
683
683
-1
684
684
684
684
684
685
685
685
685
686
686
686
686
687
687
687
687
688
688
688
689
689
689
689
690
690
690
690
691
691
692
692
692
692
693
693
693
693
694
694
694
694
695
695
695
695
695
696
696
696
-1
-1
-1
-1
-1
-1
-1
697
697
697
697
698
698
698
698
699
699
699
699
700
700
700
701
701
701
701
702
702
702
702
703
703
703
703
704
704
704
705
705
705
705
705
705
705
706
707
707
707
707
708
708
708
708
708
708
-1
709
709
709
710
710
710
-1
-1
711
711
711
712
712
712
712
712
712
713
713
713
713
713
713
714
714
714
714
714
-1
-1
715
715
715
716
716
716
716
716
716
716
717
286
286
286
286
286
-1
-1
718
718
719
720
720
721
721
722
722
722
722
722
722
723
723
723
723
723
723
724
724
724
724
-1
719
719
719
-1
-1
725
725
-1
-1
726
726
727
727
727
727
728
728
728
728
728
728
729
729
729
729
729
729
729
-1
730
730
730
731
731
731
731
731
731
731
-1
732
732
732
-1
733
733
733
734
734
734
734
735
735
735
735
736
736
736
736
736
736
737
737
737
737
737
737
737
738
738
738
738
738
738
738
-1
-1
739
739
-1
740
740
-1
741
741
741
-1
742
742
742
743
743
743
743
743
743
744
744
744
744
745
745
746
746
746
746
747
747
747
747
748
748
748
748
748
749
749
749
749
749
749
750
750
750
750
751
751
751
752
752
752
753
753
753
753
753
753
754
754
754
754
754
754
-1
755
755
755
756
756
756
756
756
-1
757
757
758
758
758
758
759
759
760
760
-1
761
761
761
762
762
762
762
763
763
-1
764
764
764
764
764
764
764
765
765
765
765
765
765
765
766
766
766
766
766
766
766
-1
767
767
767
768
768
768
768
768
-1
769
769
769
770
770
770
770
770
770
770
-1
771
771
-1
-1
772
772
-1
773
773
773
774
774
774
774
774
775
775
775
775
775
775
775
-1
776
776
776
777
777
777
777
777
777
777
777
-1
778
688
688
779
779
779
779
779
779
779
780
780
780
780
780
781
781
781
781
781
781
781
782
782
782
782
782
-1
783
783
783
784
784
784
784
-1
785
785
785
786
786
786
786
786
786
786
786
-1
787
787
787
788
788
788
788
789
789
789
789
789
789
790
790
790
790
790
790
790
791
791
791
791
791
792
792
792
792
792
792
792
793
793
793
793
793
793
793
794
794
794
794
794
794
794
795
795
795
795
795
-1
796
796
796
-1
797
797
797
797
797
797
797
-1
798
798
798
799
799
799
799
799
799
799
800
800
800
801
801
801
801
801
801
801
802
802
-1
803
803
803
804
804
805
805
805
805
806
806
806
806
806
806
807
807
807
808
808
808
808
809
809
809
809
810
810
810
810
811
811
811
811
812
812
812
812
813
813
813
813
814
814
814
814
815
815
815
815
815
815
816
816
816
816
817
817
817
817
818
818
818
818
819
819
819
819
819
819
820
820
820
820
821
821
821
821
822
822
822
822
823
823
823
823
824
824
824
824
824
825
825
825
825
826
826
826
826
827
827
827
827
828
828
828
828
829
829
829
829
830
830
830
830
830
830
830
831
831
831
832
832
832
832
833
833
833
834
834
834
834
835
835
835
835
835
835
835
836
836
836
836
836
836
836
837
837
837
837
837
838
838
838
838
838
839
839
839
839
839
839
839
839
840
840
840
840
840
840
841
841
841
841
841
841
841
842
842
842
842
842
842
843
843
843
843
844
844
844
844
844
845
845
845
845
845
845
845
846
846
847
847
847
848
848
848
848
848
848
849
849
849
849
849
849
849
-1
850
850
850
851
851
851
851
851
852
852
852
852
852
852
-1
853
853
194
854
854
854
854
854
854
854
854
855
855
856
856
856
-1
857
857
857
-1
858
858
858
-1
859
859
-1
-1
860
861
861
861
-1
862
862
862
863
863
863
863
863
863
864
864
864
864
864
864
864
-1
-1
865
865
865
-1
866
866
866
-1
867
867
867
-1
868
868
868
-1
869
869
870
870
870
870
871
871
-1
872
872
872
-1
-1
873
873
874
874
874
874
874
874
874
874
-1
-1
875
875
875
875
875
875
-1
876
876
876
-1
877
877
877
-1
365
878
878
-1
879
879
879
879
-1
880
880
880
880
880
-1
881
881
881
-1
-1
882
882
-1
-1
883
883
-1
-1
-1
-1
884
884
885
885
885
885
885
885
885
886
886
886
886
886
886
-1
887
887
887
887
887
887
887
887
-1
888
888
-1
889
889
889
890
890
890
890
890
890
-1
891
891
891
892
892
892
892
892
892
893
893
893
893
893
-1
894
894
894
-1
-1
895
895
-1
896
896
896
-1
897
897
897
-1
898
898
898
899
899
899
899
899
899
900
900
900
900
900
900
900
901
901
901
901
901
-1
902
902
-1
-1
-1
-1
903
903
903
-1
904
904
904
905
905
905
905
905
905
905
906
906
906
906
906
906
907
908
908
-1
909
909
909
910
910
910
910
910
910
910
911
911
911
912
912
912
-1
913
913
-1
914
914
914
915
915
915
915
915
915
915
915
916
916
916
916
916
916
916
-1
917
917
917
-1
918
918
918
-1
919
919
920
920
920
920
920
921
921
921
921
921
921
921
-1
922
922
922
-1
-1
923
923
924
924
924
924
-1
925
925
925
926
926
926
926
926
926
926
927
927
927
927
927
927
927
928
928
928
928
-1
929
929
929
-1
930
930
930
-1
931
931
931
-1
-1
932
932
933
933
933
933
933
-1
934
934
934
935
935
935
936
936
936
936
936
936
936
937
937
937
937
938
938
938
938
939
939
939
939
940
940
940
940
940
940
940
941
941
941
941
941
941
941
942
942
942
942
943
943
943
943
944
944
944
944
-1
945
945
945
945
946
946
947
947
947
947
948
948
948
948
949
949
949
950
950
950
950
950
950
950
951
951
951
951
951
951
952
952
952
952
952
952
952
-1
-1
953
953
953
954
954
954
954
954
954
-1
955
955
955
-1
956
956
956
957
957
957
957
958
958
958
959
959
959
959
959
959
959
960
960
960
960
960
960
960
960
-1
961
961
961
962
962
962
962
962
962
962
963
963
963
963
963
963
963
-1
-1
964
964
964
-1
965
965
965
966
966
967
967
967
967
967
967
968
968
968
968
968
968
968
969
970
970
970
-1
971
971
971
971
972
972
972
972
973
973
973
973
973
973
973
974
974
974
974
975
975
975
975
975
976
976
976
976
977
977
977
977
978
336
336
336
979
979
979
979
980
980
980
980
981
981
981
981
981
981
982
982
982
982
982
982
982
983
983
983
983
983
983
983
984
984
984
984
984
984
984
985
985
985
985
985
985
985
986
986
986
986
986
986
986
987
987
988
988
988
989
989
989
989
990
990
990
990
991
991
991
991
992
992
992
992
992
993
993
993
993
993
993
993
993
994
994
994
994
995
995
995
995
996
996
996
996
996
996
996
997
997
997
997
997
997
997
998
998
998
998
999
999
999
999
1000
1000
1000
1000
1001
1001
1001
1001
1002
1002
1002
1002
1003
1003
1003
1003
1003
1003
1003
-1
1004
1004
1004
1005
1005
1005
1005
1005
1005
1005
1006
1006
1006
1006
1007
1007
1007
1007
1008
1008
1008
1008
1008
1009
1009
1009
1009
1010
1010
1010
1010
1011
1011
1011
1011
-1
1012
1012
1012
-1
1013
1013
1013
1014
1014
1014
1014
1014
1015
1015
1015
1015
1015
1015
1015
-1
1016
1016
1016
-1
1017
1017
1017
1018
1018
1018
1018
1018
1018
1018
1019
1019
1019
1019
1020
1020
1020
1020
1021
1021
1022
1022
1022
1022
1023
1023
1023
1023
1024
1024
1024
1024
1024
1025
1025
198
198
198
-1
1026
1026
1027
1027
1027
1027
1028
1028
1028
1028
1028
1028
1029
1029
1029
1029
-1
1030
1030
1030
1030
1031
1031
1031
1031
1032
1032
1032
1032
1033
1033
1033
1033
1033
1033
1033
1034
689
689
689
-1
1035
1035
1035
1035
-1
1036
1036
1036
1037
1037
1037
1037
1037
1037
1037
1037
1038
1038
1038
1038
1039
1039
677
677
1040
1040
1040
1040
1041
1041
1041
1041
1042
1042
-1
-1
-1
-1
1043
1043
1043
1044
1044
1044
1044
1044
1044
1045
1045
1045
1045
1045
1045
1045
1046
1046
1046
1047
1047
1047
1047
1047
1048
1048
1048
1048
1048
1048
1048
1049
1049
1049
1049
1049
1049
1049
1050
1050
1050
1050
-1
1051
1051
1051
-1
1052
1052
1052
1053
1053
1053
1053
1053
1053
1054
1054
1054
1054
1054
1054
1054
1055
1055
1055
1055
1056
1056
1056
1057
1057
1057
1057
1057
1057
1057
1057
1058
1058
1058
1058
1059
1059
-1
1060
1060
1060
1061
1061
1061
1061
1061
1061
1061
-1
860
860
860
860
-1
1062
1062
1062
1063
1063
1063
1063
1063
1064
1064
1064
1064
1065
1065
1065
1066
1066
1066
1066
1066
1067
1067
1067
1067
1068
1068
1068
1068
1068
1068
1069
1069
1069
1069
1069
1069
1069
1070
1070
1070
816
1071
1071
1071
1071
1072
1072
1072
1072
1073
1073
1073
1074
1074
1074
1074
1074
1074
1074
1075
1075
1075
1075
1075
1075
1075
1076
1076
1076
1076
1076
1076
1077
1077
1077
1077
1077
1077
1077
-1
1078
1078
1078
-1
1079
1079
1079
-1
1080
1080
1080
-1
1081
1081
1081
-1
1082
1082
1082
-1
1083
1083
1083
-1
1084
1084
-1
1085
1085
1085
1086
1086
1086
1086
1086
1086
1087
1087
1087
1087
1087
1087
1087
1088
1088
1088
1088
-1
1089
1089
1089
-1
1090
1090
1090
1091
1091
1091
1091
1091
1091
1091
1092
1092
1092
1092
1092
1092
1092
-1
1093
1093
-1
1094
1094
-1
1095
1095
1095
-1
1096
1096
1096
1097
1097
1097
1097
1097
1097
1098
1098
1098
1098
1098
-1
1099
1099
1099
-1
1100
1100
1100
-1
1101
1101
1101
1102
1102
1102
1102
1103
1103
1103
1103
1103
1103
-1
1104
1104
1104
-1
1105
1105
1105
1106
1106
1107
1107
1107
1108
1108
1108
1108
1108
1108
1109
1109
1109
1109
1109
1109
1109
-1
1110
1110
1110
1111
1111
1111
1111
1111
1111
1111
1112
1112
1112
1112
1112
1112
1113
1113
1113
1113
1113
1113
1113
1114
1114
1115
1115
1115
1115
1116
1116
1116
1116
-1
1117
1117
1117
1118
1118
1119
1119
1119
1119
1119
1119
1119
1120
1120
1120
1120
-1
1121
1121
1121
-1
1122
1122
1122
-1
-1
-1
-1
-1
1123
1123
1123
1124
1124
1124
1125
1125
1125
1125
1125
1125
1125
1126
1126
1126
1127
1127
1127
1128
1128
1128
1128
1128
1129
1129
1129
1129
1129
1129
1129
1130
1130
1130
1130
1130
1130
1130
1131
1131
1131
1131
1131
1132
1132
1132
1132
1132
1132
1132
1133
1133
1133
1133
1133
1133
1133
1134
1134
1134
1134
1135
1135
1135
-1
1136
1136
1136
1137
1137
1137
1137
1137
1137
1137
-1
1138
1138
1138
1139
1139
1139
1139
1139
1139
1140
1140
1140
1140
1140
1140
1141
1141
1141
1141
1141
1141
1141
1142
1142
1142
1142
1142
1142
1142
1143
1143
1143
1144
1144
1145
1145
1145
1145
1145
-1
1146
1146
1146
-1
1147
1147
1147
1148
1148
1148
-1
1149
1149
1149
1149
1150
1150
1151
1151
1151
1151
1151
1151
1152
1152
1152
1152
1152
1153
1153
1153
1153
1154
1154
1154
1154
1154
1154
1154
1155
1155
1155
1155
1155
1155
1155
1156
1156
1156
1156
1156
-1
1157
1157
1157
1158
1158
1158
1158
1158
1158
1158
-1
1159
1159
1159
-1
1160
1160
1160
1161
1161
1161
1161
1161
1162
1162
1162
1162
1162
1163
1163
1163
1163
1163
1164
1164
1164
1164
1165
1165
1165
1165
1165
1165
1165
1166
1166
1166
1166
1166
1166
1166
1167
1167
1167
1167
1167
-1
1168
1168
1168
-1
1169
1169
1169
1170
1171
1171
1171
-1
1172
1172
1172
-1
1173
1173
1173
1174
1174
1174
1174
1174
1175
1175
1175
1175
1175
1175
1175
1175
1176
1176
1176
1176
1176
1176
1176
1177
1177
1177
1178
1178
1178
1178
1178
1178
