0
0
0
0
-1
1
1
1
-1
2
2
2
-1
3
3
3
-1
4
4
-1
5
5
5
6
6
6
6
7
7
8
8
9
9
9
9
10
10
10
10
11
11
11
11
12
12
12
12
13
13
13
13
13
14
14
14
14
15
15
15
15
16
16
16
-1
17
17
17
17
18
18
18
18
18
18
18
19
19
19
19
19
19
-1
20
20
20
-1
21
21
21
-1
22
22
22
-1
23
23
23
-1
-1
-1
-1
24
24
24
-1
25
25
25
-1
26
26
26
-1
27
27
27
28
28
28
28
29
29
29
29
30
30
30
30
-1
31
31
31
-1
32
32
32
-1
33
33
33
34
34
34
34
-1
35
35
35
-1
36
36
-1
-1
37
37
37
-1
38
38
38
-1
39
39
39
-1
40
40
36
-1
41
41
905
67
-1
42
42
42
-1
43
43
43
-1
44
44
44
-1
45
45
45
-1
46
40
40
-1
47
47
47
48
48
48
48
49
49
49
49
50
50
50
50
51
51
52
52
52
52
52
52
52
53
53
53
53
-1
54
54
54
-1
55
55
55
-1
56
56
56
57
57
57
57
-1
58
58
58
-1
59
59
59
60
60
60
60
60
60
61
61
61
61
61
61
61
62
62
62
62
63
63
63
63
64
64
64
64
65
65
65
65
65
65
66
66
66
66
66
-1
67
67
67
68
68
68
68
68
68
68
68
69
69
69
69
69
69
69
-1
70
70
70
71
71
71
71
72
72
72
73
73
73
73
73
74
74
74
74
74
74
74
75
75
75
75
75
-1
76
76
76
76
77
77
77
77
78
78
78
78
79
79
79
79
79
80
80
80
80
80
80
80
80
81
81
81
81
81
81
-1
82
82
82
83
83
83
83
84
84
84
84
84
85
85
85
85
85
85
85
86
86
87
87
88
88
88
-1
89
89
89
89
90
90
90
91
91
91
92
92
92
92
93
93
93
93
93
93
93
94
94
94
95
95
95
95
96
96
96
96
96
96
96
97
97
97
97
97
98
98
98
98
98
98
99
99
99
100
57
57
57
101
101
101
101
102
102
102
102
102
102
103
103
103
103
104
104
104
104
105
105
105
105
106
106
106
107
107
107
107
107
107
107
107
108
108
108
108
109
109
109
109
110
110
110
110
111
111
111
111
111
111
111
112
112
112
112
112
112
112
-1
113
113
113
113
114
114
115
115
115
115
116
116
116
117
117
117
117
117
-1
-1
-1
118
118
118
-1
119
119
119
120
120
120
120
120
-1
121
121
121
-1
122
122
122
123
123
123
123
-1
124
124
124
125
125
125
-1
126
126
126
-1
127
127
127
128
128
128
128
128
128
128
129
129
129
130
130
130
130
130
130
131
131
131
131
131
132
132
132
132
-1
133
133
133
-1
134
134
134
135
135
135
135
135
135
135
136
136
136
136
136
136
136
137
137
137
137
137
137
137
138
138
138
138
138
138
138
139
139
139
139
139
139
139
140
140
140
140
140
141
141
141
141
141
141
142
142
142
142
143
143
143
144
144
144
144
145
145
145
145
145
146
146
146
146
147
147
147
147
148
148
148
149
149
149
149
150
150
150
150
150
150
150
151
151
151
151
151
151
151
-1
152
152
152
153
153
153
153
154
154
154
155
155
155
156
156
156
-1
157
157
157
-1
158
158
158
-1
159
159
159
160
160
160
160
161
161
161
161
162
162
162
162
162
162
162
162
-1
163
163
163
164
164
164
164
165
165
165
165
165
165
165
166
166
166
166
166
166
166
166
-1
167
167
167
168
168
168
-1
169
169
169
170
170
170
170
170
170
170
170
171
171
171
171
171
171
-1
172
172
172
-1
173
173
173
174
174
175
175
175
176
176
177
177
177
177
177
178
178
178
178
178
179
179
179
179
179
180
180
180
180
180
181
181
181
181
182
182
182
182
182
182
183
183
183
183
183
183
183
184
184
184
184
185
185
185
185
186
53
53
53
187
187
187
187
-1
188
188
188
189
189
189
190
190
190
190
190
190
190
-1
191
191
191
-1
192
192
192
193
193
193
193
193
193
194
194
194
194
195
195
195
195
196
196
196
196
197
197
197
197
198
198
198
198
198
198
199
199
199
199
200
200
200
200
200
200
200
201
201
201
201
201
-1
202
202
202
202
202
203
203
203
204
204
204
204
204
204
204
205
205
205
205
206
206
206
206
207
207
207
207
208
208
208
209
209
209
209
209
209
210
210
210
210
211
211
211
211
211
211
211
212
212
212
-1
213
213
213
-1
214
214
214
215
215
215
215
-1
216
216
216
217
217
217
217
217
217
217
218
218
218
218
218
218
218
219
219
219
219
219
219
219
-1
220
220
220
-1
221
221
221
-1
222
222
222
223
223
223
223
-1
224
224
224
225
225
225
225
226
226
227
227
227
227
227
227
228
228
228
228
228
229
229
230
230
230
230
230
230
230
231
231
231
231
231
231
231
232
232
232
232
232
232
-1
233
233
233
-1
234
234
234
-1
235
235
235
236
236
236
236
237
237
237
237
237
238
238
238
238
238
-1
239
239
239
239
239
239
239
240
240
240
240
240
240
240
241
241
241
241
241
241
-1
242
242
242
-1
243
243
243
244
244
244
244
244
244
244
245
245
245
245
245
245
245
246
246
246
246
247
247
247
247
-1
248
248
-1
249
249
249
250
250
250
-1
251
251
251
252
252
252
252
252
252
253
253
253
253
254
254
255
255
255
255
255
255
255
256
256
256
257
257
257
257
257
-1
258
258
258
259
259
259
259
260
260
260
261
261
261
261
262
262
262
262
263
263
263
263
-1
264
264
264
265
265
265
265
265
265
265
266
266
266
266
266
266
266
266
-1
267
267
267
-1
268
268
268
269
269
269
269
269
269
269
269
270
270
-1
271
271
272
272
272
273
273
273
274
274
274
-1
275
275
275
276
276
276
276
-1
-1
277
277
-1
278
278
278
-1
279
279
279
-1
280
280
280
-1
-1
281
281
-1
-1
282
282
283
283
283
283
283
-1
284
284
284
285
285
285
285
285
285
-1
-1
286
286
287
288
288
288
289
289
289
289
289
289
289
-1
290
290
290
-1
291
291
291
292
292
292
292
292
293
293
294
294
294
295
295
295
296
296
296
296
297
297
297
297
297
298
298
298
299
299
299
299
300
300
300
301
301
302
302
302
302
302
303
303
303
303
303
-1
304
304
304
-1
305
305
305
-1
306
306
306
-1
307
307
307
307
-1
308
308
308
309
309
309
309
310
310
311
311
311
311
311
311
311
311
312
312
312
312
313
313
313
313
313
313
-1
314
314
314
314
314
315
315
315
315
315
315
315
315
316
316
316
316
317
317
317
317
317
317
317
-1
-1
318
318
319
319
319
319
319
319
319
320
320
320
321
321
321
322
322
322
322
322
322
322
323
323
323
323
324
324
324
-1
325
325
325
326
326
327
327
327
327
327
327
327
327
328
328
328
328
328
328
328
328
329
329
329
329
329
329
329
330
330
330
330
331
331
331
331
331
331
331
332
332
332
332
-1
333
333
333
334
334
335
335
335
335
-1
336
336
336
-1
337
337
337
338
338
338
338
338
338
339
339
339
339
339
339
339
340
340
340
340
340
340
-1
341
341
341
-1
342
342
342
343
343
343
343
343
-1
-1
-1
-1
344
344
344
345
345
345
345
346
346
347
347
347
347
347
347
347
348
348
348
349
349
349
349
-1
-1
350
350
-1
-1
351
351
-1
352
352
352
-1
353
353
353
-1
354
354
354
-1
355
355
355
356
356
356
356
356
356
-1
357
357
357
358
358
358
358
358
359
359
359
359
359
360
361
361
362
362
363
363
363
363
363
363
363
364
364
364
364
364
364
364
-1
-1
-1
-1
365
365
365
-1
366
366
366
-1
367
367
367
-1
368
368
-1
369
369
369
370
370
370
370
370
370
371
371
371
371
371
371
371
371
372
372
372
372
372
372
372
373
373
373
373
373
373
373
373
374
374
374
374
374
374
-1
375
375
375
-1
376
376
376
-1
377
377
377
378
378
378
378
378
378
378
-1
-1
379
379
379
-1
380
380
380
-1
381
381
381
382
382
-1
-1
-1
383
383
383
-1
384
384
384
-1
385
57
57
386
386
386
386
386
386
386
387
387
387
387
387
388
388
388
388
389
389
389
389
390
390
390
390
391
391
391
391
392
392
392
392
393
393
393
393
394
394
394
394
395
395
395
396
396
396
396
397
397
397
397
398
398
398
398
398
398
398
399
399
399
399
399
400
400
400
400
401
401
401
402
402
402
402
402
403
403
403
403
403
404
404
404
404
404
404
404
405
405
405
405
405
405
405
406
406
406
406
406
406
406
407
407
407
407
407
407
407
407
408
408
408
408
408
408
409
409
409
409
410
410
410
410
410
410
410
411
411
411
411
411
411
411
412
412
412
413
413
413
414
414
414
414
415
415
415
415
416
416
416
416
417
417
417
417
418
418
418
418
419
419
419
419
420
420
420
420
421
421
421
421
421
421
421
422
422
422
422
422
423
423
423
423
424
424
424
424
424
424
424
425
425
425
425
425
426
426
426
426
426
426
426
427
427
427
428
428
428
428
429
429
429
429
429
429
429
430
430
430
430
431
431
432
432
432
433
433
433
433
433
434
434
434
434
435
435
435
435
435
435
435
436
436
436
436
436
436
436
437
437
437
437
437
437
437
-1
438
438
438
-1
439
439
439
440
440
440
440
-1
441
441
441
442
442
443
443
443
443
444
444
444
444
444
444
444
445
445
445
445
445
445
-1
446
446
446
-1
447
447
447
-1
448
448
448
-1
449
449
449
-1
450
450
450
451
451
451
451
451
452
452
452
452
452
452
452
453
453
453
453
453
453
454
454
454
454
454
455
455
455
455
455
455
-1
456
456
456
457
457
457
457
457
457
457
-1
458
458
458
-1
459
459
459
460
460
460
460
461
461
462
462
462
462
463
463
463
463
463
463
463
464
464
464
464
464
464
464
465
465
465
465
465
465
466
466
466
466
466
466
466
467
467
467
467
467
467
467
-1
468
468
468
468
469
469
469
-1
470
470
470
-1
471
471
471
472
473
473
473
-1
474
474
474
-1
475
475
476
476
476
476
476
476
-1
477
477
477
-1
478
478
478
-1
479
479
479
-1
480
480
480
-1
481
481
481
482
482
482
482
483
483
483
483
483
483
483
484
484
485
485
485
485
485
485
485
-1
486
486
486
487
487
-1
488
488
488
489
489
489
490
490
490
490
491
491
491
492
492
492
492
492
492
492
493
493
493
493
493
493
493
-1
494
494
494
495
495
495
495
495
495
495
496
496
496
496
497
497
497
497
-1
498
498
498
-1
499
499
499
500
500
500
500
500
500
500
-1
501
501
501
502
502
502
502
503
503
503
504
504
504
505
505
505
505
-1
506
506
506
-1
507
507
507
508
508
508
508
-1
509
509
509
510
510
-1
511
511
511
-1
512
512
512
-1
513
513
513
-1
514
514
514
-1
515
515
515
516
516
516
516
516
516
516
-1
517
517
517
-1
-1
518
518
518
519
519
519
519
-1
520
54
521
521
521
521
521
521
521
522
522
522
522
523
523
523
523
524
524
524
524
524
524
524
524
525
525
525
525
525
525
525
526
526
526
526
526
526
526
527
527
527
527
528
528
528
528
529
529
529
529
530
530
530
530
530
530
530
531
531
531
531
532
532
532
532
532
532
532
533
533
533
533
533
533
533
534
534
534
534
-1
535
535
535
536
536
536
537
537
537
537
537
537
538
538
538
538
-1
539
539
539
-1
540
540
540
-1
541
541
541
-1
542
542
542
-1
543
543
543
544
544
544
544
544
-1
545
545
545
545
546
546
546
546
546
546
546
547
547
547
547
547
547
547
548
548
548
548
548
548
548
549
549
549
549
550
550
550
550
551
551
551
552
552
552
552
553
553
554
554
554
555
555
555
555
555
555
555
556
556
556
556
557
557
557
557
-1
-1
558
558
558
558
558
-1
559
559
560
560
560
560
560
-1
561
561
561
562
562
562
562
-1
563
563
564
564
564
564
564
564
564
565
565
565
-1
566
566
566
567
567
567
567
567
567
568
568
568
568
568
569
569
569
569
569
569
569
570
570
570
570
571
571
571
571
572
572
572
572
572
572
572
573
573
573
573
573
573
573
574
574
574
574
-1
575
575
575
575
575
575
576
576
576
576
576
-1
577
577
577
-1
578
578
578
-1
-1
-1
579
579
579
579
579
-1
580
580
580
581
581
581
581
581
581
581
581
582
582
582
582
582
582
582
583
583
583
583
583
583
-1
584
584
584
585
585
585
585
585
585
585
586
586
586
586
586
586
586
587
587
587
587
587
587
587
588
588
588
588
588
588
588
589
589
589
589
589
590
590
590
591
591
591
591
591
591
591
592
592
592
592
592
592
593
593
593
593
593
594
594
594
-1
595
595
595
-1
596
596
596
-1
597
-1
598
598
598
598
598
598
598
599
599
599
599
599
599
599
600
601
601
601
-1
602
602
602
603
603
603
603
604
604
604
604
604
604
604
605
605
605
606
606
606
607
607
607
607
608
608
608
608
608
608
608
609
609
609
609
610
610
610
610
611
611
611
611
612
612
612
612
612
612
613
613
613
613
614
614
614
614
614
615
615
615
-1
616
616
616
617
617
617
617
617
617
617
618
618
618
618
618
619
619
619
620
620
620
620
620
621
621
621
621
621
621
621
-1
622
622
623
623
623
623
624
624
624
624
624
624
625
625
626
626
626
627
627
627
627
-1
628
628
628
628
628
628
628
-1
629
629
629
-1
630
630
630
631
631
631
631
631
631
631
631
-1
632
632
632
-1
633
633
633
634
634
634
634
634
634
635
635
635
635
635
635
635
636
636
636
636
636
636
636
637
637
637
637
637
-1
638
638
638
638
638
638
638
639
639
639
639
639
639
640
640
640
640
641
641
641
641
641
641
-1
-1
642
642
-1
643
643
643
-1
644
644
645
645
645
645
645
645
646
646
646
646
646
646
646
-1
-1
647
647
648
648
648
648
648
648
649
649
649
649
649
-1
-1
650
650
651
651
651
651
652
652
653
653
653
653
653
653
653
654
654
654
654
654
654
654
-1
-1
655
655
-1
656
656
656
-1
657
657
658
658
658
658
658
658
658
659
659
659
659
659
659
-1
660
660
660
661
661
661
661
662
662
662
662
663
663
663
663
664
664
664
664
664
-1
665
665
665
-1
666
666
666
667
667
667
668
668
668
669
669
669
669
669
669
669
669
670
670
670
670
670
671
671
671
671
671
671
671
-1
672
672
672
-1
673
673
673
-1
674
674
674
675
675
675
-1
676
676
676
-1
677
677
221
678
678
678
678
679
679
679
679
-1
680
680
680
681
681
681
681
681
682
682
682
682
-1
683
683
683
684
684
684
684
685
685
685
685
685
685
685
686
686
686
686
687
687
687
687
-1
688
688
688
689
689
689
690
690
690
690
691
691
-1
692
692
692
693
693
693
693
693
694
694
694
694
694
694
694
695
695
695
695
695
695
696
696
696
696
697
697
697
697
697
697
697
698
698
698
698
698
698
698
699
699
699
699
700
700
700
700
701
701
701
701
701
701
702
702
702
702
702
703
703
703
703
703
703
-1
704
704
704
705
705
705
705
706
706
706
706
707
707
707
707
707
707
708
708
708
708
-1
709
709
709
-1
710
710
710
711
711
711
711
711
711
712
712
712
712
712
712
712
713
713
713
714
714
714
715
715
715
715
715
715
716
716
716
716
717
717
717
717
717
717
717
718
718
718
718
719
719
719
719
719
719
719
-1
720
720
720
721
721
721
721
721
721
722
722
722
722
723
723
723
723
-1
724
724
724
472
472
472
-1
725
725
725
-1
726
726
726
727
727
727
-1
728
728
728
729
729
729
729
729
729
729
730
730
730
730
730
730
730
-1
731
731
731
-1
732
732
732
733
733
733
733
733
733
734
734
734
734
735
735
735
735
735
735
735
736
736
736
736
-1
737
737
737
-1
738
738
738
739
739
739
739
740
740
740
740
741
741
741
741
742
742
742
742
742
743
743
743
743
743
743
743
-1
744
744
744
-1
745
745
745
746
746
746
746
747
747
747
747
747
747
747
-1
748
748
748
-1
749
749
749
750
750
750
750
751
751
751
751
751
751
751
752
752
752
752
752
752
753
753
753
753
753
-1
754
754
754
755
755
755
755
756
756
756
757
757
-1
-1
758
758
-1
759
759
759
-1
760
760
760
761
406
406
406
406
406
406
762
762
762
763
763
763
764
764
764
764
764
764
764
765
765
765
765
765
765
765
-1
766
766
766
-1
767
767
767
768
768
768
768
768
768
768
768
769
769
769
769
769
769
769
770
770
771
771
771
771
771
771
771
771
-1
772
772
772
773
773
773
773
773
773
774
774
774
774
774
775
775
775
775
776
776
776
776
-1
777
777
777
778
778
778
778
778
779
779
779
779
780
780
780
781
781
781
782
782
782
782
-1
-1
783
783
783
783
-1
784
784
784
785
785
-1
786
786
786
-1
787
787
787
788
788
788
788
788
788
788
789
789
789
789
789
790
790
790
790
790
790
790
791
791
791
791
792
792
792
792
-1
793
793
793
794
794
794
794
795
795
795
795
796
796
796
796
797
797
797
797
798
798
798
798
799
799
799
799
800
800
800
800
800
800
800
800
801
801
801
801
801
801
801
-1
802
802
802
803
803
803
803
803
803
803
-1
804
804
804
-1
805
805
805
806
806
806
806
807
807
807
807
807
807
807
808
808
808
808
808
808
809
809
809
809
809
809
809
809
810
810
810
811
811
811
811
812
812
812
812
813
813
813
813
814
814
814
814
815
815
815
815
816
816
816
816
816
816
816
817
817
817
817
817
817
818
818
818
818
818
818
818
819
819
819
819
819
-1
820
820
820
820
820
820
820
820
821
821
821
821
822
822
822
822
823
823
823
823
824
824
824
824
-1
-1
-1
360
825
825
825
825
826
826
826
826
827
827
827
827
827
827
828
828
828
828
829
829
829
829
829
829
829
-1
830
830
830
830
830
831
831
831
831
831
831
831
-1
832
832
832
833
833
833
833
833
833
834
834
835
835
835
835
835
835
836
836
836
-1
837
837
837
838
838
838
-1
-1
839
839
839
840
840
840
840
840
840
840
-1
841
841
842
842
842
842
842
842
-1
843
843
843
844
844
844
844
844
844
844
-1
-1
845
845
-1
846
846
846
-1
-1
847
847
847
-1
848
848
848
849
849
849
849
849
850
850
850
850
851
851
851
851
852
852
-1
853
853
853
854
854
854
855
855
855
855
855
855
856
856
856
856
857
857
857
857
858
858
858
858
859
859
859
860
860
860
860
860
860
860
860
861
861
861
861
862
862
862
862
863
863
863
863
864
864
864
864
865
865
865
865
866
866
867
867
867
868
868
868
868
868
868
868
869
869
869
869
869
869
869
870
870
870
870
-1
871
871
871
872
872
872
-1
873
873
873
-1
874
874
874
875
875
875
875
875
876
876
876
876
876
877
877
878
878
878
878
879
879
879
879
879
879
879
880
880
880
880
880
880
880
-1
881
881
881
882
882
882
882
-1
883
883
883
-1
884
884
884
885
885
885
885
-1
886
886
886
887
887
887
887
888
888
888
888
888
888
-1
889
889
889
-1
890
890
890
-1
891
891
891
-1
892
892
892
893
893
893
893
893
893
-1
894
894
894
895
895
895
895
895
895
895
896
896
896
896
897
897
897
897
-1
898
898
898
899
899
899
899
899
899
899
-1
-1
-1
-1
-1
900
900
900
-1
901
901
901
902
902
902
902
902
902
902
-1
903
903
903
904
904
-1
905
905
906
906
906
906
907
907
907
907
-1
908
908
909
909
909
909
910
910
911
911
911
911
912
912
912
912
913
913
913
913
914
914
914
914
915
915
915
915
915
915
915
916
916
916
916
916
917
917
917
917
917
917
918
918
918
918
919
919
919
920
920
920
920
921
921
921
921
921
921
921
921
922
922
922
922
922
922
922
922
923
923
923
923
923
923
924
924
924
924
924
924
924
925
925
925
925
926
926
926
926
926
926
927
927
927
927
927
927
928
928
928
928
928
928
928
929
929
929
929
930
930
930
930
931
931
931
931
932
932
932
932
932
932
932
933
933
933
933
934
934
934
934
935
935
935
935
-1
936
936
936
-1
937
937
937
-1
-1
-1
-1
938
938
938
939
939
939
940
940
940
940
-1
-1
-1
-1
941
941
941
942
942
942
942
942
942
942
943
943
943
943
944
944
944
944
944
945
945
945
945
945
945
945
946
946
946
947
947
947
947
947
947
948
948
948
948
948
948
948
949
949
949
949
-1
950
950
950
951
951
951
951
-1
952
952
952
953
953
953
953
954
954
954
954
955
955
955
955
955
955
955
956
956
956
956
956
956
956
956
957
957
957
957
958
958
958
958
959
959
959
959
959
959
960
960
960
960
961
961
961
961
961
961
961
962
962
962
962
962
962
962
963
963
963
964
964
964
964
964
964
964
965
965
965
965
965
965
965
-1
966
966
966
967
967
967
967
967
967
967
-1
-1
968
968
-1
969
969
969
-1
-1
970
970
-1
-1
-1
-1
971
971
971
972
972
972
972
972
972
972
-1
-1
973
973
-1
974
974
974
975
975
975
976
976
976
976
976
976
977
977
977
977
977
977
977
978
978
978
978
978
-1
979
979
979
980
980
980
980
980
980
980
-1
981
981
981
-1
-1
982
982
982
-1
983
983
983
-1
984
984
984
985
986
986
986
-1
987
987
987
988
988
988
988
988
988
988
-1
989
989
989
-1
990
990
990
-1
991
991
971
992
992
993
993
993
993
994
994
994
994
995
995
995
995
996
996
996
996
997
997
997
997
998
998
998
998
999
999
999
999
1000
1000
1000
1000
1000
-1
1001
1001
1001
1001
1002
1002
1002
1003
1003
1003
1003
1004
1004
1004
1004
1005
1005
1005
1005
-1
1006
1006
1007
1007
1007
1007
1007
1008
1008
1008
1008
1009
1009
1009
-1
1010
1010
1010
-1
1011
1011
1011
1012
1012
1012
-1
1013
1013
1013
1014
1014
1014
1015
1015
1015
1016
1016
1016
1016
1017
1017
1017
1017
-1
1018
1018
1018
-1
1019
1019
1019
1020
1020
1020
1020
1021
1021
1021
1022
1022
1022
1022
1022
1023
1023
1023
1024
1024
1024
1025
1025
1025
1025
1026
1026
1026
1026
1027
562
562
562
1028
1028
1028
1028
1028
1028
1029
1029
1029
1029
1029
-1
1030
1030
1030
1031
1031
1031
1031
1032
1032
1032
1032
1033
1033
1033
1033
1034
1034
1034
1034
-1
1035
1035
1035
-1
1036
1036
1036
1037
1037
1037
1037
-1
1038
1038
1038
-1
1039
1039
1039
1040
1040
1040
1040
1041
1040
1040
1040
-1
1042
1042
1042
-1
1043
1043
1043
1044
1044
1044
1045
1045
1045
1045
1045
1046
1046
1046
1046
1046
1046
1047
1047
1047
1047
1048
1048
1048
1048
-1
1049
1049
1049
-1
1050
1050
1050
1051
1051
1051
1051
1052
1052
1052
1052
1053
1053
1053
1053
1053
1053
1053
1053
1054
1054
1054
1054
1054
1054
1054
1055
1055
1055
1056
1056
1056
1056
1057
1057
1057
1057
1058
1058
1058
1058
1059
1059
1059
1059
1060
1060
1060
1060
1061
1061
1061
1061
1061
321
321
1062
1062
1062
1062
1062
1062
1062
1063
1063
1063
1063
1064
1064
1064
1064
1064
1064
-1
1065
1065
1065
1066
1066
1066
1066
1066
1067
1067
1067
1067
1067
1067
1068
1068
1068
1068
1068
1069
1069
1070
1070
1070
1070
1070
1070
-1
1071
1071
1071
-1
-1
-1
-1
-1
1072
1072
1072
1072
1072
-1
1073
1073
1073
1074
1074
1074
1074
1074
1074
1074
1075
1075
1075
1075
1075
-1
1076
1076
1076
-1
-1
1077
1077
-1
1078
1078
1078
-1
1079
1079
1079
1080
1080
1080
1080
1080
1081
1081
1081
1081
1082
1082
1082
1082
1082
1082
-1
-1
1083
1083
1083
-1
1084
1084
1084
-1
1085
1085
1085
1086
1086
1086
1086
1086
1086
1086
-1
1087
1087
1087
-1
1088
1088
1088
1089
1089
1089
1089
1089
-1
1090
1090
1035
1091
1091
1091
1091
1091
-1
1092
1092
1092
-1
1093
1093
1093
1094
1094
1094
1094
1094
1094
1094
1095
1095
1095
1095
1095
1095
1095
1095
1096
1096
1096
1096
1096
1096
1096
1097
1097
1098
1098
1098
-1
1099
1099
1099
-1
1100
1100
-1
1101
1101
1101
1102
1102
1102
1102
1102
1102
1102
1103
1103
1103
1103
1103
1103
1103
1104
1104
1104
1104
1104
1104
1105
1105
1105
1105
1105
1105
-1
1106
1106
1106
1106
1106
1106
1106
1107
1107
1107
1108
1108
1108
1109
1109
1109
1109
1109
-1
1110
1110
1110
1111
1111
1111
1111
1111
1112
1112
1112
1112
1112
1112
1112
1113
1113
1113
1113
1114
1114
1114
1114
1115
1115
1115
1115
1115
1116
1116
1116
1116
1116
1116
1116
1117
1117
1117
1117
1118
1118
1118
1118
1118
1118
1118
1118
1119
1119
1119
1119
1120
1120
1120
1120
1121
1121
1121
1121
1121
1122
1122
1122
1122
1122
1122
1122
1123
1123
1123
1124
1124
1124
1125
1125
1125
1125
1125
1125
1125
1126
1126
1126
1126
1127
1127
1127
1127
1127
1127
1128
1128
1128
1128
1128
1128
1129
1129
1129
-1
1130
1130
1130
-1
1131
1131
1131
1132
1132
1132
1132
1132
1132
1133
1133
1133
1133
1133
1134
1134
1134
1134
1135
1135
1135
1135
1135
1135
-1
-1
1136
1136
1136
1137
1137
1137
1137
1137
1137
1138
1138
1138
1138
1138
1138
1139
1139
1139
1139
1139
1139
1139
-1
1140
1140
1140
1141
1141
1141
1141
1141
1141
1142
1142
1142
1142
-1
1143
1143
1143
1144
1144
1144
1144
-1
1145
1145
1145
1146
1146
1146
1146
1146
1147
1147
1147
1147
1147
1147
-1
1148
1148
1148
-1
1149
1149
1149
-1
1150
1150
1150
1151
1151
1151
1151
1151
1151
-1
1152
1152
1152
1153
1153
1153
1153
1153
1154
1154
1154
1154
1155
1155
1155
1155
1155
1156
1156
1156
1156
1157
1157
1157
1157
1157
1157
1157
1157
1158
1158
1158
1158
1158
1158
1158
1159
1159
1159
1159
-1
1160
1160
-1
1161
1161
1161
1162
1162
1162
1162
1162
1162
1162
1163
1163
1163
1164
1164
1164
-1
1165
1165
1165
1166
1166
1166
1166
1167
1167
161
-1
1168
1168
1168
1169
1169
1169
1169
1169
1169
1169
1170
1170
1170
1170
1170
1170
1170
1171
1171
1171
1171
1172
1172
1172
1172
1172
1172
1173
1173
1173
1173
-1
1174
1174
1174
-1
1175
1175
1175
1176
1176
1176
1176
1177
1177
1177
1178
1178
1178
1179
1179
1179
1179
1179
1179
1179
1180
1180
1180
1180
1180
1180
1181
1181
1182
1182
1182
1182
1182
1182
1182
-1
985
1183
1183
1184
1068
1185
1185
-1
1186
1186
1186
-1
1187
1187
1187
-1
1188
1188
1188
1189
1189
1189
1189
1189
1189
1190
1190
1190
1190
1190
1190
1190
1191
1191
1191
1191
1191
1191
1191
1192
1192
1192
1192
1192
1193
1193
1193
1193
1193
1193
1194
1194
1194
1194
1194
1194
1194
-1
1195
1195
1195
-1
-1
1196
1196
1197
1197
1197
1197
1197
1197
1197
-1
-1
1198
1198
-1
1199
1199
1199
1200
1200
1200
1200
-1
1201
1201
1201
1202
1202
1202
1202
1202
1202
1202
1202
-1
1203
1203
1203
1204
1204
1204
1204
1204
1204
-1
1205
1205
1205
1206
-1
1207
1207
-1
1208
1208
1208
-1
1209
1209
1209
-1
1210
1210
1210
-1
1211
1211
1212
1212
1212
1212
1212
1212
1213
1213
1213
1213
1213
1214
1214
1214
1214
1215
1215
1216
1216
1216
1216
1216
1216
1216
1217
1217
1217
1217
1217
1217
1217
-1
-1
1218
1218
-1
1219
1219
1219
-1
-1
-1
-1
1220
1220
1221
1221
1221
1221
1221
1221
1221
-1
1222
1222
1222
1223
1223
1223
1223
1224
1224
1224
1224
1224
-1
-1
1225
1225
-1
-1
1226
1226
-1
1227
1227
1227
1228
1228
1228
1228
1228
-1
1229
1229
1229
65
65
65
65
65
-1
1230
1230
1230
-1
1231
1231
1231
-1
1232
1232
1233
1233
1233
1233
1233
1234
1234
1234
1234
1234
1234
-1
1235
1235
1235
-1
-1
1236
1236
-1
-1
1237
1237
-1
-1
1238
1238
1239
1239
1239
1239
1239
1240
1240
1240
1240
1240
1240
1240
1241
1241
14
14
-1
1242
1242
1242
1243
1243
1243
1243
1243
-1
1244
1244
1244
1245
1245
1245
1245
1245
1246
1246
1246
1246
1246
1246
1247
1247
1247
1247
1248
1248
1248
1248
1249
1249
1249
1249
1250
1250
1250
1250
1251
1251
1251
1251
1251
1252
1252
1252
1252
1253
1253
1253
1253
1253
1253
1254
1254
1254
1254
1254
1254
1254
1255
1255
1255
1255
1255
1255
1255
1256
1256
1256
1256
1256
1256
1257
1257
1257
1257
1257
1257
1257
-1
1258
1258
1258
-1
1259
1259
1259
-1
1260
1260
1260
1261
1261
1261
1261
1261
1261
-1
1262
1262
1262
-1
1263
1263
1263
-1
1264
1264
1264
1265
1265
1265
1265
1266
1266
1266
1266
-1
1267
1267
1079
1268
1268
1268
1268
1268
1269
1269
1269
1269
1269
1269
1269
1270
1270
1270
1270
1270
1270
1271
1271
1271
1271
1271
1271
1271
1272
1272
1272
1272
1272
-1
1273
1273
1273
1274
1274
1274
1274
1274
1274
1274
-1
1275
1275
1275
-1
1276
1276
1276
1277
1277
1277
1277
1278
1278
1278
1278
1278
1278
-1
1279
1279
1279
1280
1280
1280
1281
1281
1281
1281
1282
1282
1282
1282
1282
1282
1283
1283
1283
1283
-1
1284
1284
1284
-1
1285
1285
1285
1285
1285
1285
-1
-1
-1
-1
-1
908
908
-1
-1
1286
1286
-1
-1
1287
1287
-1
1288
1288
1289
1289
1289
1289
1290
1290
-1
1291
1291
1291
1292
1292
1292
1292
1292
1293
1293
1293
1293
1293
1293
1293
-1
1294
1294
1294
1295
1295
1295
1295
1295
1295
1296
1296
1296
1296
1296
1296
1296
1297
1297
1297
1297
1297
1298
1298
1298
1298
1299
1299
1299
1299
1299
1299
1299
1300
1300
1300
1300
1300
1301
1301
1301
1301
1301
1301
1301
1301
1302
1302
1302
1302
1302
1302
1303
1303
1303
1303
1303
1303
1303
1304
1304
1304
1304
1305
1305
1305
1305
1305
1305
1305
1306
1306
1306
1306
1307
1307
1307
1307
1308
1308
1308
1308
1309
1309
1309
1309
1310
1310
1310
1310
1311
1311
-1
1312
1312
1312
1312
1313
1313
1313
1313
1314
1314
1314
1314
1315
1315
1315
1315
1315
1315
1316
1316
1316
1316
1316
1316
1316
1317
1317
1317
1317
1317
1317
1317
1318
1318
1318
1319
1319
1319
1320
1320
1320
1320
1321
1321
1321
1322
1322
1322
1322
1322
1323
1323
1323
1323
1324
1324
1324
-1
1325
1325
1325
1325
1325
-1
1326
1326
1326
1326
1326
1326
-1
1327
1327
1327
1328
1328
1328
1328
1329
1329
1329
1329
1330
1330
1330
1330
1330
1330
1330
1331
1331
1331
1331
1332
1332
1332
1332
1333
1333
1333
1333
1334
1334
1334
1334
1334
1334
1335
1335
1335
1335
1335
1335
1335
1336
1336
1336
1336
1337
1337
1337
1337
-1
1338
1338
1338
1338
1338
1339
1339
1339
1339
1339
1339
1340
1340
1340
1340
1341
1341
1341
1342
1342
1342
1342
1342
1342
1343
1343
1343
1343
1344
1344
1344
1344
1344
1344
1345
1345
1345
1345
1346
1346
1346
-1
1347
1347
1347
1347
1347
1347
1347
1347
1348
1348
1348
1348
1348
1349
1349
1349
1349
-1
1350
1350
1350
1350
1350
1350
1350
1351
1351
1351
1351
1352
1352
1352
1353
1353
1353
1353
1354
1354
1354
1354
1355
1355
1355
1355
1355
1356
1356
1356
1356
1356
1356
1356
1356
1357
1357
1357
1357
1358
1358
1358
1358
1359
1359
1359
1360
1360
1360
1360
1361
1361
1361
-1
1362
1362
1362
1362
-1
1363
1363
1363
-1
1364
1364
1364
-1
1365
1365
1237
1366
1366
1367
1367
1367
1367
1367
1367
1367
1368
1368
1369
1369
1370
1370
1370
1370
1371
1371
1371
1371
1371
1372
1372
1372
