0
0
0
0
0
-1
1
1
1
-1
2
2
-1
3
3
3
-1
4
4
4
-1
5
5
5
6
6
6
6
6
6
-1
7
7
7
7
8
8
8
8
8
8
8
-1
9
9
9
-1
10
10
10
11
11
11
11
12
12
12
12
12
13
13
13
13
13
14
14
14
14
14
14
14
-1
15
15
15
16
16
16
16
17
17
17
18
18
18
18
18
19
19
19
19
20
20
20
20
21
21
21
21
22
22
22
22
23
23
23
23
-1
24
24
24
-1
25
25
25
26
26
26
26
27
27
27
27
27
27
27
28
28
28
28
28
28
28
29
29
29
29
29
-1
30
30
30
31
31
31
31
-1
-1
-1
32
32
32
-1
-1
-1
33
33
33
-1
34
34
-1
35
35
35
-1
36
36
36
-1
37
37
37
-1
38
38
38
39
39
39
39
39
39
39
39
40
40
41
41
41
42
42
42
42
43
43
43
43
44
44
45
45
45
45
45
45
45
45
46
46
46
46
46
46
46
46
-1
47
47
48
48
48
48
48
49
49
49
49
49
50
50
50
51
51
51
51
51
52
52
52
52
53
53
53
53
54
54
54
54
54
54
-1
55
55
-1
56
56
56
57
57
57
57
58
58
58
59
59
59
59
60
60
61
61
61
62
62
62
62
1700
63
63
63
63
63
63
64
-1
-1
-1
-1
65
65
65
-1
66
10
10
67
67
67
67
68
68
69
69
-1
70
70
70
70
-1
71
71
71
-1
72
72
72
73
73
73
73
73
74
64
75
75
75
76
76
76
76
76
76
77
77
77
77
77
77
78
78
78
78
78
78
78
79
79
79
79
80
80
80
80
80
80
80
80
81
81
81
81
82
82
82
82
82
82
82
83
83
83
83
84
84
84
84
84
84
84
84
85
85
85
85
86
86
86
86
87
87
87
87
-1
88
88
89
89
89
89
90
90
90
90
-1
91
91
92
92
92
92
93
93
93
93
94
94
94
94
94
95
95
95
95
96
96
96
96
97
97
97
97
98
98
98
98
98
98
98
99
99
100
100
100
100
100
100
100
101
101
101
101
101
101
101
101
102
102
102
102
103
103
103
103
104
104
105
105
105
105
106
106
106
106
107
107
107
107
108
108
108
108
108
108
108
109
109
109
109
110
110
110
110
111
111
111
111
111
111
111
112
112
112
112
112
113
113
113
113
114
114
115
115
115
115
115
115
116
116
117
117
117
117
118
118
118
118
118
118
-1
119
119
119
119
119
120
120
120
120
120
121
121
122
122
122
123
123
123
123
124
124
124
124
124
124
124
125
125
125
125
125
126
126
126
126
126
126
126
126
127
127
127
127
127
127
128
128
128
128
128
128
128
129
129
129
129
130
130
130
130
130
130
130
131
131
131
131
132
132
132
132
133
133
133
133
134
134
135
135
135
135
136
136
136
137
137
137
138
138
138
138
139
139
139
139
139
139
139
140
140
140
140
140
140
140
140
141
141
141
141
141
141
141
142
142
142
142
142
142
143
143
143
144
144
144
144
144
145
145
145
145
145
146
146
146
146
146
146
147
147
147
147
147
147
147
148
148
148
148
148
149
149
149
149
-1
150
150
151
151
151
151
151
151
151
152
152
152
152
152
152
152
153
153
153
153
153
153
153
154
154
154
155
155
155
156
156
156
156
157
157
157
157
157
158
158
158
158
158
158
158
159
159
159
159
159
159
160
160
160
160
161
161
161
161
161
162
162
162
162
163
163
163
164
164
164
164
164
165
165
165
165
165
165
165
166
166
166
166
-1
-1
-1
167
167
167
167
168
168
168
168
168
168
168
169
169
169
169
170
170
170
170
170
170
170
171
171
171
171
172
172
172
172
173
173
173
173
174
174
174
174
174
174
175
175
175
176
176
176
176
177
177
177
177
-1
178
178
178
-1
179
179
179
180
180
180
180
181
181
181
181
181
181
181
181
182
182
182
182
182
183
183
183
183
183
183
183
183
-1
-1
184
184
-1
-1
185
185
-1
186
186
186
187
187
187
187
187
187
188
188
188
188
-1
189
189
-1
190
190
190
-1
191
191
191
192
192
192
192
192
192
193
193
193
193
194
194
194
194
195
195
195
195
195
195
195
195
196
196
196
196
197
197
198
198
198
198
198
199
199
199
199
200
200
200
200
201
201
201
201
202
202
202
202
-1
203
203
203
204
204
204
204
205
205
205
206
206
206
206
207
207
207
207
207
207
208
208
208
208
208
208
208
209
209
209
209
209
-1
210
210
210
211
211
211
-1
212
212
212
-1
213
213
213
-1
214
214
214
215
215
215
215
215
216
216
216
216
216
216
216
217
217
217
217
218
218
218
-1
219
219
219
220
220
220
220
220
-1
221
221
221
-1
222
222
222
223
223
223
223
223
224
224
224
224
224
225
225
225
225
225
-1
226
226
226
227
227
227
227
228
228
228
228
228
229
229
229
229
230
230
230
230
230
230
230
231
231
231
231
231
231
232
232
232
232
232
232
232
233
233
233
233
233
233
233
234
234
234
-1
235
235
235
235
-1
236
236
236
-1
237
237
237
-1
238
238
238
239
239
239
239
240
240
240
240
241
241
-1
242
242
242
-1
243
243
243
-1
-1
244
244
244
-1
245
245
245
-1
246
246
246
247
247
247
247
247
247
248
248
248
248
248
249
249
-1
250
251
-1
-1
252
252
252
-1
253
253
253
254
254
254
254
254
254
255
255
255
255
-1
256
256
256
-1
257
257
257
257
257
257
257
258
258
258
258
258
258
258
-1
259
259
259
-1
260
260
260
-1
261
261
261
-1
262
262
262
263
263
263
263
263
263
263
264
264
264
264
264
265
265
266
266
266
266
266
267
267
267
268
268
268
268
268
-1
269
269
270
270
270
270
270
270
270
271
271
271
271
271
271
-1
272
272
272
273
273
273
273
273
274
274
274
-1
275
275
275
-1
276
276
276
-1
277
277
277
278
278
278
278
279
279
279
279
279
279
279
280
280
280
280
280
280
280
281
281
281
281
281
281
281
282
282
282
282
282
282
283
283
283
283
284
284
284
285
285
285
285
285
285
285
285
286
286
286
286
286
286
286
-1
-1
287
287
287
288
288
288
288
288
288
288
289
289
289
289
289
289
289
-1
290
290
290
290
290
290
290
291
291
291
291
291
291
291
-1
292
292
292
-1
293
293
293
-1
294
294
294
-1
295
295
295
-1
296
296
296
-1
297
297
297
-1
298
298
298
299
299
299
299
-1
300
300
300
-1
301
301
301
-1
-1
302
302
303
303
303
303
303
304
304
304
304
304
304
-1
-1
305
305
-1
306
306
306
-1
307
307
307
-1
308
308
308
-1
309
309
309
-1
310
310
310
-1
311
311
311
312
312
312
312
313
313
313
313
313
-1
314
314
314
315
315
315
315
315
315
315
316
316
316
316
316
316
316
317
317
317
317
317
-1
318
318
318
-1
319
319
-1
320
320
320
-1
321
321
321
-1
-1
322
322
-1
323
323
323
324
324
324
324
324
324
324
-1
325
325
325
325
325
326
326
326
326
326
326
327
327
327
327
327
327
327
328
328
328
328
328
328
328
329
329
329
329
329
329
329
330
330
330
330
330
330
330
331
331
331
331
331
331
331
-1
332
332
332
-1
-1
333
333
334
335
335
335
336
336
336
336
-1
337
337
337
-1
338
338
339
339
339
339
340
340
340
-1
341
341
341
-1
342
342
343
343
343
-1
344
344
345
345
345
345
345
345
345
346
346
346
346
346
347
347
347
347
347
347
347
348
348
348
348
348
-1
349
349
349
-1
350
350
350
351
351
351
351
351
351
351
352
352
352
352
352
353
353
353
353
353
354
354
354
-1
355
355
355
356
356
356
356
356
357
357
-1
-1
358
358
358
358
-1
359
359
359
360
360
360
360
-1
361
361
361
-1
362
362
362
-1
363
363
363
364
364
364
-1
-1
-1
365
365
365
-1
366
366
366
-1
367
367
367
368
368
368
368
368
368
368
369
369
369
369
369
369
-1
370
370
370
-1
371
371
371
-1
372
372
372
373
373
373
373
373
373
373
-1
374
374
374
-1
375
375
375
-1
376
376
376
-1
377
377
377
378
379
379
379
-1
380
380
381
381
381
381
381
381
381
382
382
382
382
382
382
382
383
383
383
383
383
383
383
-1
384
384
385
385
385
385
385
-1
386
386
386
387
387
387
387
387
387
388
388
388
388
-1
389
389
389
-1
390
390
390
391
392
392
392
393
393
393
393
394
394
394
394
-1
395
395
395
396
396
396
396
396
397
397
397
397
397
397
397
397
-1
398
398
398
-1
399
399
399
400
400
400
400
400
401
401
-1
402
402
402
403
403
403
403
403
-1
404
404
-1
405
405
405
406
406
406
406
406
406
-1
-1
407
407
407
407
407
407
407
-1
-1
408
408
409
409
409
409
409
409
410
410
410
410
410
410
410
410
411
411
411
411
412
412
412
413
413
413
413
414
414
414
414
414
414
414
415
415
415
415
416
416
416
416
416
416
416
417
417
417
417
417
417
418
418
418
418
419
419
419
419
419
420
420
420
420
-1
421
421
421
-1
422
422
422
423
423
423
423
424
424
424
424
424
424
424
425
425
425
425
425
426
426
426
426
426
426
427
427
427
427
428
428
428
428
428
428
428
429
429
429
429
429
429
429
429
430
430
430
430
431
431
431
431
431
431
431
432
432
432
432
433
433
433
433
-1
434
434
434
-1
435
435
435
436
436
436
436
-1
437
437
437
-1
438
438
438
439
439
439
439
439
439
439
440
440
440
441
441
441
442
442
442
442
442
442
442
443
443
443
443
444
444
444
444
445
445
445
445
-1
446
446
446
-1
447
447
447
-1
448
448
448
448
448
448
448
449
449
449
449
450
450
450
450
450
451
451
451
451
451
451
-1
452
452
452
453
453
453
453
454
455
455
455
455
455
455
455
-1
456
456
456
457
457
457
457
458
458
458
458
459
459
459
459
459
460
460
461
461
461
462
462
462
462
462
462
462
463
463
463
463
464
464
464
464
464
464
465
465
465
465
466
466
466
466
467
467
467
467
468
468
468
468
468
469
175
175
175
470
470
470
470
471
471
471
471
472
472
472
472
473
473
473
473
474
474
474
474
475
475
475
476
476
476
476
476
477
477
477
477
477
477
477
478
478
478
478
478
478
479
479
479
479
479
479
479
480
480
480
481
481
481
482
482
482
482
482
482
482
483
483
483
484
484
484
485
485
485
485
485
486
486
486
486
486
486
486
-1
-1
-1
-1
487
487
487
487
488
488
488
488
489
489
489
489
489
489
489
489
490
490
490
490
491
491
491
491
491
491
492
492
492
492
492
492
492
493
493
493
493
493
493
493
494
494
494
494
495
495
495
495
496
496
496
496
497
497
497
497
498
498
499
499
499
-1
500
500
500
501
501
501
501
502
502
502
502
503
503
503
503
503
504
504
504
505
505
505
505
505
505
505
506
506
506
506
506
506
-1
507
507
507
-1
508
508
508
509
509
509
509
509
509
509
509
510
510
510
510
510
510
511
511
511
511
511
511
511
512
512
512
512
512
512
512
513
513
513
513
513
513
514
514
514
514
514
514
514
-1
515
515
515
516
517
517
517
-1
518
518
518
519
519
519
519
519
519
519
-1
520
520
520
521
521
521
521
521
521
521
522
522
522
522
522
522
522
523
523
523
523
523
523
-1
524
524
524
-1
525
525
525
-1
526
526
526
-1
527
527
527
528
528
528
528
528
529
530
530
530
531
531
531
531
531
-1
532
532
532
-1
533
533
533
534
534
534
534
534
534
534
535
535
535
535
535
535
535
535
-1
-1
-1
-1
536
536
536
537
537
537
537
537
537
537
538
538
538
538
538
538
538
539
539
539
539
540
540
540
541
541
541
541
542
542
542
542
543
543
543
543
544
544
544
545
545
545
545
546
546
546
546
547
547
547
547
548
548
548
548
549
549
549
549
549
549
549
550
550
550
550
551
551
551
551
552
552
552
552
553
553
553
553
554
554
554
554
555
555
555
555
556
556
556
556
557
557
557
557
557
557
557
558
558
558
558
558
558
558
559
559
559
559
559
560
560
560
560
561
561
561
561
562
562
562
562
562
562
562
563
563
563
563
563
563
564
564
564
564
564
564
564
565
565
565
565
566
566
566
567
567
567
567
568
568
568
568
569
569
569
569
570
570
570
570
570
570
571
571
571
571
571
571
572
572
572
572
572
572
572
573
573
574
574
574
574
575
575
575
575
576
576
576
576
577
577
577
577
578
516
516
516
579
579
579
579
580
580
580
580
581
581
581
581
581
581
581
582
582
582
582
582
582
583
583
583
583
583
584
584
584
584
585
585
585
585
586
586
586
586
587
587
587
587
588
588
588
588
589
589
589
589
590
590
590
590
590
591
591
591
592
592
592
592
-1
593
593
593
593
594
594
594
594
595
595
595
595
596
596
596
596
597
597
597
597
597
598
598
598
598
598
598
599
599
599
599
599
600
600
600
600
600
600
600
601
601
601
601
602
602
602
602
603
603
603
603
603
603
603
604
604
604
604
605
605
605
605
606
606
606
606
607
607
607
607
608
608
608
608
609
609
609
610
610
610
611
611
611
611
611
611
612
612
612
612
612
612
613
613
613
613
613
613
613
614
614
614
615
615
615
616
616
616
616
616
616
616
617
617
617
617
618
618
1521
619
619
620
620
620
620
620
620
621
621
622
622
622
622
622
622
623
623
623
623
623
623
623
624
624
624
624
624
624
624
-1
625
625
625
626
626
626
626
627
627
627
627
627
627
627
-1
628
628
628
628
628
628
628
629
629
629
630
630
630
631
631
631
632
632
632
632
632
632
632
-1
633
633
633
634
634
634
634
634
634
-1
635
635
635
635
635
-1
636
637
637
638
638
638
638
638
639
639
639
639
639
640
640
640
640
640
640
640
-1
-1
641
641
-1
642
175
175
643
643
643
643
643
643
643
644
-1
645
645
-1
-1
646
646
-1
-1
647
647
-1
454
-1
-1
648
648
-1
649
649
649
650
650
650
650
650
650
650
650
651
651
651
651
651
-1
652
652
652
652
652
652
652
-1
653
653
653
654
654
654
654
654
654
654
655
655
655
655
655
655
655
655
656
528
528
528
528
657
657
657
657
657
657
657
658
658
658
658
658
658
659
659
659
659
659
659
659
659
660
660
660
660
661
661
661
661
662
662
662
662
663
663
663
663
664
664
664
664
665
665
665
665
666
666
666
666
666
666
667
667
667
667
668
668
668
668
668
668
-1
669
669
669
669
670
670
670
670
671
671
671
671
672
672
672
672
673
673
673
674
674
674
674
675
675
675
675
676
676
676
676
677
677
677
677
678
678
678
678
679
679
679
679
680
680
680
681
681
682
682
682
683
683
683
683
684
684
684
684
684
684
684
684
685
685
685
685
685
685
686
669
669
669
-1
687
687
687
687
688
688
688
688
689
689
689
689
689
689
689
690
690
690
690
691
691
691
691
691
691
692
692
692
692
692
692
692
693
693
693
693
693
693
693
694
694
694
694
694
695
695
695
695
696
696
696
696
-1
697
697
697
698
698
698
698
699
699
700
700
700
701
701
701
701
701
701
702
702
702
703
703
703
703
703
703
703
704
704
704
705
705
706
706
706
706
707
707
707
707
708
708
708
708
709
709
709
709
710
710
710
710
710
710
711
711
711
711
712
712
712
712
712
712
712
713
713
713
713
713
713
713
714
714
714
714
715
715
715
715
715
716
716
716
716
716
716
716
717
717
717
717
717
717
717
718
718
718
718
718
719
719
719
719
719
719
719
720
720
720
720
720
720
720
721
721
721
721
722
722
722
722
722
722
723
723
723
723
723
724
724
724
724
724
724
724
724
725
725
725
725
726
726
726
726
726
727
727
727
727
727
728
728
728
728
728
728
728
-1
729
729
729
729
729
729
729
730
730
730
730
730
730
730
-1
731
731
732
732
732
732
732
732
733
733
733
733
734
734
734
734
734
735
735
735
735
735
735
735
736
736
736
736
737
737
738
738
738
738
739
739
739
740
740
740
741
741
741
741
741
741
742
742
742
743
743
743
743
743
743
743
744
744
744
744
745
745
745
745
746
746
746
746
-1
747
747
747
747
747
747
747
748
748
748
748
748
748
748
749
749
749
749
750
750
751
751
-1
752
752
752
-1
753
753
754
754
754
754
754
754
754
755
756
756
756
757
757
757
757
758
758
758
758
758
758
758
759
759
759
759
759
759
759
760
760
760
760
760
-1
761
761
761
761
762
762
762
762
763
763
763
763
763
763
764
764
764
764
764
764
764
764
765
765
765
765
766
766
766
766
767
767
-1
-1
768
768
768
769
769
769
769
769
770
770
770
770
771
771
771
771
772
772
772
772
773
773
773
773
773
773
773
774
774
774
775
775
775
776
776
776
776
776
776
776
777
777
777
777
778
778
778
778
779
779
779
779
780
780
780
780
-1
781
781
781
781
781
782
782
782
783
783
783
784
784
784
784
785
785
785
785
786
786
786
786
787
787
788
788
788
789
789
789
789
789
790
790
790
790
791
791
791
791
792
792
792
792
793
793
793
793
793
793
793
794
794
794
794
794
794
794
795
795
795
795
795
795
795
796
796
796
796
797
798
798
798
799
799
799
799
799
799
800
800
800
800
800
800
800
801
801
801
802
802
802
803
803
803
803
804
804
804
804
805
805
805
805
806
806
806
806
807
807
807
807
808
808
808
808
808
808
809
809
809
809
810
810
810
810
811
811
811
811
-1
812
251
813
813
813
813
814
814
814
814
815
815
815
815
816
816
816
816
817
817
817
817
818
818
818
818
818
818
818
819
819
819
819
819
820
820
820
820
820
820
821
821
821
821
822
822
822
822
823
823
823
823
824
824
824
824
824
824
825
825
825
825
825
826
826
826
826
827
827
827
827
-1
-1
828
828
828
829
829
829
829
829
829
830
830
830
830
831
831
831
831
-1
-1
832
832
832
832
833
833
833
833
834
834
834
834
835
835
835
835
836
836
836
-1
837
837
837
837
837
838
838
838
839
839
839
55
-1
840
840
840
841
841
841
841
841
842
842
842
842
842
843
843
843
843
843
-1
844
844
844
-1
845
845
845
-1
846
846
846
-1
847
847
847
-1
848
848
848
849
849
849
849
849
-1
850
850
850
-1
851
851
851
852
853
853
853
-1
854
854
-1
855
855
855
-1
856
856
856
-1
857
857
857
-1
858
858
858
-1
859
859
859
-1
860
860
860
-1
861
861
861
-1
862
862
862
863
863
863
863
863
863
863
864
864
864
864
865
866
866
866
-1
867
867
867
868
868
868
868
868
868
868
869
869
869
869
869
869
869
870
870
870
870
870
870
870
871
871
871
871
872
872
872
872
872
-1
873
873
873
-1
874
874
874
875
875
875
875
875
876
876
876
876
876
876
876
877
877
877
877
877
877
877
-1
878
878
878
-1
879
879
879
880
880
880
880
881
881
881
881
882
882
882
882
882
882
882
883
883
883
883
-1
884
884
885
885
885
885
885
885
885
886
99
99
99
99
99
99
887
887
887
887
887
887
887
-1
888
888
888
889
889
889
889
890
891
891
891
892
892
892
892
892
-1
893
893
893
-1
894
894
894
895
895
895
895
895
895
896
896
896
897
897
897
897
897
897
897
898
898
898
898
898
898
898
899
899
899
899
899
899
899
900
900
900
900
900
900
900
-1
-1
901
901
901
901
-1
902
902
902
-1
903
903
903
904
904
904
905
905
905
-1
-1
-1
-1
906
906
906
-1
907
907
907
908
908
-1
909
909
909
910
910
910
910
910
910
910
911
911
911
911
911
911
-1
-1
912
912
913
913
913
913
913
913
914
914
914
914
914
914
915
915
915
915
916
916
916
916
917
917
917
917
918
918
918
918
919
919
919
919
919
919
919
919
920
920
920
920
920
920
920
-1
921
921
921
922
922
922
922
923
923
923
923
923
923
923
924
924
924
924
924
924
925
925
925
925
925
925
-1
926
926
926
-1
927
927
927
928
928
928
928
-1
929
929
929
930
930
930
930
930
930
930
-1
931
931
931
932
932
932
932
933
933
934
934
934
934
-1
935
935
935
936
936
936
936
936
936
936
937
937
937
937
938
938
938
938
-1
939
939
939
940
940
940
940
940
940
940
941
941
942
942
942
942
943
943
944
944
944
944
944
944
944
945
946
946
946
947
947
947
947
948
948
948
948
949
949
949
949
-1
950
950
950
950
950
950
951
951
951
951
952
952
952
952
953
953
953
953
953
953
953
954
954
954
954
954
954
954
955
955
955
955
956
956
956
956
957
957
957
957
-1
958
958
958
959
241
960
960
960
961
961
961
961
961
961
961
962
962
962
962
963
963
963
963
964
964
964
964
964
965
965
965
965
966
966
966
966
967
967
967
968
968
968
969
969
969
970
970
970
970
971
971
971
971
-1
-1
-1
-1
-1
-1
972
972
972
972
973
973
973
973
974
974
974
974
975
975
975
975
975
976
976
976
976
977
977
977
977
978
978
978
978
979
979
979
979
980
980
980
980
981
981
981
981
982
982
982
982
983
983
983
983
984
984
984
984
985
985
985
985
985
986
986
986
987
987
987
987
988
988
988
988
988
988
988
989
989
989
989
990
990
990
990
991
991
991
991
992
992
992
992
993
993
993
993
994
994
994
994
994
994
994
995
995
995
995
995
996
996
996
996
-1
997
997
997
998
998
998
998
999
999
999
999
1000
1000
1000
1000
1000
1000
1000
-1
1001
1001
1001
1002
1002
1002
1002
1002
1002
1002
1003
1003
1003
1003
1004
1004
1004
1004
-1
1005
1005
1005
1006
1006
1006
1006
1007
1007
1007
1007
1008
1008
1008
1008
1008
1008
1008
1009
1009
1009
1009
-1
1010
1010
1010
1011
1011
1011
1011
1011
1011
1011
1012
1012
1012
1013
1013
1013
1013
1014
1014
1014
1014
1015
1015
1015
1015
1016
656
656
656
656
1017
1017
1017
1017
1018
1018
1019
1019
1019
1019
1019
1020
1020
1020
1020
1020
1021
1021
1022
1022
1022
1023
1023
1023
1023
1023
1024
1024
1024
1024
1024
1025
1025
1025
1025
1025
1026
1026
1026
1026
-1
1027
1027
1027
-1
1028
1028
423
-1
1029
1029
1029
1030
1030
1030
1030
1030
1030
1031
1031
1031
1031
1031
1031
-1
1032
1032
1032
-1
1033
1033
-1
1034
1034
1034
-1
1035
1035
1035
-1
1036
1036
1036
-1
-1
1037
1037
-1
1038
1038
1038
-1
-1
1039
1039
-1
1040
1040
1040
1041
1041
1041
1041
1041
1041
1041
1042
1042
1042
1042
1042
1042
1042
1043
1043
1043
1043
1043
-1
1044
1044
1044
-1
1045
1045
1045
-1
1046
1046
1046
-1
1047
1047
1047
-1
-1
1048
1048
-1
1049
1049
1049
-1
1050
1050
1050
1051
1051
1051
1051
1052
1052
1052
1053
1053
559
559
-1
1054
1054
1054
-1
1055
1055
1055
-1
1056
1056
1056
1057
1057
1057
1057
1057
1057
1057
1058
1058
1058
1058
1058
-1
1059
1059
1059
-1
1060
1060
1060
-1
1061
1061
1061
-1
1062
1062
1062
-1
1063
1063
1063
-1
1064
1064
1064
-1
1065
1065
1065
1066
1066
1066
1066
1066
-1
1067
1067
1067
1067
1067
1067
1067
1067
-1
1068
1069
1069
1070
1070
1070
1070
1070
1070
1070
1071
1071
1071
1072
1072
1072
1072
1072
1072
1072
1073
1073
1073
1073
1073
1074
1074
1074
1075
1075
1075
1075
1076
1076
1076
1077
1078
1078
1078
1079
1079
1079
1079
1079
1079
1080
1080
1080
1080
1081
1081
1081
1081
1081
1082
1082
1082
1082
1082
1082
1082
1083
1083
1083
1083
1083
1083
1083
1084
1084
1084
1084
975
-1
1085
1085
1085
-1
1086
1086
1086
1087
1087
1087
1087
1087
-1
1088
1088
1088
-1
1089
1089
1089
1090
1090
1090
1090
1091
1091
1091
1091
1092
1092
1092
1092
1092
1092
1092
-1
1093
1093
1093
-1
1094
1094
1094
1095
1095
1095
1095
1095
1096
1096
1096
1096
-1
1097
1097
1097
1097
1097
1098
1098
1098
1098
1098
1098
1099
1099
1099
1099
1099
-1
1100
1100
1100
1100
1100
1100
1100
1101
1101
1101
1101
1101
1101
1101
1102
1102
1102
1102
1102
-1
1103
1103
1103
1104
1104
1104
1104
1104
1104
1105
1105
1105
1105
1106
1106
1106
1106
1107
1107
1107
1107
1108
1108
1108
1108
1108
1108
1109
1109
1109
1109
1109
-1
1110
1110
1110
-1
1111
1111
1111
-1
1112
1112
1112
-1
1113
1113
1113
-1
1114
1114
1114
1115
1115
1115
1115
1115
1115
1115
1115
1116
1116
1116
1116
1116
1116
-1
1117
1117
1117
-1
1118
1118
1118
-1
1119
1119
1119
-1
1120
1120
1120
-1
1121
1121
1121
1122
1123
1068
302
-1
1124
1124
1124
1125
1125
1125
1125
1126
762
762
762
1127
1127
1128
1128
1128
1128
1128
1129
1129
1033
1130
1130
1130
1130
1130
1131
1131
1131
1131
1131
1131
-1
1132
1132
1132
-1
1133
1133
1133
1134
1134
1134
1134
1134
1134
-1
1135
1135
1135
1136
1136
1136
1136
1137
636
636
636
1138
1138
1138
1138
1138
-1
-1
1139
1139
1140
1140
-1
-1
1141
1141
-1
1142
1142
1142
-1
1143
1143
1143
1144
1144
1144
1145
1145
1145
-1
1146
1146
1146
1147
1147
1147
1147
1147
1147
1147
1148
1148
1148
1149
1149
1149
1149
1149
1149
1149
-1
1150
1150
1150
-1
-1
1151
1151
1152
1152
1152
1152
1152
-1
1153
1153
1153
-1
1154
1154
1154
-1
1155
1155
1155
-1
1156
1156
1156
1157
1157
1157
1157
-1
-1
1158
1158
-1
1159
1159
1159
-1
1160
1160
1160
-1
1161
1161
1161
-1
-1
1162
1162
1163
1163
1163
1163
1164
1164
1164
1164
1164
1164
1164
1165
1165
1165
1165
-1
1166
1166
1166
1167
1167
1167
1167
1167
1167
1167
1168
1168
1168
1168
-1
1169
1169
1169
935
1170
1170
1170
1170
1171
1171
1171
1171
1171
1171
1171
-1
1172
1172
1172
1173
1173
1173
1173
1173
1173
1173
1174
1174
1174
1175
1175
1175
1175
1176
945
945
945
1177
936
936
1178
1178
1178
1179
1179
1179
1179
1180
1180
1180
1180
-1
1181
1181
1181
1181
1181
1181
1181
1182
1182
1182
1182
1183
1183
1183
1183
1183
1183
1183
1184
1184
1184
1184
-1
1185
905
905
905
1186
1186
1186
1186
1186
1187
1187
1187
1187
1188
1188
1188
1189
1023
1190
1190
1190
1190
1191
1191
1191
1191
1192
1192
1192
1192
1192
1192
1192
1193
1193
1193
1193
1193
1193
1193
1194
1194
1194
1194
1195
1195
1195
1195
1195
1195
1195
1195
1196
1196
1196
1196
1197
1197
1197
1197
1198
1198
1198
1198
1198
1198
1198
1199
1199
1199
1199
1200
1200
1200
1200
1201
1201
1201
1201
1201
1201
1202
1202
1202
1202
1202
1202
1202
1202
-1
-1
-1
-1
1203
1203
1203
-1
-1
-1
1204
1204
1204
1204
1205
1205
1205
1205
1206
1206
1206
1206
1206
1206
1207
1207
1207
1207
1208
1208
1208
1209
1209
1209
1209
1210
1210
1210
1210
1211
1211
1211
1211
1211
1212
1212
1212
1212
1212
1212
1213
1213
1213
1214
1214
1214
1214
1214
1214
-1
1215
1215
1216
1217
1217
1217
-1
1218
1218
1218
-1
-1
1219
1219
-1
-1
1220
1220
-1
1221
1221
1221
1222
1222
1222
1222
1222
1222
1222
-1
1223
1223
1223
1224
1224
1224
1224
-1
1225
1225
1225
1226
1226
1226
1226
1226
1226
-1
1227
1227
1227
-1
1228
1228
1228
1229
1229
1229
1229
1230
1230
1230
1230
1230
1230
1230
-1
-1
-1
1231
1231
-1
1232
1232
1232
1233
1233
1233
1233
1233
1233
1234
1234
1234
1234
1234
1234
1234
-1
378
-1
-1
-1
-1
-1
2
-1
1235
1235
1235
1235
-1
1122
-1
1236
1236
1236
1236
1236
1237
936
936
936
936
936
936
-1
1238
1238
1238
-1
1239
1239
1239
-1
1240
1240
1240
-1
1241
1241
1241
1242
1242
1242
1242
1242
1242
1242
1243
1243
1243
1243
1243
1244
1244
1244
1244
1244
1245
1245
1245
1245
1245
1246
1246
1246
1246
1246
1246
1247
1247
1247
1247
-1
1248
1248
1063
-1
1249
1249
1249
1250
1250
1250
1250
1250
1251
1251
1251
1251
1251
1251
1251
1252
1252
1252
1252
-1
-1
1253
1253
1253
1254
1254
1254
1255
1255
1255
1256
1256
1256
1256
1256
1256
1256
-1
1257
1257
1257
1257
1257
1257
1257
-1
-1
-1
1258
1258
1258
1258
1259
1259
1259
302
1260
1260
1260
1260
1261
1261
1261
1261
1262
1262
1262
1262
1262
1263
1263
1263
1263
1264
1264
1264
1264
1265
1265
1265
1265
1266
1266
1266
1266
1267
1267
1267
1267
1267
1268
1268
1268
1269
1269
1269
1269
1270
1270
1270
1270
1271
1271
1271
1271
644
644
644
1272
755
755
755
1273
1273
1273
1273
1273
1273
1274
1274
1274
1274
-1
1275
1275
1275
1275
1275
1275
1275
1276
1276
1276
1277
1277
1277
-1
1278
1278
1278
1278
1278
1278
1278
1279
1279
1279
1279
1280
1280
1280
1280
1280
1280
1280
1280
1281
1281
1281
1281
1281
1281
1281
1282
1282
1282
1282
1282
1282
1282
1283
1283
1283
1283
1283
1283
1283
1284
1284
1284
1284
1285
1285
1285
1285
1285
1286
1286
1286
1286
1286
1286
1286
1287
1287
1287
1287
1287
1287
1287
1288
1289
1289
1289
-1
1290
1290
1290
1291
1291
-1
1292
1292
-1
1293
1293
1294
1294
1294
1294
1295
1295
1295
1295
1295
1295
1295
1296
1296
1296
1296
1296
1296
1296
1296
1297
1297
1297
1297
1297
1298
1298
1298
1298
1298
1299
1299
1299
1299
1299
1300
1300
1300
1300
1300
1300
1300
1301
1301
1301
211
1302
1302
1302
1302
1302
-1
1303
1303
1303
1303
1303
1304
-1
1305
1305
1305
1305
1306
1306
1306
1306
1307
1307
1307
1307
1308
1308
1308
1308
1308
1309
1309
1309
1309
1310
1310
1311
1311
1311
1311
1311
1312
1312
1312
1312
1313
1313
1313
1313
1314
1314
1314
1314
1315
1315
1315
1316
1316
1316
1316
1316
1316
1317
-1
1318
1318
1318
1318
1319
1319
1319
1319
1319
1319
1319
1320
1320
1320
1320
1320
1320
1321
1321
1321
1321
1322
1322
1322
1322
1323
1323
1323
1323
1324
1324
1324
1324
1325
1325
1325
1325
1326
1326
1326
1326
1327
1327
1327
1327
1328
1328
1328
1328
1329
1329
1329
1329
1329
1329
1329
1330
1330
1330
1330
1330
1330
1330
1331
1331
1331
1331
1331
1331
1332
1332
1332
1332
1333
472
472
472
1334
1334
1334
1334
1335
1335
1335
1335
1336
1336
1336
1336
1337
529
529
529
1338
1338
1338
1338
1339
1339
1339
1339
1340
1340
1340
1340
1340
1341
1341
1341
1341
1341
1341
1341
1342
1342
1342
1343
1343
1343
1343
1344
1344
1344
1344
1345
1345
1345
520
1346
1346
1346
1346
1346
1346
1347
1347
1347
1347
1347
1347
1348
1348
1348
1348
1349
1349
1350
1350
1350
1350
1350
1350
1351
1351
1351
1351
1352
1352
1352
1352
1353
1353
1353
1353
1354
1354
1354
1354
1354
1354
1355
1355
1355
1355
1356
1356
1356
1356
1357
1357
1357
1357
1358
1358
1358
1358
1358
1359
1359
1359
1359
1359
1359
1359
1360
1360
1360
1360
1360
1361
1361
1361
1361
1361
1361
1361
1362
1362
1362
1362
1363
1363
1363
1363
1363
1363
1363
1364
1364
1364
1364
1364
1365
1365
1365
1365
1365
1365
1365
1366
1366
1366
1366
1366
1366
1366
1367
1367
1367
1367
1367
1367
1367
-1
1368
1368
1368
1369
1369
1369
-1
1370
1370
1370
-1
1371
1371
1371
1371
1372
1372
1372
1373
1373
1373
1374
1374
1374
1374
1374
1374
1374
1375
1375
1376
1376
1376
1376
1376
1376
1376
1376
-1
1377
1377
1377
1378
1378
1378
1378
1378
1378
1379
1379
1380
1380
1380
-1
1381
1381
1381
-1
1382
1382
1382
-1
1383
1383
1383
-1
1384
1384
1384
-1
-1
-1
1385
1385
1385
-1
1386
1386
1386
1387
1387
1387
1387
1387
1388
1388
1388
1388
-1
-1
-1
1389
1389
1389
-1
1390
1390
1390
1391
1391
1391
1391
1391
1391
1391
1391
1392
1392
1392
1392
1393
1393
1393
1393
1393
1393
1394
1394
1394
1394
1394
1395
1395
1395
1396
1396
1396
1396
1396
1396
1397
1397
1397
1397
1398
1398
1398
1398
1399
1400
1400
1400
1401
1401
1401
1401
1401
1401
1401
1402
1402
1402
1402
1402
1402
1402
1403
1403
1403
1403
1403
1403
1403
-1
-1
1404
1404
-1
-1
1405
1405
1406
1406
1406
1406
1407
1407
1407
1407
1407
-1
1408
1408
1408
1409
1409
1409
1409
1409
1409
1409
-1
1410
1410
1410
-1
1411
1411
1411
1412
1412
1412
1412
-1
1413
1413
1413
-1
1414
1414
1414
-1
1415
1415
1415
1416
1416
1416
1416
1417
1417
1417
1417
1418
1418
1418
1418
1418
1418
1418
1419
1419
1419
1419
1419
1419
1419
1420
1420
1420
1420
1420
1420
1421
1421
1421
1421
1421
1421
1421
-1
1422
1422
1422
1422
1422
1423
429
429
429
429
429
429
429
1424
1424
1424
1424
1424
1424
1424
1425
1426
1426
1426
1427
1427
1427
1427
1428
1428
1428
1429
1429
1429
1429
1429
1430
1430
810
810
1431
1431
1431
1432
1432
1432
1432
1433
1433
1433
1433
1433
1433
1433
1434
1434
1434
1435
1435
1435
1435
1435
1435
1435
1436
1436
1436
1436
1436
1436
1436
1436
1437
1437
1437
1437
1438
1438
1438
1438
-1
1439
1439
1439
1440
1440
1440
1440
1440
1441
1441
1441
1441
1441
1441
1441
1442
1442
1442
1442
-1
1443
1443
1443
-1
1444
1444
1444
1445
1445
1445
1445
1445
1445
1445
-1
1446
1446
1446
-1
1447
1447
1447
-1
1448
1448
1448
-1
1449
1449
1449
1450
1450
1450
1450
1451
1451
1451
1451
1452
78
78
78
78
78
-1
1453
1453
1453
1454
1454
1454
1454
1455
1455
1455
1455
1455
1455
-1
1456
1456
1456
-1
1457
1457
1457
-1
1458
1458
1458
1459
1459
1459
-1
1460
1460
1460
1461
1461
1461
1461
1462
1462
1462
-1
1463
-1
-1
-1
-1
-1
-1
1464
1464
1464
1464
1464
1464
1464
1465
1465
1465
-1
1466
1466
1466
1467
1467
1467
1468
1468
1468
1468
1468
-1
1469
1469
1469
1470
1470
1470
1470
1470
1470
1471
1471
1471
1471
638
1472
1472
1472
1472
-1
-1
1473
1473
1473
1473
1473
1474
1474
1474
1475
1475
1475
1475
1476
1476
1476
1476
1477
1477
1477
1477
1478
1478
1478
1478
1478
1478
1479
1479
1479
1479
1480
1480
1480
1480
1481
1481
1481
861
1482
1482
1482
1482
1483
1483
1483
1483
1484
1484
1484
1484
1485
1485
1485
1485
1485
1485
1486
1486
1486
1486
1486
1486
1486
1487
1487
1487
1487
1487
1487
1488
1488
1488
1488
1489
1489
1489
1489
1489
1489
1489
1490
1490
1490
1490
1490
1490
1490
1491
1491
1491
1491
1492
1492
1492
1492
-1
-1
1493
865
865
865
1494
1494
1494
1494
1494
1494
1494
1495
1495
1495
1495
1495
1495
1495
1495
1496
1496
1496
1496
1497
1497
1497
1497
1497
1497
1498
1498
1498
1498
1498
1498
1498
1499
1499
1499
1499
1500
1500
1500
1500
1500
1500
1500
1500
1501
1501
1501
1501
1502
1502
1502
1502
1503
1503
1503
1503
1504
1504
1504
1504
1504
1504
1505
1505
1505
1506
1506
1506
1506
1506
1506
1506
1506
1507
1507
1507
1507
1507
1508
1508
1508
1508
1509
1509
1509
1509
-1
1510
1510
1511
1511
1511
1512
1512
1512
1512
1513
1513
1513
1513
1514
1514
1514
1514
1514
1514
1514
1515
1515
1515
1515
1515
1515
1515
1515
1516
1516
1516
1516
1517
1517
1517
1517
1518
1518
1518
1518
1518
1518
1519
1519
1519
1519
1520
1520
1520
1520
1520
1520
1521
1521
1521
-1
1522
1522
1523
1523
1523
1523
1523
1524
1524
1524
1524
1525
1525
-1
1526
1526
1526
-1
1527
1527
1527
1528
1528
1528
1528
1529
1529
1529
1529
1530
1530
1530
1530
1530
1531
1531
1531
-1
1532
1532
1532
1533
1533
1533
1533
1533
1533
1533
1534
1534
1534
1534
1534
1534
1534
-1
-1
1535
1535
-1
-1
1536
1536
-1
1537
1537
-1
1538
1538
1538
1539
1540
1540
1540
1541
1541
1541
1541
1541
-1
1542
1542
1542
-1
1543
1543
1544
1544
1544
1544
1544
1544
1544
1545
1545
1545
1546
1546
1546
-1
-1
-1
-1
1547
1547
-1
-1
815
815
-1
1548
1548
1548
-1
1549
1549
1549
-1
1550
1550
1550
-1
-1
1551
1551
-1
-1
1552
1552
-1
1553
540
1554
1554
1554
1554
1554
1555
1555
1555
1556
1556
1556
-1
1557
1557
1557
1557
1557
1557
1557
-1
1558
1558
1559
1560
1560
1560
-1
1561
1561
-1
1562
-1
1563
1563
-1
1564
1564
1564
-1
1565
1565
1565
1566
1566
1566
1566
1566
-1
1567
1567
-1
1568
1568
1568
1569
1569
1569
1569
-1
1570
1570
1570
-1
1571
1571
1571
-1
1572
1572
1572
-1
1573
1573
1573
1574
1574
1574
1574
1574
1574
1574
1574
1575
1575
1575
1575
1575
1575
1575
1576
1576
1576
1576
1577
1577
1577
1577
-1
1578
1578
1579
1579
1579
1579
1579
1580
1580
1580
1580
-1
1581
935
935
-1
1582
1582
1582
-1
1583
1583
1583
-1
1584
1584
1584
-1
1585
1585
1586
1586
1586
1586
1586
1586
1587
1587
1587
1587
1587
1587
1587
1588
1588
1588
1588
1588
1588
1589
1589
1589
1589
1589
1589
1589
-1
-1
1590
1590
1590
-1
1591
1591
1591
1592
1592
1592
1592
1593
1593
1593
1594
1594
1594
1594
1594
1594
1594
1595
1595
1595
1595
1595
1596
1596
1596
1596
1596
1596
1596
1596
-1
1597
1597
1597
-1
1598
1598
1598
1203
1203
1203
1599
1599
1599
1599
1599
1599
1599
1600
1600
1600
1600
1600
1600
1600
1601
1601
1601
1601
1602
1602
1602
1603
1603
1603
1603
1603
-1
1604
1604
1604
1605
1605
1605
1605
1605
1605
1605
-1
1606
1606
1606
-1
1607
1607
1607
1608
1608
1608
1608
1609
1609
1609
1609
1609
1609
1609
1610
1610
1610
1610
1610
1611
1611
1611
-1
1612
1612
1612
1613
1613
1613
1613
1613
1613
1613
1614
1614
1614
1614
1614
1614
1615
1615
1615
1615
1615
1615
1615
1615
1616
1616
1616
1616
1616
1616
1616
-1
1617
1617
1617
-1
1618
1618
1618
-1
1619
1619
1619
-1
1620
1620
1620
-1
1621
1621
1621
-1
1622
435
435
-1
1623
1623
-1
1624
1624
1625
1625
1625
1626
1626
1626
1626
1626
1626
1626
1627
1627
1627
1628
1628
1628
1629
1629
1629
1629
1629
1630
1630
1630
1630
1630
1630
-1
1631
1631
-1
1632
1632
-1
1633
1633
-1
1634
1634
1634
1635
1636
1636
1636
1637
1637
1637
1637
1637
1637
1637
1638
1638
1638
1638
1638
-1
1639
1639
1639
-1
-1
1640
1640
-1
1641
1641
1641
-1
-1
1642
1642
-1
1643
1643
1643
-1
1644
1644
1644
-1
1645
1645
1645
-1
1646
1646
1646
1647
1647
1647
1647
1647
1647
1647
-1
-1
1648
1648
1648
-1
1649
1649
1649
-1
1650
1650
1650
-1
1651
1651
1651
-1
1652
1652
1652
-1
1653
1653
1653
-1
1654
1654
1654
-1
1655
1655
1655
1656
1656
1656
1656
1656
1656
-1
1657
1657
1657
1657
1657
1657
1658
1658
1658
1658
1658
1658
1658
1659
1659
1659
1659
1659
-1
1660
1660
1660
-1
-1
1661
1661
-1
-1
1662
1662
1663
1663
1663
1663
1663
1664
1664
1664
1664
1664
1664
1664
1665
1665
1665
1665
1665
1665
1666
1666
1666
1666
-1
1667
1667
1667
-1
1668
1668
1668
-1
-1
1669
1669
-1
-1
1670
1670
1671
1671
1671
-1
-1
1672
1672
1673
1673
1673
1673
1673
1673
1674
1674
1674
1674
1674
1674
1674
-1
1675
1675
1675
-1
1676
1676
1676
-1
1677
1677
1677
1677
1677
1677
-1
-1
1678
1678
1679
1679
1679
1679
1679
1679
1679
1680
1680
1680
1680
1680
1680
1681
1681
1681
1681
1681
1681
1681
1682
1682
1682
1682
1682
1682
1682
1683
1683
1683
1683
-1
1684
1684
1684
-1
810
810
810
-1
1685
1685
1685
-1
1686
1686
1686
-1
1687
1687
1687
-1
1688
1688
1688
-1
1689
1689
1689
1690
1690
1690
1690
1690
1690
1691
1691
1691
1691
1691
1691
1692
1692
1692
1692
1692
1692
1693
1693
1693
1693
1693
1693
1693
1693
1694
1694
1694
1694
1694
1695
1695
1695
1695
-1
1696
1696
1696
-1
-1
1697
1697
-1
-1
1698
1698
-1
-1
1699
1699
-1
-1
1700
1700
-1
1701
1701
1701
1701
1701
1701
1701
-1
1702
1702
1702
-1
-1
1703
1703
-1
-1
1704
1704
1705
1705
1705
1705
1705
1705
163
-1
-1
-1
1706
1706
-1
1707
1707
1707
-1
1708
1708
1708
-1
-1
1709
1709
1709
-1
1710
1710
1710
1711
1711
1711
1711
1711
1711
1711
-1
-1
-1
-1
-1
-1
-1
-1
-1
-1
1712
-1
-1
-1
1713
-1
-1
1714
1714
1714
1714
1714
1714
-1
1715
1715
1715
-1
-1
-1
-1
-1
-1
-1
1716
1716
1717
1717
1717
1717
1717
1717
1717
1717
1718
1718
1718
1718
1719
1719
1719
-1
1720
1721
-1
-1
-1
1720
-1
-1
-1
-1
-1
-1
-1
-1
1722
1722
1722
1722
1723
1723
1724
1724
1724
1724
1724
-1
-1
691
691
691
691
1725
792
1726
-1
-1
1890
1727
1727
1727
1727
-1
1728
1728
-1
-1
-1
-1
-1
1729
1729
1729
-1
1730
1730
1730
1731
1731
1731
1731
1731
1731
1732
826
1733
1733
1733
1733
1733
1733
1734
1734
1734
1734
1734
1735
1735
1735
1735
1736
1736
1736
1736
1737
1737
1737
1737
1738
1738
1738
1738
1738
1738
1738
1738
1739
1739
1739
1739
1739
1739
1739
1740
1740
1741
1741
1741
-1
1742
1742
1742
1743
1743
1744
1744
1744
1744
1745
1744
1744
1744
1746
1746
1746
1746
1747
905
905
905
1748
1748
1748
1748
1749
1749
1749
1749
1750
1750
1750
1750
1751
1751
1751
1751
1751
1751
1751
1752
1752
1752
1752
1752
1752
-1
1753
1753
1753
1754
1754
1755
1756
1756
-1
-1
-1
-1
-1
1757
1757
-1
-1
704
704
-1
1758
1758
1758
-1
1759
1759
1759
-1
1760
1760
1760
-1
1761
1761
1761
-1
1762
1762
-1
1763
1763
1763
1763
1764
1764
1764
1764
1764
1765
1765
1765
1765
1766
1766
1766
1766
1766
1767
1767
1767
1767
1767
1767
1768
1768
1769
1769
1769
1770
1770
1770
1661
1771
1771
1771
1771
1772
1772
1772
1773
1773
1773
1773
1774
1774
1774
1774
1774
1774
1774
1775
1775
1775
860
1776
1776
1776
1776
1777
1777
1777
1777
1778
1778
1778
-1
1779
1779
1779
1779
1780
1780
1780
1780
1781
1781
1781
1782
1782
1782
1782
1783
1783
1783
1783
1784
1784
1784
1785
1785
1785
1785
1786
1786
1786
1786
1787
1787
1787
1787
-1
1788
1788
1788
1789
1789
1789
1790
1790
1791
-1
1792
1792
1792
1792
1792
1792
1792
1793
1793
1793
1793
1793
1793
1793
-1
-1
1794
1794
1795
1795
1795
1795
1795
1795
1796
1796
1796
1796
1796
1796
1796
1797
1798
1798
1798
1799
1799
1799
1799
1799
1799
1799
-1
-1
1800
1800
1800
1801
1801
1801
1801
1801
1801
1802
1802
1802
1802
1802
1802
1802
1803
334
334
334
1804
1804
1804
1804
1805
1805
1805
1805
1806
1806
1806
1806
1806
1806
1806
1807
1807
1807
1808
1808
1808
1808
-1
1809
1809
1809
1810
1810
1810
1810
1811
1811
1811
1811
1811
1812
1812
1812
1812
1813
1813
1813
1813
1813
1814
1814
1814
1814
1815
391
391
391
1816
1816
1816
1816
1817
1817
1817
1817
-1
1818
1818
1819
1819
1819
1819
-1
1820
1820
1820
1821
1821
1821
1821
1821
1821
1821
1822
1822
1822
1822
1822
1822
1822
1823
1823
1823
1823
1823
1823
1823
1823
1824
1824
1824
1824
1825
1825
1825
1825
1825
1825
1825
1825
1826
1826
1826
-1
1827
1827
1827
-1
-1
1828
1828
-1
1829
1829
1829
-1
1830
1830
1830
-1
1831
1831
-1
1832
1832
1832
1833
1833
1833
1833
1833
1833
1833
-1
1834
1834
1834
-1
1835
1836
1835
-1
-1
1835
1835
1837
1837
1837
1837
1837
1837
1837
1838
1838
1838
1838
1838
1838
1838
1839
1839
1839
1839
1839
1839
1839
1840
1840
1840
1840
1840
1840
1840
1841
1841
1841
1841
1842
1842
1842
1842
1842
1842
1842
1843
1843
1843
1843
1843
1843
1843
1844
1844
1844
1844
1845
1845
1845
1845
1846
1846
1846
1846
-1
1847
1847
1847
1847
1848
1848
1848
1848
1849
1849
1849
1849
1849
1849
1849
1850
1850
1850
1850
1850
1850
1850
1850
1851
1851
1851
1852
1852
1852
1853
1853
1853
1853
1854
1854
1854
1854
1855
1855
1855
1855
1856
1856
1856
1856
1857
1857
1857
1857
1858
1858
1858
1858
1859
1859
1859
1859
1860
1860
1860
1861
1861
1861
1861
1861
1861
1861
1862
1862
1862
1862
1863
1863
1864
1864
1864
1864
1865
1865
1865
1865
1865
1865
1866
1866
1866
1866
-1
1867
1867
1867
-1
1868
1868
1868
1868
1869
1869
1869
1869
1869
1870
1870
1870
1871
1871
1871
1872
1872
1872
1872
-1
1873
1873
1873
1874
1874
1874
1874
1874
1874
1874
1875
1875
1875
1875
1875
1875
1876
1876
1876
1876
1876
1876
1876
1877
1877
-1
1878
1878
1878
-1
1879
1879
1879
-1
1880
1880
1880
-1
1881
1881
1881
-1
1882
516
516
1883
1883
1883
1883
1883
1883
1883
-1
1884
1884
1884
1885
1885
1885
1885
1885
1885
1886
1886
1886
1886
1886
1886
1886
-1
-1
-1
1887
1887
1887
-1
1888
1888
1888
1889
1889
1889
-1
-1
1890
1890
1890
1890
1890
1890
-1
1891
1891
1891
-1
1892
1892
1892
-1
1893
1893
1893
-1
1894
1894
1894
1895
1895
1895
1896
1896
1896
1896
1897
209
209
209
209
1898
1898
1898
1898
-1
1899
1899
1899
-1
-1
1900
1900
-1
1304
1901
1901
1902
1902
1902
1902
1902
1903
1903
1903
1903
1903
1903
1903
1904
1904
1904
1904
1904
1904
-1
1905
1905
1905
-1
852
1906
1906
-1
-1
1907
1907
1908
1908
1908
1908
1908
1909
1909
1909
1909
1909
1909
1909
1910
1910
1910
1910
1911
1911
1911
1911
1911
1912
1912
1912
1912
1913
1913
1913
1913
1913
1913
1913
1914
1914
1914
1914
1914
1914
1914
1915
1915
1915
1916
1916
1916
1916
1917
1917
1917
1917
1917
1917
1918
1918
1918
1918
1919
1919
1919
1919
1920
1012
1012
1012
1921
1921
1921
1921
1922
1922
1922
1922
1923
1923
1923
1923
1924
1924
1924
1924
1924
-1
-1
-1
1925
1925
1925
1926
1926
1926
1926
1927
1927
1927
1927
1928
1928
1928
1928
1929
1929
1929
1929
1930
1930
1930
1930
1931
1931
1931
1931
1931
1931
1931
1932
1932
1932
1932
1933
1288
1288
1288
1934
1934
1934
1934
1934
1934
1934
1935
1935
1935
1935
1936
1936
1936
1936
1936
1936
1936
1937
1937
1937
1937
1937
1937
1937
1938
1938
1938
1938
1939
1939
1939
1940
1940
1940
1940
1940
1940
1941
1941
1941
1941
1941
1942
1942
1942
1942
1942
1942
1942
1943
1943
1943
1943
1943
1943
1943
1944
1944
1944
1944
1945
1945
1945
1945
1945
1945
1945
1946
1946
1946
1946
1947
1947
1947
1947
1948
1948
1948
1948
1949
1949
1949
1949
1950
1950
1950
507
1951
1951
1951
1951
1952
1952
1953
1953
1953
1953
1954
1954
1954
1954
1955
1955
1955
1955
1956
1956
1956
1956
1957
1957
1957
1957
1958
1958
1078
1078
1959
1959
1959
1959
1960
1960
1960
1960
1960
1961
1961
1961
1961
1962
1962
296
296
1963
1963
1963
1963
1963
1964
1964
1965
1965
1965
1965
1966
1966
1966
1966
1967
1967
1967
1967
-1
-1
-1
1968
1668
-1
-1
-1
1969
980
980
980
1970
1970
1970
1970
1970
1970
1970
1971
1971
1971
1971
1971
1971
1971
1971
-1
1972
1972
1972
1973
1973
1973
1973
1974
1974
1974
1974
1974
1974
1974
1975
1975
1975
1975
1976
1976
1976
1976
1977
1977
1977
1977
1978
1978
1978
1978
1979
1979
1979
1979
1979
