0
0
0
0
-1
1
1
1
-1
2
2
2
-1
3
3
3
-1
4
4
4
-1
5
5
-1
6
6
6
7
7
7
7
8
8
9
9
10
10
10
10
11
11
11
11
12
12
12
12
13
13
13
13
14
14
14
14
14
-1
15
15
15
16
16
16
16
17
17
17
17
18
18
18
18
19
19
19
19
20
20
20
20
20
20
20
21
21
21
21
21
21
-1
22
22
22
-1
23
23
23
-1
24
24
24
-1
25
25
25
-1
1611
-1
-1
26
26
26
-1
27
27
27
-1
28
28
28
-1
29
29
29
-1
30
30
30
31
31
31
31
32
32
32
32
33
33
33
33
-1
34
34
34
-1
35
35
35
-1
36
36
36
37
37
37
37
-1
38
38
38
-1
39
39
-1
-1
40
40
40
-1
41
41
41
-1
42
42
42
43
43
43
-1
44
44
39
-1
45
45
1379
-1
-1
46
46
46
-1
47
47
46
-1
48
48
48
-1
49
49
49
-1
50
44
44
-1
51
51
51
52
52
52
52
53
53
53
53
54
54
54
54
54
55
55
55
55
56
56
57
57
57
57
57
57
57
58
58
58
58
-1
59
59
59
-1
60
60
60
-1
61
61
61
62
62
62
62
-1
63
63
63
-1
64
64
64
65
65
65
65
65
65
65
66
66
66
66
66
66
67
67
67
67
67
67
68
68
68
68
68
68
68
69
69
69
70
70
71
71
71
71
72
72
72
72
73
73
73
73
74
74
74
74
74
74
75
75
76
76
76
76
76
-1
77
77
77
78
78
78
78
78
78
78
78
79
79
79
79
79
79
79
-1
80
80
80
81
81
81
81
81
81
81
82
82
82
82
83
83
83
84
84
84
84
84
85
85
85
85
85
85
85
86
86
86
86
86
-1
87
87
87
87
88
88
88
88
89
89
89
89
90
90
90
90
90
91
91
91
91
91
91
91
92
92
92
92
92
92
92
92
93
93
93
93
93
93
-1
94
94
94
-1
95
95
96
96
96
96
97
97
97
97
97
98
98
98
98
98
98
98
99
99
99
99
99
99
99
100
100
101
101
102
102
102
103
103
103
103
104
104
104
104
104
104
-1
105
105
105
105
106
106
106
106
106
106
106
107
107
107
108
108
108
109
109
109
109
110
110
110
110
111
111
111
111
111
111
111
112
112
112
113
113
113
113
114
114
114
114
115
115
115
115
115
115
115
116
116
116
116
116
117
117
117
117
117
117
118
118
118
119
62
62
62
120
120
120
120
121
121
121
121
122
122
122
122
122
122
123
123
123
123
124
124
124
-1
125
125
125
126
126
126
126
127
127
127
127
128
128
128
128
129
129
129
129
130
130
130
130
131
131
131
132
132
132
132
132
132
132
132
133
133
133
133
134
134
134
134
135
135
135
135
136
136
136
136
136
136
136
137
137
137
137
138
138
138
138
138
138
138
139
139
139
139
139
139
139
140
140
140
140
-1
141
141
141
141
142
142
143
143
143
143
143
144
144
144
144
145
145
145
146
146
146
146
146
-1
-1
-1
147
147
147
-1
148
148
148
-1
149
149
149
-1
150
150
150
151
151
152
152
152
152
152
152
152
153
153
153
153
153
-1
154
154
154
-1
155
155
155
-1
156
156
156
-1
157
157
157
158
158
158
158
-1
159
159
159
-1
160
160
160
-1
161
161
161
162
162
162
163
163
-1
164
164
164
-1
165
165
165
166
166
166
166
167
167
167
167
167
167
167
168
168
168
169
169
169
169
169
169
170
170
170
170
170
-1
171
171
171
-1
172
172
172
-1
173
173
173
174
174
174
174
-1
175
175
175
-1
176
176
176
-1
177
177
177
178
178
178
178
178
178
178
179
179
179
179
179
179
179
180
180
180
180
180
180
180
181
181
181
181
181
181
181
182
182
182
182
182
182
182
183
183
183
183
183
184
184
184
184
184
184
185
185
185
185
186
186
186
187
187
187
187
188
188
188
188
188
189
189
189
189
190
190
190
190
191
191
191
192
192
192
192
193
193
193
193
193
193
193
194
194
194
194
194
194
194
195
195
195
195
195
195
195
-1
196
196
196
197
197
197
197
198
198
198
199
199
199
200
200
200
-1
201
201
201
-1
202
202
202
-1
203
203
203
-1
204
204
204
205
205
205
205
-1
206
206
206
207
207
207
207
207
207
207
208
208
208
208
209
209
209
209
210
210
210
210
210
210
210
210
-1
211
211
211
212
212
212
212
213
213
213
213
213
213
213
214
214
214
214
214
214
214
214
-1
215
215
215
216
216
216
-1
217
217
217
-1
218
218
218
218
219
219
220
220
220
220
220
220
220
220
221
221
221
221
221
221
222
-1
223
223
223
-1
224
224
224
225
225
226
226
226
227
227
228
228
228
228
228
228
228
229
229
229
229
229
230
230
230
230
230
231
231
231
231
231
231
231
232
232
232
232
232
233
233
233
233
234
234
234
234
234
-1
-1
235
235
236
236
236
236
236
237
237
237
237
237
237
237
237
238
238
238
238
239
239
239
239
240
240
240
240
240
240
241
241
241
241
241
241
241
242
242
242
242
243
243
243
243
244
244
244
244
245
245
245
245
-1
246
246
246
247
247
247
248
248
248
248
248
248
248
249
249
249
250
250
250
251
251
251
251
251
251
252
252
252
252
-1
253
253
253
-1
254
254
254
-1
255
255
255
256
256
256
256
256
256
257
257
257
257
258
258
258
258
259
259
-1
260
260
260
261
261
261
261
262
262
262
262
263
263
263
263
263
263
263
264
264
264
264
264
264
265
265
265
265
265
266
266
266
266
267
267
267
267
267
267
267
268
268
268
268
268
268
268
269
269
269
269
269
-1
270
270
270
270
270
271
271
271
272
272
272
272
272
272
273
273
273
273
273
273
273
274
274
274
274
275
275
275
275
276
276
276
276
277
277
277
277
278
278
278
279
279
279
279
279
279
280
280
280
281
281
281
-1
282
282
282
283
283
283
283
283
283
284
284
284
284
285
285
285
285
286
286
286
286
286
286
286
287
287
287
287
288
288
288
288
288
288
-1
289
289
289
290
290
290
-1
291
291
291
-1
292
292
292
293
293
293
293
-1
294
294
294
295
295
295
295
295
295
295
296
296
296
296
296
296
297
297
297
297
297
297
297
298
298
298
298
298
298
298
298
299
299
299
299
299
299
299
-1
300
300
300
-1
301
301
301
-1
302
302
302
303
304
304
304
-1
305
305
305
306
306
306
306
307
307
307
-1
308
308
308
309
309
309
310
310
310
310
310
310
310
311
311
311
311
312
312
313
313
313
313
313
313
314
314
314
314
314
315
315
316
316
316
316
316
316
316
317
317
317
317
317
317
317
318
318
318
318
318
318
318
319
319
319
319
319
319
-1
320
320
26
-1
321
321
321
-1
322
322
322
323
323
323
323
323
323
323
324
324
324
324
325
325
325
325
325
326
326
326
326
326
-1
327
327
327
327
327
327
327
328
328
328
329
329
329
329
329
329
329
330
330
330
330
330
331
331
331
331
331
331
-1
332
332
332
-1
333
333
333
334
334
334
334
334
334
334
335
335
335
335
335
335
335
336
336
336
336
337
337
337
337
338
338
338
338
-1
339
339
339
-1
340
340
-1
341
341
341
342
342
342
343
343
343
343
343
343
343
-1
344
344
344
345
345
345
345
345
345
346
346
346
346
347
347
348
348
348
348
348
348
348
349
349
349
350
350
350
350
350
350
351
351
351
351
351
-1
352
352
352
-1
353
353
353
354
354
354
354
355
355
355
355
356
356
356
357
357
357
358
358
358
358
359
359
359
360
360
360
360
361
361
361
361
362
362
362
362
-1
363
363
363
364
364
364
364
364
364
364
365
365
365
365
365
365
365
365
-1
366
366
366
-1
367
367
367
368
368
368
368
368
368
368
368
369
369
-1
370
370
371
371
371
372
372
372
373
373
373
374
375
375
375
-1
376
376
376
377
377
377
377
-1
-1
378
378
-1
-1
379
379
-1
380
380
380
-1
381
381
204
-1
382
383
383
-1
384
384
384
-1
385
385
385
386
386
386
386
386
386
386
-1
-1
387
387
-1
388
388
388
389
390
390
-1
-1
391
391
392
392
392
392
392
-1
393
393
393
394
394
394
394
394
394
-1
395
395
395
-1
-1
396
396
397
398
398
398
399
228
228
228
228
228
228
-1
400
400
400
401
402
402
402
-1
403
403
403
-1
404
404
404
405
405
405
405
405
406
406
406
406
406
406
406
406
407
407
407
407
408
408
409
409
409
410
410
410
411
411
411
411
412
412
412
412
412
413
413
413
413
413
413
413
413
414
414
414
415
415
415
7
-1
416
416
416
417
417
417
418
418
419
419
419
419
420
420
420
420
420
421
421
421
421
421
421
421
-1
422
422
422
423
424
424
424
425
425
425
425
426
426
426
426
426
-1
427
427
427
-1
428
428
428
-1
429
429
429
-1
430
430
430
430
431
431
431
431
432
432
432
433
433
433
433
-1
434
434
434
435
435
435
435
-1
436
436
436
-1
437
437
438
438
438
438
439
439
440
440
440
440
440
440
440
440
441
441
441
441
442
442
442
442
442
442
443
443
443
443
443
443
443
-1
444
444
444
444
444
445
445
446
446
446
446
446
446
446
446
447
447
447
447
-1
448
448
448
449
449
449
449
449
449
449
-1
-1
-1
450
1803
451
451
-1
-1
452
452
-1
-1
453
453
454
454
454
454
454
455
455
455
455
455
455
455
456
456
456
456
456
456
456
457
457
457
457
457
457
458
458
458
458
458
458
458
459
459
459
459
460
460
460
-1
461
461
461
-1
462
462
462
463
463
464
464
464
464
464
464
464
464
465
465
465
465
466
466
466
466
466
466
466
466
467
467
467
467
467
467
467
468
468
468
468
468
468
468
469
469
469
469
470
470
470
470
470
470
470
471
471
471
471
-1
472
472
472
473
473
474
474
474
474
475
475
475
475
475
475
475
-1
476
476
476
-1
477
477
477
478
478
478
478
478
478
479
480
480
480
-1
481
481
481
482
482
482
482
482
482
483
483
483
483
483
483
483
484
484
484
484
485
485
485
485
485
485
485
486
486
486
486
486
486
-1
487
487
487
488
488
488
488
488
-1
489
489
489
-1
490
490
490
491
491
491
491
491
-1
-1
-1
-1
-1
492
492
492
493
493
493
494
494
494
494
121
121
495
495
496
496
496
496
496
496
496
497
497
497
497
497
497
498
498
498
498
499
499
499
500
500
500
500
-1
501
501
501
-1
-1
502
502
-1
-1
503
503
-1
504
504
504
-1
505
505
505
-1
506
506
506
-1
507
507
507
508
508
508
508
508
508
508
509
509
509
509
509
510
510
510
510
510
510
-1
511
511
511
512
512
512
512
512
513
513
513
513
513
514
515
515
516
516
517
517
517
517
517
517
517
518
518
518
518
518
518
518
-1
-1
-1
-1
519
519
519
-1
520
520
520
-1
521
521
521
-1
522
522
522
-1
523
523
-1
524
524
524
-1
525
525
525
-1
-1
526
526
527
527
527
527
527
528
528
528
529
529
529
530
530
530
531
531
531
531
531
531
532
532
532
532
532
532
532
533
533
533
533
533
533
534
534
534
534
534
534
535
535
535
535
535
535
535
535
536
536
536
536
536
536
536
537
537
537
537
537
537
537
538
538
538
538
538
538
538
538
539
539
539
539
539
539
-1
540
540
540
-1
541
541
541
-1
542
542
542
-1
543
543
543
-1
544
544
544
545
545
545
545
545
545
545
-1
-1
546
546
546
-1
547
547
547
-1
548
548
548
-1
549
549
549
550
550
551
550
-1
-1
-1
1928
552
552
-1
-1
-1
553
553
553
-1
554
554
554
-1
555
62
62
556
556
556
556
556
557
557
557
557
558
558
558
558
558
558
558
559
559
559
559
559
559
559
560
560
560
560
560
560
560
561
561
561
561
561
562
562
562
562
563
563
563
563
564
564
564
564
565
565
565
565
566
566
566
566
567
567
567
567
568
568
568
568
569
569
569
569
570
570
570
570
571
571
571
572
572
572
572
573
573
573
573
574
574
574
574
575
575
575
575
575
575
575
576
576
576
576
576
576
576
577
577
577
577
577
578
578
578
578
579
579
579
580
580
580
580
580
581
581
581
581
581
582
582
582
582
582
582
582
583
583
583
583
583
583
583
584
584
584
584
584
584
584
585
585
585
585
585
585
585
585
586
586
586
586
586
586
587
587
587
587
588
588
588
588
588
588
588
589
589
589
589
589
589
589
590
590
590
590
591
591
591
592
592
592
593
593
593
593
594
594
594
594
595
595
595
595
596
596
596
596
597
597
597
597
598
598
598
598
599
599
599
599
600
600
600
600
601
601
601
601
602
602
602
602
602
602
603
603
603
603
603
603
603
604
604
604
604
604
605
605
605
605
606
606
606
606
606
606
606
606
607
607
607
607
607
607
607
608
608
608
608
608
609
609
609
609
609
609
609
610
610
610
611
611
611
611
612
612
612
612
612
612
612
613
613
613
613
614
614
614
614
614
614
615
615
615
615
615
616
616
616
616
616
616
616
617
617
617
617
617
618
618
618
618
618
618
618
619
619
619
619
620
620
621
621
621
622
623
623
623
624
624
625
625
625
625
625
626
626
626
626
627
627
627
627
628
628
628
628
628
628
628
629
629
629
629
629
629
630
529
631
631
632
632
632
632
632
632
633
633
633
633
633
634
634
634
635
635
635
636
636
636
636
636
636
636
637
637
637
637
637
637
637
638
638
638
638
638
638
638
639
639
639
639
640
640
640
640
640
640
641
641
641
641
642
-1
643
643
643
-1
644
644
644
645
645
645
645
646
646
646
646
646
-1
647
647
647
-1
648
648
648
649
649
649
650
650
651
651
651
651
652
652
652
652
652
652
652
653
653
653
653
653
653
653
654
654
654
654
654
654
-1
655
655
655
-1
656
656
656
-1
657
657
657
-1
658
658
658
-1
659
659
659
660
660
660
660
660
661
661
661
661
661
661
661
662
662
662
662
662
662
663
663
663
663
663
663
663
664
664
664
664
664
665
665
665
665
665
665
-1
666
666
666
667
213
213
213
213
213
213
668
668
668
-1
669
669
669
-1
670
670
670
671
671
671
671
672
672
673
673
673
673
674
674
674
674
674
674
674
675
675
675
675
675
675
675
676
676
676
676
676
676
677
677
677
677
677
677
677
678
678
678
678
678
679
680
680
681
681
681
681
681
681
682
682
682
682
682
682
682
-1
683
683
683
-1
684
684
684
684
685
685
685
686
686
686
686
686
686
686
-1
687
687
687
-1
688
688
688
-1
689
689
689
-1
690
690
690
-1
691
691
692
692
692
692
692
692
693
693
694
694
694
694
694
694
-1
695
695
695
-1
696
696
696
697
697
697
697
697
-1
698
698
698
699
700
700
700
-1
701
701
701
-1
702
702
702
-1
703
703
703
-1
704
704
704
-1
705
705
705
-1
706
706
706
-1
707
707
707
-1
708
708
708
709
709
709
709
710
710
710
710
711
711
711
711
711
711
711
712
54
-1
713
713
713
714
714
714
714
714
714
714
-1
715
715
715
716
716
-1
717
717
717
718
718
718
719
719
719
719
719
719
719
720
720
720
721
721
721
722
722
722
722
723
723
723
724
724
724
724
724
724
724
725
725
725
725
725
726
726
726
726
726
726
726
-1
727
727
727
728
728
728
728
728
728
728
729
729
729
729
730
730
730
730
-1
731
731
731
-1
732
732
732
733
733
733
733
733
733
733
-1
734
734
734
735
735
735
735
-1
736
736
736
737
737
737
738
738
738
739
739
739
739
739
739
740
740
740
740
741
741
741
741
-1
742
742
742
-1
743
743
743
744
744
744
744
-1
745
745
745
-1
746
746
746
747
747
-1
748
748
748
-1
749
749
749
-1
750
750
750
-1
751
751
751
-1
752
752
752
753
753
753
753
753
753
753
754
754
754
754
754
754
754
-1
755
755
755
-1
756
756
756
-1
-1
757
757
758
613
-1
-1
759
759
759
760
760
760
760
761
761
761
761
761
761
761
-1
762
762
763
763
763
763
763
763
763
764
764
764
764
765
765
765
765
766
766
766
766
767
767
767
767
767
767
767
767
768
768
768
768
768
768
768
769
769
769
769
769
769
769
770
770
770
770
771
771
771
771
772
772
772
772
773
773
773
773
774
774
774
774
774
774
774
775
775
775
775
776
776
776
776
777
777
777
777
777
777
777
778
677
677
677
677
677
677
779
779
779
779
780
780
780
780
780
780
780
781
782
782
782
783
783
783
784
784
784
784
784
784
785
785
785
785
-1
786
786
786
787
787
787
787
-1
788
788
788
-1
789
789
789
-1
790
790
790
-1
791
791
791
-1
792
792
792
-1
793
793
793
-1
794
794
794
794
794
-1
795
795
795
795
796
796
796
796
797
797
797
797
797
797
797
798
798
798
798
798
798
798
799
799
799
799
799
799
799
800
800
800
800
801
801
801
801
802
802
802
802
802
2090
803
803
803
804
804
804
804
805
805
806
806
806
807
807
807
807
807
807
807
808
808
808
808
809
809
809
809
810
810
810
810
811
811
811
811
812
812
812
812
-1
-1
813
813
813
813
813
-1
814
814
815
815
815
815
815
816
816
816
816
816
816
-1
817
817
817
818
818
818
818
819
819
819
-1
820
820
821
821
821
821
821
821
821
822
822
822
-1
823
823
823
824
824
824
824
824
824
825
825
825
825
825
826
826
826
826
826
826
826
827
827
827
827
827
827
828
828
828
828
829
829
829
829
830
830
830
830
831
831
831
831
831
831
831
832
832
832
832
832
832
832
833
222
222
222
-1
834
834
834
834
834
834
-1
-1
835
835
-1
-1
836
836
837
837
837
837
837
838
838
838
838
839
839
839
839
839
-1
840
840
840
-1
841
841
423
-1
842
842
842
-1
843
-1
844
556
556
556
556
-1
845
845
845
-1
846
846
846
847
847
847
847
847
847
847
847
848
848
848
848
848
848
848
849
849
849
849
849
849
-1
850
850
850
-1
851
851
851
852
852
852
852
852
852
852
853
853
853
853
853
853
853
854
854
854
854
854
854
854
855
855
855
855
855
855
855
856
856
856
856
856
856
856
857
857
857
857
857
-1
858
858
858
859
859
859
859
859
859
859
860
860
860
861
861
861
861
861
861
861
862
862
862
862
862
862
863
863
622
622
622
864
864
864
-1
865
865
865
866
867
867
867
868
868
868
868
868
868
868
-1
869
-1
870
870
870
870
870
870
870
871
871
871
871
871
871
-1
872
872
872
873
873
873
873
873
873
873
-1
-1
-1
874
875
875
875
-1
876
876
876
877
877
877
877
878
878
878
878
879
879
879
879
880
880
880
880
880
880
880
881
881
881
882
882
882
883
883
883
883
884
884
884
884
884
884
884
885
885
885
885
886
886
161
161
887
887
887
887
888
888
888
888
888
888
888
-1
889
889
889
889
889
889
890
890
890
890
891
891
891
891
891
892
892
892
-1
893
893
387
894
894
894
895
895
895
895
895
895
895
896
896
896
896
896
896
896
-1
897
897
897
-1
898
898
898
899
899
899
899
899
899
899
900
900
900
900
900
-1
901
901
901
902
902
902
903
903
903
903
903
904
904
904
904
904
904
904
-1
905
905
906
906
906
907
907
907
907
908
908
908
908
908
908
908
909
909
909
909
909
909
910
910
911
911
911
912
912
913
913
913
913
-1
401
914
402
-1
915
915
-1
916
916
916
917
917
917
917
917
917
917
-1
918
918
918
-1
919
919
919
920
920
920
920
920
920
920
921
921
921
921
921
921
921
922
446
446
446
446
446
446
446
-1
923
923
923
-1
924
924
924
925
925
925
925
926
926
926
926
926
926
927
927
927
927
927
927
927
928
928
928
928
928
928
928
-1
929
929
929
930
930
930
930
930
-1
931
931
931
931
931
931
931
932
932
932
932
932
932
933
933
933
933
933
933
933
934
934
934
934
935
935
935
935
-1
936
936
936
937
937
937
937
937
937
-1
-1
938
938
-1
-1
939
939
-1
940
940
940
-1
941
941
942
942
942
942
942
942
943
943
943
943
943
943
943
-1
-1
944
944
945
945
945
945
945
945
946
946
946
946
946
947
947
947
947
947
-1
948
948
948
-1
-1
949
949
-1
-1
950
950
951
951
951
951
952
952
-1
953
953
953
954
954
954
954
954
954
954
955
955
955
955
955
955
955
956
956
956
956
956
956
956
957
957
957
957
957
957
957
-1
-1
958
254
959
959
959
959
959
959
959
-1
960
960
960
-1
961
961
-1
1783
962
962
963
963
963
963
963
963
963
964
964
964
964
964
965
965
965
965
965
965
-1
966
966
966
-1
967
967
967
967
967
967
967
968
968
968
968
969
969
969
969
969
969
969
970
970
970
970
971
971
971
971
972
972
972
972
972
-1
973
973
973
974
974
974
974
974
974
974
-1
975
975
975
-1
976
976
976
977
977
977
978
978
978
979
979
979
979
979
979
979
979
980
980
980
980
980
-1
981
981
981
982
982
982
982
982
982
982
-1
983
983
983
-1
984
984
984
-1
985
985
985
986
986
986
986
987
987
987
-1
988
988
988
-1
989
989
302
990
990
990
990
991
991
991
991
992
992
992
992
993
993
993
993
993
993
993
994
994
994
994
994
994
994
995
995
995
995
995
995
-1
996
996
996
997
997
997
997
997
998
679
679
679
-1
999
999
793
1000
1000
1000
1000
1001
1001
1001
1001
1002
1002
1002
1002
1002
1002
1003
1003
1003
1003
1003
1003
1003
1004
1004
1004
1004
-1
1005
1005
1005
1006
1006
1006
1006
1006
1006
1006
1007
1007
1007
1007
-1
1008
1008
1008
1009
1009
1009
1009
-1
1010
1010
1010
-1
1011
1011
1011
1012
1012
1012
1013
1013
1013
1013
1014
1014
-1
1015
1015
1015
1016
1016
1016
1016
1016
-1
1017
1017
1017
-1
1018
1018
1018
1019
1019
1019
1019
1020
1020
1020
1020
1021
1021
1021
1021
1022
1022
1022
1022
1022
1022
1022
1023
1023
1023
1023
1023
1023
1024
1024
1024
1024
1025
1025
996
996
1026
465
465
465
1027
1027
1027
1027
1027
1027
1027
1028
1028
1028
1028
1028
1028
1028
1029
1029
1029
1029
1030
1030
1030
1030
1031
1031
1031
1031
1031
1032
1032
1032
1032
1032
1032
1033
1033
1033
1033
1033
-1
1034
1034
-1
129
129
129
1035
1035
1035
1035
1035
1035
1035
1035
1036
1036
1036
1036
1036
1036
1036
1037
1037
1037
1037
1037
1037
-1
1038
1021
1021
-1
1039
1039
1039
1040
1040
1040
1040
1041
1041
1041
1041
-1
1042
1042
1042
1042
1042
1042
1042
1043
1043
1043
1043
1044
1044
1044
1044
1044
1044
1045
1045
1045
1045
1046
1046
1046
1046
1047
1047
1047
1047
1047
1047
1047
-1
1048
1048
1048
-1
1049
1049
1049
1050
1050
1050
1050
1050
1050
1050
1051
1051
1051
1051
1051
1051
1052
1052
1052
1052
1052
1052
1053
1053
1053
1053
1054
1054
1054
1054
1054
1054
1054
1055
1055
1055
1055
-1
1056
1056
1056
1056
1057
1057
1057
-1
-1
1058
1058
-1
1059
1059
1059
1060
1060
1060
-1
1061
1061
1061
1062
1062
1062
1063
1063
1063
1063
1064
1064
1064
1064
1064
1064
1065
1065
1065
1065
1065
1065
1066
1066
402
402
1067
1067
1068
1068
1068
1068
1068
1069
1069
1069
1069
1069
1069
1069
1070
1070
1070
1070
-1
1071
1071
1071
-1
1072
1072
1072
1073
1073
1073
1073
1073
1073
1073
1074
1074
1074
639
1075
1075
1075
1075
1075
1075
1075
-1
1076
1076
1076
1077
1077
1077
1077
1077
1077
1077
1078
1078
1078
1078
1078
1078
1079
1079
1079
1079
1080
1080
1080
1080
1081
1081
1081
1081
1081
1082
1082
1082
1082
1082
1082
1082
-1
1083
1083
1083
-1
1084
1084
1084
1085
1085
1085
1086
1086
1086
-1
1087
1087
1087
-1
1088
1088
1088
1089
1089
1089
-1
1090
1090
1090
1091
1091
1091
1091
1091
1091
1091
1092
1092
1092
1092
1092
1092
1092
1093
1093
1093
1093
-1
1094
1094
1094
-1
1095
1095
1095
1096
1096
1096
1096
1096
1096
1097
1097
1097
1097
1098
1098
1098
1098
1098
1098
1098
1099
1099
1099
1099
1099
1099
1100
1100
1100
1100
1100
1100
1100
1100
1101
1101
1101
1101
-1
1102
1102
1102
-1
1103
1103
1103
1104
1104
1104
1104
1105
1105
1105
1105
1106
1106
1106
1106
1107
1107
1107
1107
1107
1108
1108
1108
1108
1108
1108
1108
-1
1109
1109
1109
-1
1110
1110
1110
1111
1111
1111
1111
1112
1112
1112
1112
1112
1112
1112
-1
1113
1113
1113
1114
1114
1114
1114
1114
1114
1114
-1
1115
1115
1115
-1
1116
1116
1116
-1
1117
1117
1117
-1
1118
1118
1118
1119
1119
1119
1119
1120
1120
1120
1120
1120
1120
1120
1121
1121
1121
1121
1121
1121
1122
1122
1122
1122
1122
1123
1123
1123
1123
1123
1123
1123
-1
1124
1124
1124
1125
1125
1125
1125
1126
1126
1126
389
389
1127
1127
1127
1127
1127
-1
887
1128
1128
-1
-1
1129
1129
1129
-1
1130
1025
996
-1
1131
1131
1131
-1
1132
1132
566
-1
1133
1133
1133
1134
1134
1134
1134
1134
1135
584
584
584
584
584
584
-1
-1
1136
1136
1136
1137
1138
1138
1138
1139
1139
1139
1139
1139
1140
1140
1140
1141
1141
1141
1142
1142
1142
1142
1142
1142
1142
1143
1143
1143
1143
1143
1143
1143
1144
354
354
354
1145
1145
1145
1145
1145
1145
1145
1146
1146
1146
1146
1146
1146
-1
1147
1147
1147
-1
1148
1148
1148
-1
1149
1149
1149
-1
1150
1150
1150
-1
1151
1151
1151
1152
1152
1152
1152
1152
1152
1152
1152
1153
1153
1153
1153
1153
1153
1153
-1
1154
1154
1154
-1
1155
1155
1155
1156
1156
1156
1156
1156
1157
1157
1158
1158
1158
1158
1158
-1
-1
-1
-1
-1
1159
1159
1159
1160
1160
1160
1160
1160
1160
1160
1160
-1
1161
1161
1161
1162
1162
1162
1162
1163
1163
1163
1163
1163
1163
1163
1164
1164
1164
1164
1164
1164
1165
1165
1165
1165
1165
-1
1166
1166
1166
1166
1167
1167
1167
1167
-1
1168
1168
1168
-1
1169
1169
1169
1170
1170
1170
1170
1170
1171
1171
1171
431
1172
1172
1172
1172
1173
1173
1173
1174
1174
1174
1175
1175
1175
1175
1176
1176
1176
1176
-1
-1
1177
1177
1177
1177
1178
1178
1178
1178
1179
1179
1179
-1
1180
1180
1180
1181
1181
-1
1182
1182
1182
1183
1183
1183
1184
1184
1184
-1
1185
1185
1185
1186
1186
1186
1186
1186
1186
1186
-1
-1
1187
1187
-1
-1
1188
1188
-1
-1
1189
1189
1190
1190
1190
1190
1190
1191
1191
1191
1191
1192
1192
1192
1192
1193
1193
1193
1193
1193
1193
1194
1194
1194
1194
1194
1195
1195
1195
1195
1195
1195
1195
1196
1196
1196
1196
1197
1197
1197
1197
1197
1197
1197
1198
1198
1198
1198
1198
1198
1198
1199
1199
1199
1199
1200
1201
1201
1201
1201
-1
1202
1202
1202
1203
1203
1203
1203
1204
1204
1204
1204
1205
1205
1205
1205
1206
1206
1206
1206
1207
1207
1207
308
1208
1166
1166
1166
1209
1209
1209
1209
1209
1210
1210
1210
1210
1211
1211
1211
1211
1212
1212
1212
1212
1213
1213
1213
1213
1214
1214
1214
1214
1214
1214
1214
1214
1215
1215
1215
1215
1215
1215
1215
-1
1216
1216
1216
1217
1217
1217
1217
1217
1217
1217
1218
1218
1218
1218
1218
1218
1218
-1
1219
1219
1219
1220
1220
1220
1220
1220
1220
-1
1221
1221
1221
1222
1222
1222
1222
1222
1222
1222
-1
1223
1223
1223
-1
1224
1224
1224
-1
1225
1225
1225
-1
1226
1226
1226
-1
1227
1227
1227
1228
1228
1228
1228
-1
1229
1229
1229
1230
1230
1230
1230
1231
1231
1231
1231
1231
1231
1231
1232
1232
1232
1232
1232
1232
1233
1233
1233
1233
1233
1233
1233
1233
-1
1234
1234
1234
1235
1235
1235
1235
1236
1236
1236
1237
1237
1237
1237
1238
1238
1238
1238
1239
1239
1239
1239
1240
1240
1240
1240
1241
1241
1241
1241
1242
1242
1242
1242
1243
1243
1243
1243
1244
1244
1244
1244
1244
1244
1244
1245
1245
1245
1245
1245
1245
1246
1246
1246
1246
1247
1247
1247
1247
1247
1247
1247
1248
1248
1248
1248
1248
1248
1248
1249
1249
1249
1249
1249
-1
1250
1250
1250
1250
1250
1250
1250
1250
1251
1251
1251
1251
1252
1252
1253
1253
1253
1253
1254
1254
1254
1254
1255
1255
1255
1255
1256
1256
1256
1256
1257
1257
1257
1257
1258
1258
1259
1259
1259
1259
-1
-1
-1
514
1260
1260
1260
1260
1261
1261
1261
1261
1262
1262
1262
1262
1263
1263
1263
1263
1263
1263
1264
1264
1264
1264
1264
1264
1264
1265
1265
1265
1265
1265
1265
1265
1265
1266
1266
1266
1266
1267
1267
1267
1267
1267
1267
1267
-1
-1
708
708
-1
1268
1268
1268
1268
1268
1269
1269
1269
1269
1269
1269
1269
-1
1270
1270
1270
1271
1271
1271
1271
1271
1271
1272
1272
1273
1273
1273
1273
1273
1273
-1
1274
1274
1274
1275
1275
1275
-1
1276
1276
1276
-1
1277
1277
1278
1278
1278
-1
-1
1279
1279
1279
-1
1280
1280
1280
-1
1281
1281
1281
1282
1282
1282
1282
1282
1282
1282
-1
1283
1283
1284
1284
1284
1284
1284
1284
-1
1285
1285
1285
1286
1286
1286
1286
1286
-1
1287
1287
1287
1288
1288
1288
1288
1288
1288
1288
-1
-1
1289
1289
-1
1290
1290
1290
-1
1291
1291
666
-1
-1
1292
1292
1292
1293
1293
1294
1294
-1
1295
1295
1295
1296
1296
1296
1296
1296
1297
1297
1297
1297
1298
1298
1298
1298
1299
1299
-1
1300
1300
1300
1301
1301
1301
1302
1302
1302
1302
1302
1303
1303
1303
1303
1303
1303
1304
1304
1304
1304
1305
1305
1305
1305
1306
1306
1306
1306
1307
1307
1307
1307
1308
1308
1308
1309
1309
1309
1309
1309
1309
1309
1309
1310
1310
1310
1310
1311
1311
1311
1311
1312
1312
1312
1312
1312
1312
1312
1313
1313
1313
1313
1313
1313
1314
1314
1315
1315
1315
1315
1316
1316
1316
1316
1317
1317
1317
1317
1318
1318
1319
1319
1319
-1
1320
1320
1320
1320
1320
1320
1320
1321
1321
1321
1322
1322
1322
1322
1322
1322
1322
1323
1323
1323
1323
-1
1324
1324
1324
1325
1325
1325
-1
1326
1326
1326
-1
1327
1327
1327
1328
1328
1328
1328
1328
1329
1329
1329
1329
1330
1330
1330
1330
1330
1331
1331
1332
1332
1332
1332
1333
1333
1333
1333
1333
1333
1333
1334
1334
1334
1334
1334
1334
1334
1335
1336
1336
1336
-1
1337
1337
1337
1338
1338
1338
-1
1339
1339
1339
1339
-1
1340
1340
1340
-1
1341
1341
1341
-1
1342
1342
1342
1343
1343
1343
1343
1344
1344
1344
1344
1344
1344
1344
-1
1345
1345
1345
-1
285
285
285
1346
1346
1346
1346
1347
1347
1347
1347
1347
1347
1347
1348
1348
1348
1348
1348
1348
1349
1349
1349
1349
1349
1349
1349
1350
1351
1351
1351
-1
1352
1352
1352
-1
1353
1353
1353
-1
1354
1354
1354
1355
1355
1356
1356
1356
-1
1357
1357
1357
-1
1358
1358
1358
-1
1359
1359
1359
1360
1360
1360
1360
1360
1360
-1
1361
1361
1361
-1
1362
1362
1362
1363
1363
1363
1363
1363
1363
1363
1364
1364
1364
1364
1365
1365
1365
1365
-1
1366
1366
1366
1367
1367
1367
1367
1367
1367
1367
1368
1368
1368
1368
1368
1368
1368
-1
-1
-1
1369
-1
1370
1370
1370
1371
1371
1371
1371
-1
1372
1372
1372
1373
1373
1373
1373
1373
1373
1374
1374
1374
1374
1374
1374
1374
1375
1375
1375
1375
1375
1375
1375
-1
1376
1376
1376
1377
1377
1378
1379
1379
1380
1380
1380
1118
1381
1381
1381
1381
-1
1382
1382
1383
1383
1383
1383
1384
1384
1384
1384
1384
1384
1385
1385
1385
1385
1386
1386
1387
1387
1388
1388
1388
1388
1389
1389
1389
1389
1390
1390
1390
1390
1391
1391
1391
1391
1392
1392
1392
1392
1392
1392
1392
1393
1393
1393
1393
1394
1394
1394
1394
1395
1395
1395
1395
1395
1395
1395
1396
1396
1396
1396
1396
1397
1397
1397
1397
1398
1398
1398
1398
1398
1398
1399
1399
1399
1399
1399
1399
1399
1399
1400
1400
1400
1400
1401
1401
1401
1401
1402
1402
1402
1402
1403
1403
1403
1403
1404
1404
1404
1405
1405
1405
1405
1406
1406
1406
1406
1407
1407
308
308
1408
1408
1408
1408
1409
1409
1409
1409
1409
1409
1409
1409
1410
1410
1410
1410
1410
1410
1410
1410
1411
1411
1411
1411
1411
1411
1412
1412
1412
1412
1412
1412
1412
1413
1413
1413
1413
1414
1414
1414
1414
1414
1414
1415
1415
1415
1416
1416
1416
1416
1416
1416
1417
1417
1417
1417
1417
1417
1417
1418
1418
1418
1418
1419
1419
1420
1420
1420
1420
1421
1421
1421
1421
1422
1422
1422
1422
1422
1422
1422
1423
1423
1423
1423
1424
1424
1424
1424
1425
1425
1425
1425
1426
1426
1426
1426
-1
1427
1427
1427
-1
1428
1428
1428
-1
1429
1429
1429
-1
1430
1430
1430
-1
-1
-1
-1
1431
1431
1431
1432
1432
1432
1433
1433
1433
1433
-1
-1
-1
-1
1434
1434
1382
-1
1435
1435
1435
1436
1436
1436
1436
1436
1436
1436
-1
-1
1437
1437
1437
1438
1438
1438
1438
1438
1438
1438
1439
1439
1439
1439
1440
1440
1440
1440
1440
1441
1441
1441
1441
1441
1441
1441
1442
1442
1442
1442
1443
1443
1443
1443
-1
1444
1444
1444
1445
1445
1445
1446
1446
1446
1446
1446
1446
1447
1447
1447
1447
1447
1447
1447
-1
1448
1448
1448
1449
1449
1449
1449
1449
1449
1449
1449
1450
1450
1450
1450
-1
1451
1451
1451
1452
1452
1452
1452
1452
1452
1453
1453
1453
1453
-1
1454
1454
1159
1455
1455
1455
1455
1456
1456
1456
1456
1457
1457
1457
1457
1458
1458
1458
1458
1458
1459
1459
1459
1459
1459
1459
1459
1460
1460
1460
1460
1460
1460
1460
1461
1461
1461
1461
1461
1461
1461
1461
1462
1462
1462
1462
1463
1463
1463
1463
1464
1464
1464
1464
1464
1464
1465
1465
1465
1465
1466
1466
1466
1466
1466
1466
1466
1467
1467
1467
1467
1467
1467
1467
1468
1468
1468
-1
1469
1469
1469
1470
1470
1470
1470
1470
1471
1471
1471
1471
1471
1471
1471
1472
1472
1472
1473
1473
1473
1474
1474
1474
1474
1474
1474
1474
-1
1475
1475
1475
1476
1476
1476
1476
1476
1476
1477
1477
1477
1477
1477
1477
1477
-1
-1
1478
1478
-1
-1
1479
1479
-1
499
499
-1
1480
1480
1480
-1
-1
1481
44
-1
-1
-1
-1
1482
1482
1482
-1
1483
1483
1483
1484
1484
1484
1484
1484
1484
1484
1485
1485
1485
1485
1485
1485
1485
-1
-1
1486
1486
-1
-1
1487
1487
1488
1488
1488
1488
1489
1489
1489
1489
1489
-1
1490
1490
1490
1491
1491
1491
1492
1492
1492
1492
1492
1492
1493
1493
1493
1493
1493
1493
1493
1494
1494
1494
1494
1494
1495
1495
1495
1495
-1
1496
1496
1496
-1
1497
1497
1497
1498
1498
1498
1498
1498
1498
1498
1499
1378
1378
1378
-1
1500
1500
1500
-1
-1
1501
1501
1501
1502
1502
1502
1502
1502
1502
1502
-1
1503
1503
1503
-1
1504
1504
1504
-1
1505
1505
1505
1506
1506
1014
1014
1507
1508
1508
1508
-1
1509
1509
1509
-1
1510
1510
1510
1511
1511
1511
1511
1511
1511
1511
-1
1512
1512
1512
-1
1513
1513
1513
-1
1514
1483
1483
1515
1516
1516
1516
1517
1517
1518
1518
1518
1518
1519
1519
1519
1519
1520
1520
1520
1520
1521
1521
1521
1521
1522
1522
695
695
1523
1523
1523
1523
1524
1524
1524
1524
1524
1524
1524
1525
1525
1525
1525
1526
1526
1526
1526
1527
1527
1527
1527
1528
1528
1528
1528
1528
-1
1529
1529
1529
1529
1530
1530
1530
1531
1531
1531
1531
1532
1532
1532
1532
1533
1533
1533
1533
-1
1534
1534
1535
1535
1535
1535
1535
1535
1535
1535
1536
1536
1536
1536
1536
1537
1537
1537
1537
877
1538
877
-1
1381
1381
1381
-1
1539
382
382
-1
1540
1540
1540
1541
1541
1541
1542
1542
1542
1542
1542
1542
1542
-1
1543
1543
1543
1544
1544
1544
1545
1545
1545
1546
1546
1546
1546
1547
1547
1547
1547
-1
1548
1548
1548
-1
1549
1549
1549
-1
1550
1550
1550
1551
1551
1551
330
1552
1552
1552
1553
1553
1553
1553
1553
1554
1554
1554
1555
1555
1555
1556
1556
1556
1556
1557
1557
1557
1557
1558
818
818
818
1559
1559
1559
1559
1559
1559
1560
1560
1560
1560
1560
1561
1561
1561
1561
1561
-1
1562
1562
1562
-1
1563
1563
1563
1564
1200
1200
1200
1565
1565
1565
1565
1566
1566
1566
1566
1567
1567
1567
1567
-1
1568
1381
1381
-1
1569
1569
1569
-1
1570
1570
1570
1571
1571
1571
1571
-1
1572
1572
1572
-1
1573
1573
1573
1574
1574
1574
1574
1575
1574
1574
1574
-1
1576
1576
1576
-1
1577
1577
1577
1578
1578
1578
1579
1579
1579
1579
1579
-1
1580
454
454
454
454
-1
1581
1581
1581
1582
1582
1582
1582
1582
1582
1583
1583
1583
1583
1583
1583
1584
1584
1584
1270
1585
1585
1585
1585
1586
1586
1586
1586
1587
1587
1587
1587
-1
1588
1588
1588
1589
1589
1589
1589
1590
1590
1590
1590
-1
1591
1591
1591
1592
1592
1592
1592
1593
1593
1593
1593
1594
1594
1594
1594
1594
1594
1594
1595
1595
1595
1595
1595
1595
1595
1595
1596
1596
1596
1596
1596
1596
1596
1597
1597
1597
1597
1597
1598
1598
1598
1598
1598
1598
1598
1599
1599
1599
1600
1600
1600
1600
1601
1601
1601
1601
1602
1602
1602
1602
1603
1603
1603
1603
1604
1604
1604
1604
-1
1605
1605
1605
457
457
457
457
1606
1606
1606
1607
1607
1607
1607
1607
1607
1607
1607
1608
1608
1608
1608
1609
1609
1609
1609
1609
1609
1609
1610
1425
1425
1425
1611
1611
1611
1611
1612
1612
420
420
1613
1613
1613
1613
1613
1613
1614
1614
1614
1614
1614
-1
1615
1615
1615
1616
1616
1616
1616
1616
1617
1617
1617
1617
1617
1617
-1
1618
1618
1618
1619
1619
1619
1619
1619
1620
1620
1621
1621
1621
1621
1621
1621
-1
737
737
-1
1622
1622
1622
-1
-1
-1
-1
-1
-1
303
303
303
1623
1623
18
18
18
1624
1624
1624
1624
1624
1624
1624
1625
1625
1625
1625
1625
-1
1626
1626
1626
1627
1627
1627
1627
1627
1627
1627
-1
-1
1628
1628
1629
1629
1629
1629
1629
-1
1350
1350
1350
-1
-1
1630
1630
-1
1631
1631
1631
-1
1632
1632
1632
1633
1633
1633
1633
1633
1634
1634
1634
1634
1635
1635
1635
1635
1635
1635
1636
1636
1636
1636
1636
1636
1636
1637
1637
1637
1637
1637
1637
1637
-1
1638
1638
1638
-1
-1
1639
1639
1639
-1
1640
1640
1640
-1
1641
1641
1641
-1
1642
1642
1642
-1
1643
1643
1643
1644
1644
1644
1644
1644
1644
1644
1645
1645
1645
1645
1645
-1
1646
1646
1646
-1
1647
1647
1647
1648
1648
1648
1648
1648
-1
1649
1649
-1
-1
1650
1650
-1
1651
1651
1381
1652
1652
1652
1652
1652
-1
1653
1653
1653
1654
1654
1654
1654
-1
1655
1655
1655
1656
1656
1656
1656
1656
1656
1656
1657
1657
-1
1658
1658
1658
1659
1659
1659
1659
1659
1659
1659
1660
1660
1660
1660
1660
1660
1660
1660
1661
1661
1661
1661
1661
1661
1661
1662
1662
1663
1663
1663
-1
1664
1664
1664
-1
1665
1665
1665
-1
1666
1666
-1
1667
1667
1667
1668
1669
1669
1242
1670
1670
1670
1670
1670
1670
1670
1671
1671
1671
1671
1671
1671
1671
1672
1672
1672
1672
1672
1672
1673
1673
1673
1673
1673
1673
1674
1674
1674
1674
1674
1674
1674
1675
1675
1675
1675
1675
1675
1675
-1
1676
1676
1676
1677
1677
-1
702
1678
1678
1678
1678
1678
1678
1679
1679
1679
1679
1679
1679
1679
1680
1680
1680
1681
-1
1682
1681
1681
1683
1683
1683
1683
1683
1683
1684
1684
1684
1684
1685
1685
1686
1686
1687
1687
1687
1688
1688
1688
1688
1688
-1
1689
1689
1689
1690
1690
1690
1690
1690
1691
1691
1691
1691
1691
1691
1692
1692
1692
1692
1692
1692
1692
-1
1693
1693
708
1694
1694
1694
1694
1695
1695
1695
1696
1696
1696
1696
1697
1697
1697
1697
1697
1697
1697
-1
1698
1699
1699
1699
-1
1700
1700
1700
1701
1701
1701
1701
1702
1702
1702
1702
1702
1703
1703
1703
1703
1703
1704
1704
1704
1704
1704
1704
1704
1705
1705
1705
1705
1705
1705
1705
1706
1706
1706
1706
1707
1707
1707
1707
1707
1707
1707
1707
1708
1708
1385
1385
1709
1709
1709
1709
1709
1709
1709
1710
1710
1710
1710
1710
1710
1710
1711
1711
1711
1711
1712
1712
1712
1712
1712
1713
1713
1713
1713
1713
1713
1713
-1
1714
1714
1714
1714
1715
1715
1715
1716
1716
1716
1717
1717
1717
414
1718
1718
1718
1718
1718
1718
1718
1719
1719
1719
1719
1719
1719
1719
1720
1720
1720
1720
1720
1720
1720
1720
1721
1721
1721
1721
1721
1721
1721
1722
1722
1722
1722
1722
1723
1723
1723
1723
1724
1724
1724
1724
1725
1725
1725
1725
1726
417
417
417
417
417
1727
1727
1727
1727
1727
1727
1728
1728
1728
1728
1728
1728
1729
1729
1729
-1
1730
1730
1730
-1
1731
1731
1731
1732
1732
1732
1732
1732
1732
1733
1733
1733
1733
1733
1734
1734
1734
1734
1735
1735
1735
1735
1735
1735
1736
1736
1736
1736
1736
-1
-1
1737
1737
1737
1738
1738
1738
1738
1738
1738
1739
1739
1739
1739
1739
1740
1740
1740
1740
1740
1740
1741
1741
1741
1741
1741
1741
1741
-1
1742
1742
1742
-1
1743
1431
1431
1744
1744
1744
1744
1744
1744
1745
1745
1745
1745
1746
1747
1747
1747
1748
1748
1748
1748
-1
1749
1749
1749
-1
1750
1750
1750
-1
1751
1751
1751
1751
1752
1752
1752
1752
1752
1753
1753
1753
1753
1753
1753
1753
1754
1754
1754
1754
1754
1754
-1
1755
1755
1755
1756
1756
1756
1756
-1
1757
1757
1602
-1
1758
1758
1758
1759
1759
1759
1759
1759
1759
1760
1760
1760
1760
-1
1761
1761
1761
1762
1762
1762
1762
1762
1763
1763
1763
1763
1764
1764
163
163
163
1765
420
420
420
-1
1766
1766
1766
1767
1767
1767
1767
1767
1767
1767
1767
1768
1768
1768
1768
1768
1768
1768
1769
1769
1769
1769
1770
1770
1770
1770
1770
1770
-1
1771
1771
-1
1772
1772
1772
-1
1773
1773
1773
1774
1774
1774
1774
1774
1774
1774
1775
1775
1775
1776
1776
1776
1777
1777
1777
1777
1777
-1
1778
1778
1778
1779
1779
1779
1779
-1
1780
1780
1780
1781
1781
208
-1
1782
1782
1782
1783
1784
1784
1784
1785
184
184
184
184
184
184
1786
1786
1786
1786
1786
1786
1786
1787
1787
1787
1787
1788
1788
1788
1788
1788
1788
-1
1789
1789
1789
-1
1790
1790
1790
1791
1791
1791
1791
1792
1792
1792
1792
1792
1792
-1
1793
1793
1793
-1
1794
1794
1794
1795
1795
1795
1795
1796
1796
1796
1796
1797
1797
1797
1798
1798
1798
1799
1799
1799
1799
1799
1799
1799
1800
1800
1800
1800
1800
1800
1801
1801
1802
1802
1802
1802
1802
1802
1802
-1
1803
450
1804
1804
1805
1619
1806
1806
-1
1807
1807
1807
-1
1808
1808
1808
-1
1809
1809
1809
-1
1810
1810
1810
1811
1811
1811
1811
1811
1812
1812
1812
1812
1812
1812
1813
833
1814
1814
1814
1815
1815
1815
1815
1815
1815
1815
1816
1816
1816
1816
1816
1816
1816
1817
1817
1817
1817
1817
1817
1817
1818
1818
1818
1818
1818
1819
1819
1819
1819
1819
1819
1820
1820
1820
1820
1820
1820
1820
-1
1821
1821
1821
-1
-1
1822
1822
-1
-1
1823
1823
1824
1824
1824
1824
1824
1824
1824
-1
-1
1825
1825
-1
-1
1826
1826
-1
1827
1827
1827
1828
1828
1828
1828
-1
1829
1829
1829
1830
1830
1830
1830
1830
1830
1830
1830
1831
1831
1831
1831
1831
1831
1831
1832
1832
1832
1832
1832
-1
1833
1833
1833
1834
1834
1834
1834
1834
1834
1835
1835
1835
1835
-1
1836
1836
1836
-1
-1
1837
1837
-1
1838
2
2
-1
-1
1839
1839
-1
1840
1840
1840
-1
1841
1841
1841
-1
1593
1593
1842
1842
1842
1842
1842
1842
-1
1843
1843
1843
-1
-1
1844
1844
-1
1845
1845
1845
1846
1846
1846
1846
1846
1847
1847
1847
1847
1848
1848
-1
1849
1849
1849
1849
1849
1849
1849
1850
1850
1851
1851
1851
1851
1851
1851
1851
-1
1852
1852
1852
-1
1853
1853
1853
-1
-1
1854
1854
-1
1855
1855
1855
-1
-1
-1
1856
1856
1856
1856
1856
-1
-1
1857
1857
-1
1858
1858
-1
1859
1859
1860
1860
1860
1860
1860
1860
1860
-1
-1
1861
1861
-1
1862
1862
1862
-1
1863
1863
1863
1864
1864
1864
1864
1865
1865
1865
1865
1865
-1
-1
1866
1866
-1
-1
1867
1867
-1
-1
1868
1868
-1
1869
1869
1869
1870
1870
1870
1870
1870
-1
1871
1871
1871
1872
1872
1872
-1
1873
1873
1873
74
74
74
74
74
1874
1874
1874
1875
1875
1875
-1
1876
1876
1876
-1
1877
1877
1877
-1
1878
1878
1878
-1
1879
1879
1880
1880
1880
1880
1880
1881
1881
1881
1881
1881
1881
1882
1882
1882
1882
1882
1882
1882
-1
1883
1883
1883
-1
-1
1884
1884
-1
-1
1885
1885
-1
1886
1886
1886
1887
1952
1888
1888
1889
1889
1889
1889
1889
1890
1890
1890
1890
1890
1890
1890
-1
1891
1891
-1
1892
1892
1892
1893
16
16
16
1894
1894
1894
1894
1894
1675
1675
-1
1895
1895
1895
1896
1896
1896
1896
1896
1897
1897
1897
1897
1897
1898
1898
1898
1898
-1
1899
1899
1899
1900
1900
1900
1900
1900
1901
1901
1901
1901
1901
1901
1902
1902
1902
1902
1903
1903
1903
1903
1903
1904
1904
1904
1904
1905
1905
1905
1905
1906
1906
1906
1906
1907
1907
1907
1907
1908
1908
1908
1908
1908
1909
1909
1909
1909
1910
1910
1910
1910
1910
-1
1911
1911
1911
1911
1911
1911
1911
1912
1912
1912
1912
1912
1913
-1
1914
1914
1915
1915
1915
1915
1915
1916
1916
1916
1916
1916
1916
1916
1917
1917
1917
309
1918
1918
1918
1918
1918
1918
1919
1919
1919
1919
1919
1919
1920
1920
1920
1920
1920
1920
1920
1921
1921
1921
1921
1921
1921
1921
1922
1922
1922
1922
1922
1922
1923
1923
1923
1923
1923
1923
1923
1924
1925
1925
1925
1926
1927
1927
1927
1928
1929
1929
1929
-1
1930
1930
1930
1931
1931
1931
1931
1931
1931
-1
1887
1887
1887
-1
423
423
423
-1
1932
1932
1932
1933
1933
1933
1933
1934
1934
1934
1935
1935
1935
1935
-1
-1
1699
1699
-1
1936
1936
1632
1937
1937
1937
1937
1937
1938
1938
1938
1938
1938
1938
1938
1939
1939
1939
1939
1939
1939
1939
-1
1940
1940
1940
1941
1941
1941
1941
1941
1941
1942
1942
1942
1942
1942
1942
1942
1943
1943
1943
1943
1943
1943
1943
1944
1944
1944
1944
1944
1944
1944
1945
1945
1945
1945
1945
1945
1945
1946
1946
1946
1946
1946
1947
1947
1947
1947
1947
1947
-1
1948
1948
1948
1949
1950
1950
1951
1951
1951
1951
1951
1951
1951
1952
1953
1953
1953
-1
1954
1954
1954
1955
1956
1956
1956
1957
1125
1125
1125
1958
1958
1958
1958
-1
1555
720
1183
1183
1183
1183
1183
1183
1959
1959
1959
1959
1959
-1
771
771
771
1960
1960
1960
1961
1961
1961
1961
1962
1735
1735
1735
1735
1735
1963
1963
1963
1963
-1
1964
1964
1964
1965
1965
1965
1965
1965
1965
-1
-1
1966
1966
1966
1966
1966
1966
1967
1967
1967
1967
1967
1967
1967
-1
-1
-1
-1
-1
1382
1382
-1
1968
1969
1969
-1
-1
1970
1970
-1
1971
1971
1972
1972
1972
1972
1973
1973
-1
1974
1974
1974
1975
1975
1975
1975
1975
1976
1976
1976
1976
1976
1976
1976
-1
-1
1527
1527
-1
781
781
781
1977
1977
1977
1977
1977
1977
1977
-1
1978
1978
1978
1979
1979
1979
1979
1979
1979
1980
1980
1980
1980
1980
1980
1980
1981
1981
1981
1981
1981
1982
1982
1982
1982
1983
1983
1983
1983
1983
1983
1983
1984
1984
1984
1984
1985
1985
1985
1985
1985
1986
1986
1986
1986
1986
1986
1986
1986
1987
1987
1987
1987
1987
1987
1988
1988
1988
1988
1988
1988
1988
1989
1989
1989
1989
1990
1990
1990
1990
1991
1991
1991
1991
1992
1992
1992
1992
1992
1992
1992
1993
1993
1993
1993
1994
1994
1994
1994
1995
1995
1995
1995
1996
1996
1996
1996
1997
479
479
479
1998
1998
1998
1998
1998
1998
1998
1999
1999
1999
1999
2000
2000
2000
2000
2001
2001
-1
2002
2002
2002
2002
2003
2003
2003
2003
2004
2004
2004
2004
2005
2005
2005
2005
2006
2006
2006
2006
2006
2006
2006
2007
2007
2007
2007
2007
2007
2008
2008
2008
2008
2008
2009
2009
2009
2009
2009
2009
2009
2010
2010
2010
2010
2010
2010
2010
2010
2011
16
16
16
2012
2012
2012
2012
2012
2012
2012
2013
2013
2013
2014
2014
2014
2015
2015
2015
2015
2016
2016
2016
2017
2017
2017
2017
2018
2018
2018
2018
2018
2019
2019
2019
2019
-1
1577
1577
2020
2020
2020
2021
2021
2021
2021
2021
-1
2022
2022
2022
2022
2022
-1
2023
2023
2023
2023
2023
2023
2024
2025
2025
2025
2026
2026
2026
2026
2026
2026
2027
2027
2027
2027
2027
-1
2028
2028
688
688
2029
2029
2029
2029
2030
2030
2030
2030
2030
2030
2030
2031
2031
2031
2031
2032
2032
2032
2032
2033
2033
2033
2033
2034
2034
2034
2034
2034
2034
2035
2035
2035
2035
2035
2035
2035
2036
2036
2036
2036
2037
2037
2037
2037
2038
2038
2038
2038
-1
2039
2039
2039
1201
2040
2040
2040
2040
2040
2041
2041
2041
2041
2041
2041
2042
2042
2042
2042
2043
2043
2043
-1
-1
2044
2044
2044
2045
2045
2045
2045
2045
2045
2046
2046
2046
2046
2047
1384
1384
1384
1384
1384
2048
2048
2048
2048
2049
2049
2049
2050
2050
2050
2050
2051
2051
2051
2051
2051
2051
2051
-1
2052
2052
2052
2052
2052
2052
2052
2052
2053
2053
2053
2053
2053
2054
2054
2054
2054
-1
2055
2055
2055
2055
2055
2055
2055
2056
2056
2056
2056
2057
2057
2057
2058
2058
2058
2058
2059
2059
2059
2059
2060
2060
2060
2060
2060
2060
2060
2060
2061
2061
2061
2061
2061
-1
2062
2062
2062
2062
2062
2062
2062
2062
2063
2063
2063
2063
2064
2064
2064
2064
2065
2065
2065
2065
2066
2066
2066
2066
2067
2067
2067
2068
1026
1026
1026
2069
2069
2069
2069
2070
2070
2070
-1
2071
2071
2071
2072
2072
2072
2073
699
699
699
-1
-1
-1
2074
2074
2074
2074
2074
2074
2074
2075
2075
2075
2075
-1
2076
2076
2076
2077
2077
-1
2078
2078
2078
2078
2078
2078
2078
2079
2079
1880
1880
1880
-1
2080
1651
1651
2081
2081
-1
2082
2082
1885
2083
2083
2084
2084
2084
2084
2085
2085
2085
2085
2086
2086
2086
2086
2086
2086
2086
2087
361
361
361
2088
1293
2089
2089
2090
2090
2090
2090
2091
2091
2091
2091
2091
-1
2092
2092
2092
2092
2092
2092
2092
-1
1756
1756
