0
0
0
0
1
1
1
1
2
2
2
2
3
3
3
3
3
4
4
4
4
-1
5
5
5
5
6
6
6
6
7
7
7
7
8
8
8
8
9
9
9
9
9
9
9
10
10
10
10
10
10
10
11
11
11
11
12
12
12
12
13
13
13
13
14
14
14
14
15
15
15
15
16
16
16
16
17
17
17
17
17
17
17
18
18
19
19
20
20
21
21
21
21
22
22
22
22
23
23
23
23
23
23
23
24
24
24
24
25
25
25
25
26
26
26
26
27
27
27
28
28
28
28
29
29
29
29
30
30
31
31
31
31
32
32
32
32
-1
-1
33
33
33
33
34
34
34
34
35
35
35
35
36
36
36
36
37
37
37
37
38
38
38
38
-1
-1
39
39
39
40
40
40
40
40
41
41
41
41
41
41
41
42
42
42
42
43
43
43
43
43
43
43
44
44
44
45
45
45
46
46
46
46
47
47
47
47
47
47
48
48
48
48
48
48
48
48
-1
49
49
49
50
50
50
50
50
50
51
51
51
51
51
51
52
52
52
52
52
52
52
53
53
53
53
53
53
54
54
54
54
54
54
54
55
55
55
-1
56
56
56
-1
57
57
57
58
58
58
58
59
59
59
59
59
59
59
60
60
60
60
60
60
61
61
61
61
61
61
61
-1
62
62
62
-1
63
63
63
-1
64
64
64
65
65
65
65
66
66
67
67
67
67
68
68
68
68
69
69
69
69
70
70
70
70
71
71
71
71
-1
72
72
72
73
73
73
73
-1
74
74
74
75
75
75
75
76
76
-1
77
77
77
78
78
78
78
79
79
79
79
79
79
79
80
80
80
80
80
80
80
-1
81
81
81
81
-1
82
82
82
83
83
83
83
83
83
83
-1
-1
84
84
-1
-1
85
85
-1
-1
86
86
87
87
87
87
88
88
88
88
88
88
88
-1
89
89
89
90
90
91
91
91
91
91
92
92
92
92
93
93
93
93
93
93
93
94
94
94
94
95
95
95
95
95
95
95
96
96
96
96
96
96
97
97
97
97
98
98
98
98
98
98
99
99
99
99
100
100
100
100
101
101
101
101
101
102
102
102
102
102
102
102
103
103
103
104
104
104
104
104
104
104
105
105
105
105
106
106
106
106
107
107
107
107
108
108
108
108
109
109
110
110
110
111
111
111
111
111
111
111
-1
112
112
112
113
113
113
113
-1
114
114
114
115
115
115
115
115
-1
116
116
116
117
117
117
117
117
118
118
118
118
118
118
118
119
119
119
119
120
120
120
120
121
121
121
121
121
121
121
122
122
122
122
123
123
123
123
-1
124
124
124
125
125
125
125
126
126
126
126
127
127
127
127
128
128
128
128
128
128
128
-1
-1
129
129
129
129
130
130
130
131
131
131
131
132
132
132
132
132
132
132
133
133
133
133
133
133
133
134
134
134
134
134
134
134
135
135
135
135
135
135
135
136
136
136
136
137
137
137
137
138
138
138
138
138
139
139
139
139
140
140
140
140
-1
141
141
141
142
142
142
142
143
143
143
144
144
144
144
144
-1
145
145
145
-1
146
146
146
147
147
147
147
147
147
147
148
148
148
148
-1
149
149
149
-1
150
150
150
-1
151
151
151
-1
152
152
152
153
153
153
153
-1
154
154
154
-1
155
155
155
156
156
156
156
157
157
157
157
-1
158
158
158
-1
159
159
159
-1
160
160
160
161
161
161
161
161
161
161
162
162
162
162
162
162
162
163
163
163
163
163
163
-1
164
164
164
-1
165
165
165
-1
166
166
166
167
167
167
167
168
168
168
168
169
169
169
170
170
170
-1
171
171
171
171
-1
172
172
172
-1
173
173
173
174
174
174
174
175
175
175
175
176
176
176
176
176
176
176
176
177
177
177
177
178
178
178
178
178
178
178
179
179
179
179
179
-1
180
180
180
-1
181
181
181
182
182
182
182
182
182
183
183
183
183
183
183
184
184
184
184
184
184
184
185
185
185
185
185
185
185
-1
186
186
186
-1
187
187
187
-1
188
188
188
189
189
189
189
-1
190
190
190
191
191
191
-1
192
192
192
193
193
193
-1
194
194
194
195
195
195
195
196
196
196
196
197
197
198
198
198
198
199
199
199
200
200
200
200
201
201
201
201
202
202
202
202
203
203
203
203
203
204
204
204
204
204
205
205
205
206
206
206
-1
207
207
207
208
208
208
208
208
208
208
-1
-1
-1
209
209
209
209
-1
210
210
-1
211
211
211
-1
212
212
212
213
213
213
213
214
214
214
214
214
214
-1
215
215
215
216
216
216
216
216
216
216
217
217
217
217
218
218
218
219
219
219
219
219
-1
220
220
220
-1
221
221
221
222
222
222
222
222
222
222
-1
223
223
223
-1
224
224
224
-1
225
225
225
226
226
227
227
227
-1
-1
228
228
229
229
229
-1
-1
-1
230
230
230
230
230
230
-1
231
231
231
231
231
231
232
232
232
232
232
232
232
-1
233
233
233
-1
-1
234
234
235
235
235
235
-1
236
236
236
236
237
237
237
237
237
238
238
238
238
238
238
-1
239
239
239
240
240
240
240
241
241
241
242
242
242
242
-1
243
243
243
244
244
244
244
244
244
244
-1
245
245
245
246
246
246
246
247
247
247
247
247
247
247
-1
248
248
248
-1
249
249
249
250
250
250
250
251
251
251
251
252
252
252
252
253
253
253
253
-1
254
254
254
255
255
256
256
256
256
256
256
256
257
257
257
257
257
257
-1
258
258
-1
259
259
259
260
260
260
260
260
260
260
-1
-1
261
261
262
262
262
262
262
262
262
263
263
263
263
263
263
263
264
264
264
264
265
265
265
265
266
266
266
266
267
267
267
267
267
267
267
-1
268
268
268
269
269
269
269
270
270
270
270
271
271
271
271
271
271
271
272
272
272
272
273
273
273
273
273
273
274
274
275
275
275
275
276
276
276
276
276
276
276
277
277
277
277
277
277
277
278
278
278
278
279
279
279
279
-1
280
280
280
281
281
281
281
-1
282
282
282
-1
283
283
283
284
284
284
284
285
285
285
285
285
285
286
286
287
287
287
288
288
288
289
289
289
289
289
290
290
290
290
291
291
291
291
292
292
292
293
293
293
-1
-1
-1
294
294
295
295
295
296
296
296
296
296
296
296
296
-1
297
297
297
298
298
298
298
298
-1
299
299
299
299
299
299
-1
300
300
300
-1
-1
301
301
-1
302
302
302
-1
303
303
303
-1
304
304
-1
-1
305
305
-1
306
306
306
-1
307
307
-1
-1
308
308
-1
309
309
309
310
310
310
310
310
310
310
-1
311
311
311
-1
312
312
312
313
313
313
313
313
-1
314
314
314
315
315
316
316
316
-1
317
317
317
-1
318
318
318
-1
319
319
319
320
320
320
320
320
320
320
-1
321
321
321
-1
322
322
322
323
323
323
323
323
324
324
324
324
-1
325
325
325
-1
326
326
326
-1
327
327
327
328
328
328
-1
329
329
329
-1
330
330
330
-1
331
331
331
332
332
332
332
-1
333
333
333
-1
334
334
334
335
335
335
335
335
335
336
336
336
336
336
337
337
337
337
337
337
337
-1
338
338
338
338
339
339
339
339
339
339
339
340
340
340
340
340
340
340
341
341
341
341
342
342
342
342
342
342
342
343
343
343
343
343
343
344
344
344
344
-1
345
345
345
345
345
345
345
346
346
346
346
347
347
347
348
348
348
348
349
349
349
350
350
350
350
351
351
351
351
352
352
352
352
352
352
-1
353
353
353
-1
354
354
355
355
355
355
355
-1
356
356
-1
357
357
357
-1
358
358
358
-1
359
359
359
-1
-1
360
360
-1
361
361
361
-1
362
362
362
363
363
363
363
363
363
364
364
364
364
364
364
364
365
365
365
365
366
366
366
366
367
367
367
367
368
368
368
368
369
369
369
369
369
369
369
369
370
370
370
370
370
370
-1
371
371
-1
372
372
372
-1
373
373
373
-1
374
374
-1
-1
375
375
376
376
376
376
377
377
377
377
378
378
379
379
-1
380
380
380
381
381
381
381
381
381
381
382
382
382
382
382
382
382
-1
383
383
383
-1
384
384
384
-1
385
385
385
386
386
386
387
387
-1
388
388
388
-1
389
389
389
-1
390
390
390
391
391
391
391
391
392
392
392
392
392
393
394
394
394
-1
395
395
395
-1
396
396
396
397
397
397
397
-1
398
398
398
399
399
399
399
-1
400
400
400
-1
401
401
401
402
402
402
402
403
403
404
404
404
404
405
405
405
-1
406
406
406
407
407
407
407
-1
408
408
408
-1
409
409
409
-1
410
410
410
-1
411
411
411
412
412
412
412
