0
0
0
0
-1
1
1
1
-1
2
2
2
-1
3
3
3
-1
4
4
-1
5
5
5
6
6
6
6
7
7
8
8
9
9
9
9
10
10
10
10
11
11
11
11
12
12
12
12
13
13
13
13
13
14
14
14
14
15
15
15
-1
16
16
16
16
17
17
17
17
17
17
17
-1
18
18
18
-1
19
19
19
-1
20
20
20
-1
21
21
21
-1
-1
-1
-1
22
22
22
-1
23
23
23
-1
24
24
24
25
25
25
25
26
26
26
26
27
27
27
27
-1
28
28
28
-1
29
29
29
-1
30
30
30
-1
31
31
-1
-1
32
32
32
-1
33
33
33
-1
34
34
34
-1
35
35
35
-1
36
36
723
-1
-1
37
37
37
-1
38
38
38
-1
39
39
39
-1
40
40
40
-1
41
41
41
-1
42
42
42
43
43
43
43
44
44
44
44
45
45
46
46
46
46
46
46
46
-1
47
47
47
48
48
48
48
-1
49
49
49
-1
50
50
50
51
51
51
51
51
51
52
52
52
52
52
52
52
53
53
53
53
54
54
54
54
55
55
55
55
56
56
56
56
56
56
57
57
57
57
57
57
57
-1
58
58
58
59
59
59
59
60
60
60
61
61
61
61
61
62
62
62
62
62
62
62
63
63
63
63
63
-1
64
64
64
64
65
65
65
65
66
66
66
66
66
67
67
67
67
67
67
67
67
68
68
68
68
68
68
69
69
69
69
70
70
70
70
70
70
70
71
71
72
72
73
73
73
-1
74
74
74
74
75
75
75
76
76
76
77
77
77
77
77
77
77
78
78
78
79
79
79
79
80
80
80
80
80
81
81
81
81
81
81
82
82
82
83
83
83
83
84
84
84
84
85
85
85
85
85
85
86
86
86
86
87
87
87
87
88
88
88
89
89
89
89
89
89
89
89
90
90
90
90
91
91
91
91
92
92
92
92
92
92
92
93
93
93
93
93
93
93
94
94
95
95
95
95
95
-1
-1
-1
96
96
96
-1
97
97
97
98
98
98
98
98
99
99
99
99
-1
100
100
100
101
101
101
-1
102
102
102
-1
103
103
103
104
104
104
104
104
104
104
105
105
105
106
106
106
106
106
106
107
107
107
107
107
108
108
108
108
-1
109
109
109
-1
110
110
110
111
111
111
111
111
111
111
112
112
112
112
112
112
112
113
113
113
113
113
113
113
114
114
114
114
114
114
115
115
115
115
116
116
116
117
117
117
117
118
118
118
118
118
119
119
119
119
120
120
120
120
121
121
121
122
122
122
122
123
123
123
123
123
123
123
-1
124
124
124
125
125
125
125
126
126
126
127
127
127
128
128
128
-1
129
129
129
-1
130
130
130
-1
131
131
131
132
132
132
132
133
133
133
133
134
134
134
134
134
134
134
134
135
135
135
135
136
136
136
136
136
136
136
-1
137
137
137
138
138
138
-1
139
139
139
140
140
140
140
140
140
-1
141
141
141
-1
142
142
142
143
143
144
144
145
145
145
145
145
146
146
146
146
146
147
147
147
147
147
148
148
148
148
148
149
149
149
149
149
149
150
150
150
150
151
151
151
151
152
152
152
152
-1
153
153
153
154
154
154
155
155
155
155
155
155
155
-1
156
156
156
157
157
157
157
157
157
158
158
158
158
159
159
159
159
160
160
160
160
160
160
161
161
161
161
162
162
162
162
162
162
162
163
163
163
163
163
-1
164
164
164
164
164
165
165
165
166
166
166
166
166
166
166
167
167
167
167
168
168
168
168
169
169
169
169
170
170
170
171
171
171
171
171
171
172
172
172
172
172
172
172
-1
173
173
173
-1
174
174
174
175
175
175
175
-1
176
176
176
177
177
177
177
177
177
177
178
178
178
178
178
178
178
179
179
179
179
179
179
179
-1
180
180
180
-1
181
181
181
-1
182
182
182
183
183
183
183
-1
184
184
184
185
185
185
185
186
186
187
187
187
187
187
187
188
188
188
188
188
189
189
190
190
190
190
190
190
190
191
191
191
191
191
191
191
192
192
192
192
192
192
-1
193
193
193
194
194
194
194
195
195
195
195
195
196
196
196
196
196
-1
197
197
197
197
197
197
197
198
198
198
198
198
198
198
199
199
199
199
199
199
-1
200
200
200
-1
201
201
201
202
202
202
202
202
202
202
203
203
203
203
203
203
203
204
204
204
204
205
205
205
205
-1
206
206
-1
207
207
207
-1
208
208
209
209
209
209
209
209
210
210
210
210
211
211
212
212
212
212
212
212
212
213
213
213
214
214
214
214
214
-1
215
215
215
216
216
216
216
217
217
217
218
218
218
218
219
219
219
219
-1
220
220
220
-1
221
221
221
-1
222
222
222
223
223
223
223
223
223
223
223
-1
224
224
225
225
225
226
226
226
227
227
227
-1
228
228
228
229
229
229
229
-1
-1
230
230
-1
231
231
231
-1
232
232
232
-1
233
233
233
-1
-1
234
234
-1
-1
235
235
236
236
236
236
236
-1
237
237
237
238
238
238
238
238
238
239
240
240
240
241
241
241
241
241
241
241
-1
242
242
242
-1
243
243
243
244
244
244
244
244
245
245
246
246
246
247
247
247
248
248
248
248
249
249
249
249
249
250
250
250
251
251
251
252
252
253
253
253
253
253
-1
254
254
254
-1
255
255
255
-1
256
256
256
256
-1
257
257
257
258
258
258
258
259
259
259
259
-1
260
260
260
260
260
261
261
261
261
261
261
261
261
262
262
262
262
262
262
262
-1
-1
263
263
264
264
264
264
264
264
264
265
265
265
265
265
265
266
266
266
266
266
266
266
267
267
267
267
268
268
268
-1
269
269
269
270
270
270
270
270
270
270
270
271
271
271
271
271
271
271
271
272
272
272
272
273
273
273
273
273
273
273
274
274
274
274
275
275
275
275
-1
276
276
276
-1
277
277
277
278
278
278
278
278
278
279
279
279
279
279
279
279
280
280
280
280
280
280
-1
281
281
281
-1
282
282
282
283
283
283
283
283
-1
-1
-1
-1
284
284
284
285
285
285
285
286
286
286
286
286
286
286
287
287
287
-1
-1
288
288
-1
289
289
289
-1
290
290
290
-1
291
291
291
-1
292
292
292
293
293
293
293
293
293
-1
294
294
294
295
295
295
295
295
296
296
296
296
296
297
298
298
299
299
300
300
300
300
300
300
300
301
301
301
301
301
301
301
-1
-1
-1
-1
302
302
302
-1
303
303
-1
304
304
304
305
305
305
305
305
305
306
306
306
306
306
306
306
306
307
307
307
307
307
307
307
308
308
308
308
308
308
308
308
309
309
309
309
309
309
-1
310
310
310
-1
311
311
311
-1
312
312
312
313
313
313
313
313
313
313
-1
-1
314
314
314
-1
315
315
315
316
316
-1
-1
-1
317
317
317
318
318
318
318
319
319
319
319
320
320
320
320
321
321
321
321
322
322
322
322
323
323
323
323
324
324
324
324
325
325
325
325
326
326
326
326
327
327
327
327
327
328
328
328
328
329
329
329
330
330
330
330
330
331
331
331
331
331
331
331
332
332
332
332
332
332
332
333
333
333
333
333
333
333
334
334
334
334
334
334
334
334
335
335
335
335
335
335
336
336
336
336
337
337
337
337
338
338
338
338
339
339
339
339
340
340
340
340
341
341
341
341
342
342
342
342
343
343
343
343
343
343
343
344
344
344
344
344
345
345
345
345
345
345
345
346
346
346
346
346
347
347
347
347
347
347
347
348
348
348
349
349
349
349
350
350
350
350
350
350
350
351
351
351
351
352
352
353
353
353
354
354
354
354
355
355
355
355
355
355
355
356
356
356
356
356
356
356
357
357
357
357
357
357
357
-1
358
358
358
-1
359
359
359
-1
360
360
360
361
361
362
362
362
362
363
363
363
363
363
363
363
364
364
364
364
364
364
-1
365
365
365
-1
366
366
366
-1
367
367
367
-1
368
368
368
369
369
369
369
369
369
369
370
370
370
370
370
370
371
371
371
371
371
371
-1
372
372
372
373
373
373
373
373
373
373
374
374
374
374
375
375
376
376
376
376
377
377
377
377
377
377
377
378
378
378
378
378
378
378
379
379
379
379
379
379
380
380
380
380
380
380
380
381
381
381
381
381
381
381
382
382
382
-1
383
383
383
-1
384
384
384
-1
385
385
385
-1
386
386
-1
387
387
387
-1
388
388
388
-1
389
389
389
-1
390
390
390
391
391
391
391
392
392
392
392
392
392
392
393
393
394
394
-1
395
395
395
396
396
396
397
397
397
397
398
398
398
399
399
399
399
399
399
399
400
400
400
400
400
400
400
-1
401
401
401
402
402
402
402
402
402
402
403
403
403
403
-1
404
404
404
-1
405
405
405
406
406
406
406
406
406
406
-1
407
407
407
408
408
408
409
409
409
410
410
410
410
-1
411
411
411
412
412
412
412
-1
413
413
413
414
414
-1
415
415
415
-1
416
416
416
-1
417
417
417
-1
418
418
418
-1
419
419
419
420
420
420
420
420
420
420
-1
421
421
421
-1
422
422
422
423
423
423
423
424
424
424
424
424
424
424
425
425
425
425
426
426
426
426
427
427
427
427
427
427
427
427
428
428
428
428
428
428
428
429
429
429
429
429
429
429
430
430
430
430
431
431
431
431
432
432
432
432
433
433
433
433
433
433
433
434
434
434
434
435
435
435
435
435
435
435
436
436
436
436
436
436
436
437
437
437
437
-1
438
438
438
439
439
439
439
439
439
440
440
440
440
-1
441
441
441
-1
442
442
442
-1
443
443
443
-1
444
444
444
445
445
445
445
445
-1
446
446
446
446
447
447
447
447
447
447
447
448
448
448
448
448
448
448
449
449
449
449
449
449
449
450
450
450
450
451
451
451
451
452
452
452
453
453
453
453
454
454
455
455
455
456
456
456
456
456
456
456
457
457
457
457
-1
-1
458
458
458
458
458
-1
459
459
459
459
459
460
460
460
460
-1
461
461
-1
462
462
462
463
463
463
463
463
464
464
464
464
465
465
465
465
466
466
466
466
466
466
466
467
467
467
467
467
467
468
468
468
468
468
-1
469
469
469
-1
470
470
470
-1
-1
-1
471
471
471
471
471
472
472
472
472
472
472
472
472
473
473
473
473
473
473
473
474
474
474
474
474
474
-1
475
475
475
476
476
476
476
476
476
476
477
477
477
477
477
477
477
478
478
478
478
478
478
478
479
479
479
479
479
479
479
480
480
480
480
480
481
481
481
481
481
481
481
482
482
482
482
482
482
483
483
483
483
483
484
484
484
-1
485
485
485
-1
-1
-1
-1
486
486
486
487
487
487
487
488
488
488
488
488
488
488
489
489
489
489
489
489
489
490
490
490
490
491
491
491
491
492
492
492
492
492
492
493
493
493
493
494
494
494
494
494
495
495
495
496
496
496
496
496
496
496
497
497
497
498
498
498
498
498
499
499
499
499
499
499
499
-1
500
500
501
501
501
501
502
502
502
502
502
502
503
503
504
504
504
505
505
505
505
-1
506
506
506
506
506
506
506
-1
507
507
507
-1
508
508
508
509
261
261
261
261
261
261
261
-1
510
510
510
511
511
511
511
511
511
511
512
512
512
512
512
512
512
513
513
513
513
513
513
-1
-1
514
514
-1
515
515
516
516
516
516
516
516
-1
-1
517
517
518
518
518
518
518
518
519
519
519
519
519
-1
-1
520
520
521
521
521
521
521
521
521
522
522
522
522
522
522
522
-1
-1
523
156
-1
524
524
524
-1
525
525
526
526
526
526
526
526
526
527
527
527
527
527
527
528
528
528
528
529
529
529
529
530
530
530
530
530
-1
531
531
531
532
532
532
533
533
533
534
534
534
534
534
534
534
534
535
535
535
535
535
536
536
536
536
536
536
536
-1
537
537
537
-1
538
538
538
-1
539
539
539
-1
540
540
540
-1
541
541
181
542
542
542
542
-1
543
543
543
544
544
544
544
544
545
545
545
545
-1
546
546
546
547
547
547
547
548
548
548
548
548
548
548
549
549
549
549
-1
550
550
550
551
551
551
552
552
552
552
552
552
552
553
553
553
553
553
553
554
554
554
554
555
555
555
555
555
555
555
556
556
556
556
556
556
556
557
557
557
557
558
558
558
558
559
559
559
559
559
559
560
560
560
560
560
561
561
561
561
561
561
-1
562
562
562
563
563
563
563
564
564
564
564
565
565
565
565
-1
566
566
566
567
567
567
567
567
567
568
568
568
568
568
568
568
569
569
569
570
570
570
571
571
571
571
571
571
572
572
572
572
573
573
573
573
573
573
573
574
574
574
574
575
575
575
575
575
575
575
576
576
576
576
576
576
577
577
577
577
578
578
578
578
-1
579
579
579
580
580
580
-1
581
581
581
582
582
582
-1
583
583
583
584
584
584
584
584
584
584
-1
585
585
585
586
586
586
586
586
586
587
587
587
587
588
588
588
588
588
588
588
589
589
589
589
-1
590
590
590
-1
591
591
591
592
592
592
592
593
593
593
593
594
594
594
594
595
595
595
595
595
596
596
596
596
596
596
596
-1
597
597
597
-1
598
598
598
599
599
599
599
600
600
600
600
600
600
600
601
601
601
601
601
601
602
602
602
602
602
603
603
603
603
604
604
604
605
605
-1
606
606
606
-1
607
607
607
608
333
333
333
333
333
333
609
609
609
610
610
610
611
611
611
611
611
611
611
-1
612
612
612
-1
613
613
613
614
614
614
614
614
614
614
614
615
615
616
616
616
616
616
616
616
616
617
617
617
617
617
617
618
618
618
618
619
619
619
619
-1
620
620
620
621
621
621
621
621
622
622
622
622
623
623
623
624
624
624
625
625
625
625
-1
-1
626
626
626
626
-1
627
627
627
628
628
-1
629
629
629
-1
630
630
630
631
631
631
631
631
632
632
632
632
633
633
633
633
-1
634
634
634
635
635
635
635
636
636
636
636
637
637
637
637
638
638
638
638
638
638
638
638
639
639
639
639
639
639
639
-1
640
640
640
-1
641
641
641
-1
642
642
642
643
643
643
643
644
644
644
644
644
644
644
644
645
645
645
645
646
646
646
646
647
647
647
647
648
648
648
648
649
649
649
649
649
649
649
650
650
650
650
650
650
651
651
651
651
651
651
651
652
652
652
652
652
-1
653
653
653
653
653
653
653
653
654
654
654
654
655
655
655
655
656
656
656
656
-1
-1
-1
297
657
657
657
657
658
658
658
658
659
659
659
659
659
659
660
660
660
660
661
661
661
661
661
661
661
662
662
662
662
662
662
662
-1
663
663
663
664
664
664
664
664
664
665
665
666
666
666
666
666
666
-1
667
667
667
668
668
668
-1
669
669
669
669
669
669
669
-1
670
670
671
671
671
671
671
671
-1
672
672
672
673
673
673
673
673
673
673
-1
674
674
674
-1
-1
675
675
675
676
676
676
676
676
677
677
677
677
678
678
678
678
679
679
-1
680
680
680
681
681
681
682
682
682
682
682
682
683
683
683
683
684
684
684
684
685
685
685
685
685
685
685
685
686
686
686
686
687
687
687
687
688
688
688
688
689
689
689
689
690
690
691
691
691
692
692
692
692
692
692
692
693
693
693
693
693
693
693
694
694
694
694
695
695
695
-1
696
696
696
-1
697
697
697
698
698
698
698
698
699
699
699
699
699
700
700
701
701
701
701
702
702
702
702
702
702
702
703
703
703
703
703
703
703
-1
704
704
704
705
705
705
705
-1
706
706
706
-1
707
707
707
708
708
708
708
709
709
709
709
709
709
-1
710
710
710
-1
711
711
711
712
712
712
712
712
712
-1
713
713
713
714
714
714
714
714
714
714
715
715
715
715
716
716
716
716
-1
717
717
717
718
718
718
718
718
718
718
-1
-1
-1
-1
719
719
719
720
720
720
720
720
720
720
-1
721
721
721
722
722
-1
723
723
724
724
724
724
725
725
725
725
-1
726
726
727
727
727
727
728
728
729
729
729
729
730
730
730
730
731
731
731
731
732
732
732
732
732
732
732
733
733
733
733
733
734
734
734
734
735
735
735
735
736
736
736
736
736
736
736
736
737
737
737
737
737
737
737
738
738
738
738
738
738
739
739
739
739
739
739
740
740
740
740
740
740
740
741
741
741
741
742
742
742
742
743
743
743
743
744
744
744
744
744
744
744
745
745
745
745
746
746
746
746
747
747
747
747
-1
748
748
748
-1
749
749
749
-1
-1
-1
-1
750
750
750
751
751
751
752
752
752
752
753
753
753
753
753
753
753
754
754
754
754
755
755
755
755
755
756
756
756
756
756
756
756
757
757
757
758
758
758
758
758
758
759
759
759
759
759
759
759
-1
760
760
760
-1
761
761
761
762
762
762
762
763
763
763
763
763
763
763
764
764
764
764
764
764
764
764
765
765
765
765
766
766
766
766
766
766
767
767
767
767
768
768
768
768
768
768
768
769
769
769
769
769
769
769
770
770
770
770
770
770
770
771
771
771
771
771
771
771
772
772
772
772
772
772
772
-1
-1
773
773
-1
-1
774
774
-1
775
775
775
-1
-1
776
776
-1
777
777
777
778
778
778
779
779
779
779
779
779
-1
780
780
780
-1
781
781
781
-1
-1
782
782
782
-1
783
783
783
-1
784
784
784
-1
785
785
785
-1
786
786
786
787
787
787
787
787
787
787
-1
788
788
788
-1
789
775
775
790
790
791
791
791
791
792
792
792
792
793
793
793
793
794
794
794
794
795
795
795
795
796
796
796
796
796
-1
797
797
797
797
798
798
798
799
799
799
799
800
800
800
800
801
801
801
801
802
802
802
802
802
803
803
803
803
804
804
804
805
805
805
-1
806
806
806
807
807
807
808
808
808
809
809
809
809
810
810
810
810
-1
811
811
811
812
812
812
813
813
813
813
813
814
814
814
815
815
815
815
816
816
816
816
817
460
460
460
818
818
818
818
818
819
819
819
819
820
820
820
820
821
821
821
821
-1
822
822
822
-1
823
823
823
824
824
824
824
825
824
824
824
-1
826
826
826
827
827
827
828
828
828
828
828
829
829
829
829
830
830
830
830
831
831
831
831
832
832
832
832
832
832
832
832
833
833
833
833
833
833
833
834
834
834
835
835
835
835
836
836
836
836
837
837
837
837
838
838
838
838
839
839
839
265
265
265
265
840
840
840
840
840
840
840
841
841
841
841
842
842
842
842
842
842
843
843
843
843
843
843
844
844
844
844
844
845
845
845
845
845
845
-1
846
846
846
-1
-1
-1
-1
-1
847
847
847
847
847
-1
848
848
848
849
849
849
849
849
849
849
850
850
850
850
850
-1
851
851
851
-1
-1
852
852
-1
853
853
853
854
854
854
854
-1
-1
855
855
855
-1
856
856
856
857
857
857
857
857
857
857
-1
858
858
858
859
859
859
859
859
-1
860
860
860
861
861
861
861
861
-1
862
862
862
-1
863
863
863
864
864
864
864
864
864
864
865
865
865
865
865
865
865
865
866
866
866
866
866
866
866
-1
867
867
867
-1
868
868
-1
869
869
869
870
870
870
870
870
870
870
871
871
871
871
871
871
871
872
872
872
872
872
872
873
873
873
873
873
873
-1
874
874
874
874
874
874
874
875
875
875
876
876
876
877
877
877
877
877
878
878
878
878
878
878
878
879
879
879
879
880
880
880
880
880
881
881
881
881
881
881
881
882
882
882
882
883
883
883
883
884
884
884
884
885
885
885
885
885
886
886
886
886
886
886
886
887
887
887
888
888
888
889
889
889
889
889
889
889
890
890
890
890
890
890
891
891
891
891
891
891
892
892
892
-1
893
893
893
-1
894
894
894
895
895
895
895
895
895
896
896
896
896
896
897
897
897
897
898
898
898
898
898
898
-1
-1
899
899
899
900
900
900
900
900
900
901
901
901
901
901
901
902
902
902
902
902
902
902
-1
903
903
903
904
904
904
904
904
904
-1
905
905
905
906
906
906
906
-1
907
907
907
908
908
908
908
908
908
-1
909
909
909
-1
910
910
910
-1
911
911
911
912
912
912
912
912
912
-1
913
913
913
914
914
914
914
914
915
915
915
915
915
916
916
916
916
917
917
917
917
917
917
917
918
918
918
918
-1
919
919
-1
920
920
920
921
921
921
921
921
921
921
922
922
922
923
923
923
-1
924
924
924
925
925
925
925
926
926
926
-1
927
927
927
928
928
928
928
928
928
928
929
929
929
929
929
929
929
930
930
930
930
931
931
931
931
931
931
932
932
932
932
-1
933
933
933
-1
934
934
934
935
935
935
936
936
936
937
937
938
938
938
938
938
938
938
-1
-1
939
939
940
844
941
941
-1
942
942
942
-1
943
943
943
-1
944
944
944
945
945
945
945
945
945
946
946
946
946
946
946
946
947
947
947
947
947
947
947
948
948
948
948
948
949
949
949
949
949
949
950
950
950
950
950
950
950
-1
951
951
951
-1
-1
952
952
-1
-1
953
953
-1
954
954
954
955
955
955
955
-1
956
956
956
957
957
957
957
957
957
957
957
-1
958
958
958
959
959
959
959
959
959
-1
960
960
960
-1
-1
961
961
-1
962
962
962
-1
963
963
963
-1
831
831
964
964
964
964
964
964
965
965
965
965
965
966
966
966
966
967
967
968
968
968
968
968
968
968
969
969
969
969
969
969
969
-1
970
970
970
-1
971
971
971
972
972
972
972
973
973
973
973
973
-1
-1
974
974
-1
-1
975
975
-1
976
976
976
977
977
977
977
977
-1
978
978
978
-1
979
979
979
980
980
980
980
980
980
-1
981
981
981
-1
-1
982
982
-1
-1
983
983
-1
-1
984
984
985
985
985
985
985
985
985
986
986
986
986
-1
987
987
987
988
988
988
988
988
989
989
989
989
989
989
990
990
990
990
991
991
991
991
992
992
992
992
992
993
993
993
993
994
994
994
994
994
994
995
995
995
995
995
995
995
996
996
996
996
996
996
996
997
997
997
997
997
997
998
998
998
998
998
998
998
-1
999
999
999
-1
1000
1000
1000
-1
1001
1001
1001
1002
1002
1002
1002
1002
1002
-1
1003
1003
1003
-1
1004
1004
1004
-1
1005
1005
1005
1006
1006
1006
1006
1007
1007
1007
1007
-1
1008
1008
1008
1009
1009
1009
1009
1009
1009
1009
1010
1010
1010
1010
1010
1010
1011
1011
1011
1011
1011
1011
1011
1012
1012
1012
1012
1012
-1
1013
1013
1013
1014
1014
1014
1014
1014
1014
1014
-1
1015
1015
1015
-1
1016
1016
1016
1017
1017
1017
1017
1018
1018
1018
1018
1018
1018
1019
1019
1019
1020
1020
1020
1020
1021
898
898
898
898
898
-1
1022
1022
1022
-1
-1
-1
726
726
-1
-1
1023
1023
-1
-1
1024
1024
-1
1025
1025
1026
1026
1026
1026
1027
1027
1028
1028
1028
1028
1028
1029
1029
1029
1029
1029
1029
1029
1030
1030
1030
1030
1030
1030
1031
1031
1031
1031
1031
1031
1031
1032
1032
1032
1032
1032
1033
1033
1033
1033
1034
1034
1034
1034
1034
1034
1034
1035
1035
1035
1035
1035
1036
1036
1036
1036
1036
1036
1037
1037
1037
1037
1037
1037
1037
1038
1038
1038
1038
1039
1039
1039
1039
1039
1039
1039
1040
1040
1040
1040
1041
1041
1041
1041
1042
1042
1042
1042
1043
1043
1043
1043
1044
1044
-1
1045
1045
1045
1045
1046
1046
1046
1046
1047
1047
1047
1047
1047
1047
1047
1048
1048
1048
1048
1048
1048
1048
1049
1049
1049
1050
1050
1050
1051
1051
1051
1051
1052
1052
1052
1052
1052
1053
1053
1053
1053
1054
1054
1054
-1
1055
1055
1055
1055
1055
-1
1056
1056
1056
1056
1056
1056
1057
1057
1057
1057
1058
1058
1058
1058
1059
1059
1059
1059
1059
1059
1059
1060
1060
1060
1060
1061
1061
1061
1061
1062
1062
1062
1062
1063
1063
1063
1063
1063
1063
1064
1064
1064
1064
1064
1064
1064
1065
1065
1065
1065
1066
1066
1066
1066
-1
1067
1067
1067
1067
1067
1068
1068
1068
1068
1068
1068
1069
1069
1069
1070
1070
1070
1070
1070
1070
1071
1071
1071
1071
1072
1072
1072
1072
1073
1073
1073
-1
1074
1074
1074
1074
1074
1074
1074
1074
1075
1075
1075
1075
1075
1076
1076
1076
1076
-1
1077
1077
1077
1077
1078
1078
1078
1078
1078
1079
1079
1079
1079
1079
1079
1079
1079
1080
1080
1080
1080
1081
1081
1081
1081
1082
1082
1082
1083
1083
1083
1083
1084
1084
1084
-1
1085
1085
1085
-1
1086
1086
1086
-1
1087
1087
983
1088
1088
1089
1089
1089
1089
1089
1089
1089
1090
1090
1091
1091
1092
1092
1092
1092
1093
1093
1093
1093
1093
1094
1094
1094
