0
0
0
0
-1
1
1
1
-1
2
2
2
-1
3
3
3
-1
4
4
4
-1
5
5
5
-1
6
6
6
-1
7
7
-1
8
8
8
9
9
9
9
10
10
10
10
-1
11
11
11
11
11
12
12
13
13
14
14
14
14
15
15
15
15
16
16
16
16
17
17
17
17
18
18
18
18
18
-1
19
19
19
20
20
20
20
21
21
22
22
22
22
23
23
23
23
23
23
23
-1
24
24
24
25
25
25
25
25
25
26
26
26
26
26
26
27
27
27
-1
28
28
28
28
29
29
29
29
29
29
29
30
30
30
30
30
30
-1
31
31
31
-1
32
32
32
-1
33
33
33
-1
34
34
34
-1
2056
-1
-1
35
35
35
-1
36
36
36
-1
37
37
37
-1
38
38
38
-1
39
39
39
40
40
40
40
41
41
41
41
-1
42
42
42
43
43
43
43
44
44
44
44
-1
45
45
45
-1
46
46
46
-1
47
47
47
48
48
48
48
49
49
49
49
50
50
50
50
50
50
50
51
51
51
51
51
51
51
51
-1
52
52
52
53
53
53
53
53
53
53
-1
54
54
-1
-1
55
55
55
-1
56
56
56
57
57
57
57
-1
58
58
58
59
59
59
60
61
61
54
-1
62
62
1767
101
-1
63
63
63
-1
64
64
64
-1
65
65
65
-1
66
66
66
-1
60
60
60
-1
67
67
67
68
68
68
68
69
69
69
69
70
70
70
70
70
71
71
71
71
72
72
73
73
73
73
73
73
73
74
74
74
74
-1
75
75
75
-1
76
76
76
-1
77
77
77
78
78
78
78
78
78
78
79
79
79
80
80
80
80
-1
81
81
81
-1
82
82
82
83
83
83
83
83
83
83
84
84
84
84
85
85
85
85
85
85
86
86
86
86
86
86
87
87
87
87
87
87
87
88
88
88
89
89
90
90
90
90
91
91
91
91
92
92
92
92
92
92
93
93
93
93
94
94
94
94
94
94
95
95
96
96
96
96
96
97
97
97
97
98
98
99
99
99
99
99
99
99
100
100
100
100
100
100
-1
101
101
101
102
102
102
102
102
102
102
102
103
103
103
103
103
103
103
-1
104
104
104
105
105
105
105
106
106
106
106
106
106
106
107
107
107
107
108
108
108
109
109
109
109
109
109
109
110
110
110
110
111
111
111
111
111
111
111
112
112
112
112
112
112
112
113
113
113
114
114
114
114
114
-1
115
115
115
-1
116
116
116
117
117
117
117
117
117
117
118
118
118
118
118
1624
119
119
119
119
120
120
120
120
121
121
121
121
122
122
122
122
122
123
123
123
123
123
123
123
124
124
124
124
124
124
124
125
125
125
125
125
125
125
125
126
126
126
126
126
126
127
127
127
127
127
-1
128
128
128
-1
129
129
130
130
130
130
131
131
131
131
132
132
132
132
132
133
133
133
133
133
133
133
134
134
134
134
134
134
134
135
135
135
135
135
135
-1
136
136
136
137
137
138
138
139
139
139
547
-1
140
140
140
140
141
141
141
141
141
141
-1
142
142
142
142
143
143
143
143
143
143
143
144
144
144
145
145
145
146
146
-1
147
147
147
147
148
148
148
148
149
149
149
149
150
150
150
150
151
151
151
151
151
151
151
152
152
152
153
153
153
153
154
154
154
154
155
155
155
155
155
155
155
156
156
156
156
156
157
157
157
157
157
157
158
158
158
159
80
80
80
160
160
160
160
161
161
161
161
162
162
162
162
163
163
163
163
163
163
164
164
164
164
165
165
165
-1
166
166
166
167
167
167
167
168
168
168
168
169
169
169
169
170
170
170
170
171
171
171
171
171
172
172
172
172
173
173
173
173
174
174
174
175
175
175
175
175
175
175
175
176
176
176
176
177
177
177
177
178
178
178
178
179
179
179
179
179
179
179
180
180
180
180
181
181
181
181
181
181
181
182
182
182
182
182
182
182
183
183
183
183
184
184
184
184
-1
-1
185
185
186
186
186
186
186
186
187
187
187
187
188
188
188
189
189
189
189
189
189
189
190
190
191
191
191
191
191
192
192
192
192
192
192
192
193
193
193
193
194
194
194
195
195
195
195
195
-1
-1
-1
196
196
196
-1
197
197
197
-1
198
198
198
-1
199
199
199
200
200
201
201
201
201
201
201
201
202
202
202
202
203
203
204
204
204
204
204
-1
205
205
205
-1
206
206
206
-1
-1
-1
-1
-1
-1
207
207
207
208
208
208
208
208
208
208
208
-1
-1
209
209
209
-1
210
210
210
211
211
211
211
-1
212
212
212
213
213
213
-1
214
214
214
215
215
215
215
-1
216
216
216
217
217
217
217
217
218
218
218
219
219
-1
220
220
220
-1
221
221
221
222
222
222
222
223
223
223
223
223
223
223
224
224
224
225
225
225
225
225
225
226
226
226
226
226
-1
227
227
227
-1
-1
228
228
-1
229
229
229
230
230
230
230
230
-1
231
231
231
-1
232
232
232
233
233
233
233
-1
234
234
234
-1
235
235
235
-1
236
236
236
237
237
237
237
237
237
237
238
238
238
238
238
238
238
239
239
239
239
239
239
239
240
240
240
240
240
240
240
241
241
241
241
241
241
241
242
242
242
242
242
243
243
243
243
243
243
244
244
244
244
245
245
245
246
246
246
246
247
247
247
247
247
248
248
248
248
249
249
249
249
250
250
250
251
251
251
251
252
252
252
252
252
252
252
253
253
253
253
253
253
253
254
254
254
254
254
255
255
255
255
255
255
255
-1
256
256
256
257
257
257
257
258
258
258
259
259
259
260
260
260
-1
261
261
261
-1
262
262
262
-1
263
263
263
-1
264
264
264
-1
265
265
265
266
266
266
266
-1
267
267
267
268
268
268
268
268
268
268
269
269
269
269
270
270
270
270
271
271
271
271
271
271
271
271
-1
272
272
207
273
273
273
273
274
274
274
274
274
274
274
275
275
275
275
275
275
275
275
276
276
276
276
276
276
-1
277
277
277
-1
278
278
278
279
279
279
-1
280
280
280
-1
281
281
281
-1
282
282
282
282
282
282
282
283
283
283
283
284
284
285
285
285
285
285
285
285
285
286
286
286
286
286
286
287
-1
288
288
288
-1
289
289
289
-1
290
290
290
291
291
292
292
292
293
293
294
294
294
294
294
294
294
295
295
295
295
295
296
296
296
296
296
297
297
297
297
297
297
297
298
298
298
298
298
299
299
299
299
299
299
300
300
300
300
301
301
301
301
301
-1
-1
302
302
303
303
303
303
303
304
304
304
304
304
304
304
304
305
305
305
305
306
306
306
306
307
307
307
307
308
308
308
308
308
308
308
-1
-1
-1
-1
-1
-1
-1
309
309
309
309
310
310
310
310
311
311
311
311
311
311
312
312
312
312
312
312
312
313
313
313
313
314
314
314
314
315
315
315
315
316
316
316
317
317
317
317
318
318
318
318
319
319
319
319
320
320
320
321
321
321
-1
322
322
322
-1
-1
-1
323
323
323
323
-1
324
324
324
325
325
325
326
326
326
326
326
326
326
327
327
327
328
328
328
329
329
329
329
329
329
330
330
330
330
-1
331
331
331
-1
332
332
332
-1
333
333
333
-1
334
334
334
335
335
335
335
335
335
335
336
336
336
336
336
336
337
337
337
337
338
338
338
338
339
339
-1
340
340
340
341
341
341
341
342
342
342
342
343
343
343
343
343
343
343
344
344
344
344
344
344
345
345
345
345
345
346
346
346
346
347
347
347
347
348
348
348
348
348
348
348
349
349
349
349
349
349
349
350
350
350
350
350
350
350
351
351
351
351
351
-1
352
352
352
352
352
353
353
353
354
354
354
354
354
354
355
355
355
355
355
355
355
356
356
356
356
357
357
357
357
358
358
358
358
359
359
359
359
360
360
360
361
361
361
361
361
361
362
362
362
362
362
362
363
363
363
363
364
364
364
365
365
365
-1
366
366
366
-1
367
367
367
368
368
368
368
368
368
-1
369
369
369
370
370
370
370
370
370
370
370
371
371
371
371
372
372
372
372
373
373
373
373
373
373
373
374
374
374
374
375
375
375
375
375
375
375
376
376
376
376
376
376
-1
377
377
377
378
378
378
-1
379
379
379
-1
380
380
380
381
381
381
381
-1
382
382
382
383
383
383
383
384
384
384
384
384
384
384
385
385
385
385
385
385
386
386
386
386
386
386
386
387
387
387
387
387
387
387
387
388
388
388
389
389
389
389
389
389
389
390
390
390
390
-1
391
391
391
-1
392
392
392
-1
393
393
393
-1
394
394
394
-1
395
395
395
396
396
396
396
397
397
397
-1
398
398
398
399
399
399
400
400
400
400
400
400
400
401
401
401
401
402
402
403
403
403
403
403
403
404
404
404
404
404
405
405
406
406
406
406
406
406
406
407
407
407
407
407
407
407
408
408
408
408
408
408
408
409
409
409
409
409
409
-1
410
410
35
-1
411
411
411
-1
412
412
412
413
413
413
413
414
414
414
414
414
414
414
415
415
415
415
416
416
416
416
416
417
417
417
417
417
-1
418
418
418
418
418
418
418
419
419
419
420
420
420
420
420
420
420
421
421
421
421
421
422
422
422
422
422
422
-1
423
423
423
-1
424
424
424
-1
425
425
425
426
426
426
426
426
426
426
427
427
427
427
427
427
427
428
428
428
428
428
429
429
429
429
430
430
430
430
431
431
431
431
-1
432
432
432
-1
433
433
-1
434
434
434
435
435
435
436
436
436
436
436
436
436
-1
437
437
437
438
438
438
438
438
438
439
439
439
439
440
440
441
441
441
441
441
441
441
442
442
442
443
443
443
443
443
443
444
444
444
444
444
-1
445
445
445
-1
446
446
446
447
306
306
306
448
448
448
448
449
449
449
449
450
450
450
451
451
451
452
452
452
452
453
453
453
453
454
454
454
455
455
455
455
456
456
456
456
-1
457
457
457
458
458
458
459
459
459
459
-1
460
460
460
461
461
461
461
461
461
461
462
462
462
462
462
462
462
462
-1
463
463
463
-1
464
464
464
465
465
465
465
465
465
465
465
466
466
-1
467
467
468
468
468
469
469
469
470
470
470
-1
471
471
471
-1
472
472
472
473
473
473
473
-1
-1
474
474
-1
-1
475
475
-1
476
476
476
-1
477
477
477
-1
478
478
478
-1
479
480
480
-1
481
481
481
-1
482
482
-1
483
483
483
484
484
484
484
484
484
484
-1
-1
485
485
-1
486
486
486
487
488
488
-1
-1
489
489
490
490
490
490
490
-1
491
491
491
-1
492
492
492
493
493
493
493
493
493
-1
494
494
494
-1
-1
495
495
496
69
69
69
497
294
294
294
294
294
294
-1
498
498
498
499
500
500
500
-1
501
501
501
-1
502
502
502
-1
503
503
503
-1
-1
504
504
505
505
505
505
505
506
506
506
506
506
506
506
506
507
507
507
507
508
508
508
508
508
509
509
509
509
509
509
509
509
-1
-1
510
510
510
510
510
510
511
511
511
512
512
512
513
513
513
513
514
514
514
514
514
515
515
515
515
515
516
516
516
516
516
516
516
516
517
517
517
517
518
518
518
519
519
519
519
520
520
520
520
521
521
521
9
-1
522
522
522
523
523
523
524
524
524
524
525
525
525
526
526
527
527
527
527
527
527
528
528
528
528
529
529
529
529
529
530
530
530
530
530
530
530
-1
531
531
531
532
533
533
533
534
534
534
534
535
535
535
535
535
-1
536
536
536
-1
537
537
537
-1
538
538
538
-1
539
539
539
539
-1
540
540
540
541
541
541
541
-1
542
542
542
543
543
543
543
544
544
544
-1
545
545
545
-1
546
546
547
547
547
139
139
548
548
548
548
-1
549
549
549
550
550
550
550
550
550
550
551
551
551
551
-1
552
552
552
-1
553
553
554
554
554
554
555
555
556
556
556
556
556
556
556
556
557
557
557
557
558
558
558
558
558
558
559
559
559
559
559
559
559
-1
560
560
560
560
560
-1
-1
561
561
562
562
562
562
562
562
562
562
563
563
563
563
-1
-1
-1
-1
564
564
564
565
565
565
565
565
565
565
-1
566
566
566
-1
-1
-1
567
2290
568
568
-1
-1
569
569
-1
-1
570
570
571
571
571
571
571
572
572
572
572
572
572
572
573
573
573
573
573
573
573
574
574
574
574
574
574
575
575
575
575
575
575
575
576
576
576
576
577
577
577
-1
578
578
578
-1
579
579
579
580
580
581
581
581
581
581
581
581
581
582
582
582
582
583
583
583
583
583
583
583
583
584
584
584
584
584
584
584
585
585
585
585
585
585
585
586
586
586
586
586
586
586
587
587
587
587
588
588
588
588
588
588
588
589
589
589
589
590
591
591
591
592
592
593
593
593
593
594
594
594
594
594
594
594
-1
595
595
595
-1
596
596
596
597
597
597
597
597
597
598
598
598
598
598
598
598
-1
599
599
599
600
601
601
601
602
603
603
603
604
604
604
604
604
604
605
605
605
605
605
605
605
606
606
606
606
607
607
607
607
607
607
607
608
608
608
608
608
608
-1
609
609
609
610
610
610
610
610
-1
611
611
611
-1
612
612
612
-1
-1
613
613
613
614
614
614
614
614
615
29
29
29
29
29
29
-1
-1
-1
-1
-1
616
616
616
617
617
617
618
618
618
618
-1
619
619
619
620
620
620
620
620
620
620
162
162
621
621
622
622
622
622
622
622
622
623
623
623
623
623
623
624
624
624
624
-1
625
625
625
626
626
626
627
627
627
627
628
628
628
628
-1
629
629
629
-1
-1
630
630
-1
-1
631
631
-1
632
632
632
-1
633
633
633
-1
634
634
634
635
636
636
636
637
637
637
637
637
637
637
638
638
638
638
638
639
639
639
639
639
639
-1
640
640
640
641
641
641
641
641
642
642
642
642
642
643
644
644
645
645
646
646
646
646
646
646
646
647
647
647
647
647
647
647
648
-1
-1
649
649
649
649
-1
650
650
650
-1
651
651
651
-1
652
652
652
-1
653
653
653
-1
654
654
-1
655
655
655
-1
656
656
656
-1
-1
657
657
-1
658
658
659
659
659
659
659
660
660
660
661
661
661
662
662
662
-1
663
663
663
664
664
664
664
664
664
665
665
665
665
665
665
665
-1
666
666
666
-1
667
667
667
-1
668
668
668
-1
669
669
669
670
670
670
670
670
670
671
671
671
671
671
671
672
672
672
672
672
672
672
672
673
673
673
673
673
673
673
674
674
674
674
674
674
674
675
675
675
675
675
675
675
675
676
676
676
676
676
676
-1
677
677
677
-1
678
678
678
-1
679
679
679
-1
680
680
680
-1
681
681
681
682
682
682
682
683
684
684
684
685
685
685
685
685
685
685
-1
-1
686
686
686
-1
687
687
687
-1
688
688
688
-1
689
689
689
690
690
691
690
692
-1
-1
2441
693
693
-1
1812
-1
694
694
694
-1
695
695
695
-1
696
696
80
697
697
697
697
697
698
698
698
698
699
699
699
699
699
699
699
700
700
700
700
701
701
701
701
702
702
702
702
702
702
702
703
703
703
703
703
703
703
704
704
704
704
704
705
705
705
705
706
706
706
706
707
707
707
707
708
708
708
708
708
708
709
709
709
710
710
710
710
711
711
711
711
711
712
712
712
712
713
713
713
713
714
714
714
714
715
715
715
715
716
716
716
716
717
717
717
717
718
718
718
718
719
719
719
720
720
720
720
721
721
721
721
722
722
722
722
723
723
723
723
723
723
723
724
724
724
724
724
724
724
725
725
725
725
725
726
726
726
727
727
727
727
728
728
728
729
729
729
729
729
730
730
730
730
730
731
731
731
731
731
731
731
732
732
732
732
733
733
733
733
733
733
733
734
734
734
734
734
734
734
735
735
735
735
735
735
735
736
736
736
736
736
736
736
736
737
737
737
737
737
737
738
738
738
738
739
739
739
739
739
739
739
740
740
740
740
740
740
740
741
741
741
741
742
742
742
743
743
743
744
744
744
744
744
744
745
745
745
745
746
746
746
746
747
747
747
747
748
748
748
748
749
749
749
749
750
750
750
750
751
751
751
751
752
752
752
752
753
753
753
753
754
754
754
754
755
755
755
755
755
755
756
756
756
756
757
757
757
757
757
757
757
758
758
758
758
758
759
759
759
759
760
760
760
760
760
760
760
760
761
761
761
761
761
761
761
762
762
762
762
762
762
762
762
763
763
763
763
764
764
764
764
764
765
765
765
765
765
765
765
766
766
766
767
767
767
767
768
768
768
768
768
768
768
769
769
769
769
770
770
770
770
770
770
771
771
771
771
771
772
772
772
772
772
773
773
773
773
773
773
773
774
774
774
774
775
775
775
775
775
776
776
776
776
776
776
776
777
777
777
777
778
778
779
779
779
779
779
-1
780
780
780
1102
781
781
781
782
782
783
783
783
783
783
784
784
784
784
785
785
785
785
786
786
786
786
786
786
786
787
787
787
787
787
787
787
787
-1
788
788
788
789
789
789
789
789
789
790
661
791
791
792
792
792
792
792
792
-1
793
793
793
794
794
794
794
794
794
794
795
795
795
795
795
796
796
796
797
797
797
798
798
798
798
798
798
798
799
799
799
799
799
799
799
800
800
800
800
800
800
800
801
801
801
801
801
801
802
802
802
803
803
803
804
804
804
804
805
805
805
805
805
805
-1
806
806
806
807
807
807
807
807
807
807
808
808
808
808
809
-1
810
810
810
-1
811
811
811
812
812
812
812
-1
813
813
813
814
814
814
815
815
815
815
815
815
815
816
816
816
816
817
817
817
817
-1
818
818
818
819
819
819
819
819
-1
820
820
820
-1
821
821
821
-1
822
822
822
823
823
823
824
824
825
825
826
826
826
826
827
827
827
827
827
827
828
828
828
828
828
828
828
829
829
829
829
829
829
829
830
830
830
830
830
830
-1
-1
-1
-1
831
831
831
-1
832
832
832
-1
833
833
518
-1
834
834
834
-1
835
835
835
-1
836
836
836
-1
837
837
837
838
838
838
838
838
839
839
839
839
839
839
839
840
840
840
840
840
840
841
841
841
841
841
841
841
842
842
842
842
842
843
843
843
843
843
843
-1
844
844
844
845
845
845
845
845
845
845
846
846
846
-1
847
847
847
-1
848
848
848
849
849
849
849
850
850
851
851
851
851
852
852
852
852
852
852
852
853
853
853
854
854
854
854
854
854
854
855
855
855
855
855
855
856
856
856
856
856
856
856
857
857
857
857
857
858
858
858
858
858
858
858
859
860
860
861
861
861
861
861
861
862
862
862
862
862
862
862
-1
863
863
863
864
864
864
864
864
864
864
-1
865
865
865
865
866
866
866
867
867
867
867
867
867
867
868
72
72
72
72
-1
869
869
869
870
870
870
870
870
870
870
-1
871
871
871
872
873
873
873
874
874
874
-1
875
875
875
875
875
875
875
-1
876
876
876
877
877
877
878
878
878
878
878
878
878
878
-1
879
879
879
-1
880
880
881
881
881
881
881
881
882
882
882
882
882
883
882
884
884
884
884
884
884
885
885
885
-1
886
886
886
-1
887
887
887
-1
888
888
888
889
889
889
889
889
-1
890
890
212
-1
891
891
891
-1
892
892
892
-1
893
893
893
-1
894
894
894
-1
895
895
895
-1
896
896
896
-1
897
897
897
-1
898
898
898
899
900
900
900
-1
901
901
901
-1
902
902
902
-1
903
903
903
-1
904
904
904
905
905
905
905
-1
906
906
906
906
907
907
907
907
907
907
907
908
70
-1
909
909
909
910
910
910
910
910
910
910
-1
911
911
911
912
912
-1
913
913
913
914
914
914
915
915
915
915
915
915
915
916
916
916
917
917
917
-1
918
918
918
918
919
919
919
920
920
920
921
921
921
921
921
921
921
922
922
922
922
922
923
923
923
923
923
923
923
-1
899
899
899
924
924
924
924
924
924
924
925
925
925
925
925
925
926
926
926
926
927
927
927
927
-1
928
928
928
-1
929
929
929
930
930
930
931
931
931
931
931
931
931
-1
932
932
932
933
933
933
933
934
934
934
934
-1
935
935
935
936
936
936
937
937
937
938
938
938
938
938
938
938
939
939
939
939
939
939
940
940
940
940
941
941
941
941
-1
942
942
942
-1
943
943
943
944
944
944
944
-1
945
945
945
-1
946
946
946
947
947
948
948
948
948
948
948
948
-1
949
949
949
-1
950
950
950
951
951
951
951
-1
952
952
952
-1
953
953
953
954
955
955
955
-1
-1
956
957
957
957
957
957
957
957
958
958
958
958
958
958
958
-1
959
959
959
-1
960
960
960
-1
961
961
961
-1
962
962
962
-1
-1
963
963
964
767
965
-1
966
966
966
967
967
967
967
968
968
968
968
968
968
968
-1
1182
-1
-1
969
75
-1
970
970
970
971
313
313
313
972
972
972
972
972
972
972
973
973
973
973
974
974
974
974
975
975
975
975
976
976
976
976
976
976
976
977
977
977
977
977
977
977
977
978
978
978
978
-1
979
979
979
980
980
980
980
980
980
980
981
981
981
981
981
981
981
982
982
982
982
982
982
982
983
983
983
983
984
984
984
984
985
985
985
985
986
986
986
879
987
987
987
987
987
987
987
988
988
988
988
989
989
989
989
990
990
990
990
991
991
991
991
992
992
992
992
992
992
992
993
856
856
856
856
856
856
994
994
994
995
995
995
995
996
996
996
996
996
996
996
997
997
997
997
998
998
998
998
998
-1
999
999
999
-1
1000
1000
1000
1001
1001
1001
1002
1002
1002
1002
1002
1002
1003
1003
1003
1003
-1
1004
1004
1004
1005
1005
1005
1005
-1
1006
1006
1006
-1
1007
1007
1007
-1
590
590
590
-1
1008
1008
1008
-1
1009
1009
1009
-1
1010
1010
1010
1011
1011
1011
1011
1011
1011
-1
1012
1012
1012
-1
-1
1013
1013
1014
1014
1014
1014
1014
-1
1015
1015
1015
1015
1016
1016
1016
1016
1017
1017
1017
1017
1017
1017
1017
1017
1018
1018
1018
1018
1018
1018
1018
1019
1019
1019
1019
1019
1019
1019
1020
1020
1020
1020
1020
1020
1020
1021
1021
1021
1021
1022
1022
1022
1022
1023
1023
1024
1024
1024
1024
1024
2654
1025
1025
1025
1026
1026
1026
1026
1027
1027
1027
1027
1028
1028
1028
1028
1028
1028
1029
1029
1030
1030
1030
1031
1031
1031
1031
1031
1031
1031
1032
1032
1032
1032
1033
1033
1033
1033
1034
1034
1034
1034
1035
1035
1035
1035
1036
1036
1036
1036
1037
1037
1037
1037
1038
1038
1038
1038
-1
-1
1039
1039
1039
1039
1039
-1
1040
1040
1041
1041
1041
1041
1042
1042
1043
1043
1043
1043
1043
1044
1044
1044
1044
1045
1045
1045
1045
1045
1045
-1
1046
1046
1046
1047
1047
1047
1047
1048
1048
1048
-1
1049
1049
1050
1050
1050
1050
1050
1050
1050
1051
1051
1051
-1
1052
1052
197
-1
1053
1053
1053
1054
1054
1054
1054
1054
1054
-1
1055
1055
1055
1056
1056
1056
1056
1056
1057
1057
1057
1057
1057
1057
1057
1058
1058
1058
1058
1058
1058
1059
1059
1059
1059
1060
1060
1060
1060
1060
1060
1061
1061
1061
1061
1062
1062
1062
1062
1063
1063
1063
1063
1064
1064
1064
1064
1064
1064
1064
1065
1065
1065
1065
1065
1065
1065
1066
287
287
287
-1
1067
1067
1067
1067
1068
1068
1068
1068
1068
1068
-1
-1
1069
1069
-1
-1
1070
1070
1071
1071
1071
1071
1071
1071
1072
1072
1072
1072
1072
1073
1073
1073
1073
1074
1074
1074
1074
1074
-1
1075
1075
1075
-1
1076
533
532
-1
1077
1077
1077
-1
1078
-1
1079
697
697
697
697
-1
1080
1080
1080
-1
1081
1081
1081
1082
1082
1082
1082
1082
1082
1082
1082
1083
1083
1083
1083
1083
1083
1083
1084
1084
1084
1084
1084
1084
-1
1085
1085
1085
-1
1086
1086
1086
1087
1087
1087
1087
1087
1087
1087
1088
1088
1088
1088
1088
1088
1088
1089
1089
1089
1089
1089
1089
1089
1090
1090
1090
1090
1090
1090
1090
1091
1091
1091
1091
1091
1091
1091
1092
1092
1092
1092
1092
1093
1093
1093
1093
1093
-1
1094
1094
1094
1095
1095
1095
1096
1096
1096
1096
1096
-1
1097
1097
1097
1097
1097
1097
1097
1098
1098
1098
1099
1099
1099
1099
1099
1099
1099
1100
1100
1100
1100
1100
1100
-1
1101
1101
1101
1102
1102
1102
1102
1102
1103
1103
1103
-1
1104
1104
1104
1105
1105
1105
1105
1105
-1
1106
1106
1106
1107
1107
1107
1107
1107
1107
1107
-1
1108
-1
1109
1109
1109
1109
1109
1109
1109
1110
1110
1110
1110
1110
1110
1110
1111
1111
1111
1111
1111
1111
1111
1112
1112
1112
1112
1112
1112
-1
1117
1113
1113
-1
1114
1114
1114
1115
1115
1115
1115
1115
1115
1115
-1
-1
-1
1116
1116
2522
-1
1117
1118
1118
1118
-1
1119
1119
1119
1120
1120
1120
1120
1121
1121
1121
1121
1122
1122
1122
1122
1123
1123
1123
1123
1124
1124
1124
1124
1124
1124
1124
1125
1125
1125
1125
1125
1125
1125
1126
1126
1126
1127
1127
1127
1128
1128
1128
1129
1129
1129
1129
1130
1130
1130
1130
1130
1130
1130
1131
1131
1131
1131
1132
1132
1132
216
1133
1133
1133
1133
1134
1134
1134
1134
1135
1135
1135
1135
1135
1135
1135
1136
1136
1136
1136
1136
1136
1136
1137
1137
1137
1137
1138
1138
1138
1138
1138
1138
1138
-1
1139
1139
1139
1139
1139
1139
1140
1140
1140
1140
1141
1142
1142
1142
1143
1143
1143
1143
1143
1144
1144
1144
-1
1145
1145
485
1146
1146
1146
1147
1147
1147
1147
1147
1147
1147
1148
1148
1148
1148
1148
1148
1148
-1
1149
1149
1149
-1
1150
1150
1150
1151
1151
1151
1151
1151
1151
1151
1152
1152
1152
1152
1152
1153
1153
1153
1153
1153
1153
1153
-1
1154
1154
1154
1155
1155
1155
1156
1156
1156
1156
1156
1157
1157
1157
1157
1157
1157
1157
-1
1158
1158
1159
1159
1159
1160
1160
1160
1160
1161
1161
1161
1161
1161
1161
1161
1162
1162
1162
1163
1163
1163
1163
1164
1164
1164
1164
1164
1164
1165
1165
1166
1166
1166
1167
1167
1168
1168
1168
1168
1169
-1
1170
1170
1170
499
1171
500
1172
1173
1173
-1
1174
1174
1174
1175
1175
1175
1175
1175
1175
1175
-1
1176
1176
1176
-1
1177
1177
1177
1178
1178
1178
1178
1178
1178
1178
1179
1179
1179
1179
1179
1179
1179
1180
1180
1180
1180
1180
1180
1180
1180
-1
1181
1181
1181
-1
1182
1182
1182
1183
1183
1183
1183
1184
1184
1184
1184
1184
1184
1185
1185
1185
1185
1185
1185
1185
1186
1186
1186
1186
1186
1186
1186
1187
1188
1188
1188
1189
1189
1189
1189
1189
1189
1189
1190
1190
1190
1190
1190
-1
1191
1191
1191
1191
1191
1192
1192
1192
1192
1192
1192
1192
1193
1193
1193
1193
1193
1193
1194
1194
1194
1194
1194
1194
1194
1195
1195
1195
1195
1195
1195
1195
1196
1196
1196
1196
1197
1197
1197
1197
-1
1198
1198
1198
1199
1199
1199
1199
1199
1199
1200
1200
1200
1200
1200
1200
1200
1201
1202
1202
1202
-1
-1
1203
1203
-1
-1
1204
1204
-1
1205
1205
1205
-1
1206
1206
1207
1207
1207
1207
1207
1207
1208
1208
1208
1208
1208
1208
1208
-1
2000
1209
1209
1210
1210
1210
1210
1210
1210
1211
1211
1211
1211
1211
1212
1212
1212
1212
1212
-1
1213
1213
1213
1214
1214
1214
1214
1214
1215
1216
1216
1216
-1
-1
1217
1217
-1
-1
1218
1218
-1
-1
1219
1219
1220
1220
1220
1220
1220
1221
1221
1221
1221
1222
1222
-1
-1
1223
1223
-1
1224
1224
1224
1225
1225
1225
1225
1225
1225
1225
1226
1226
1226
1226
1226
1226
1226
1227
1227
1227
1227
1227
1227
1227
1228
1228
1228
1228
1228
1228
1228
-1
1229
1229
-1
-1
1230
333
1231
1231
1231
1231
1231
1231
1231
-1
1232
1232
1232
-1
1233
1233
-1
2265
1234
1234
1235
1235
1235
1235
1235
1235
1235
1236
1236
1236
1236
1236
1237
1237
1237
1237
1237
1237
1238
1238
1238
1238
1238
1238
-1
1239
1239
1239
-1
1240
1240
1240
1240
1240
1240
1240
1241
1241
1241
1241
1241
1241
1241
1242
1242
1242
1242
-1
1243
1243
1243
1244
1244
1245
1245
1245
1245
1245
1245
1245
1246
1246
1246
1246
1247
1247
1247
1247
1248
1248
1248
1248
1248
-1
1249
1249
1249
1250
1250
1250
1250
1250
1250
1250
-1
1251
1251
1251
-1
1252
1252
1252
1253
1253
1253
1254
1254
1254
1255
1255
1255
1255
1255
1255
1255
1255
1256
1256
1256
1256
1256
-1
1257
1257
1257
1258
1258
1258
1258
1258
1258
1258
-1
1259
1259
1259
-1
965
965
965
-1
1260
1260
1260
1261
1261
1261
1261
1262
1262
1262
-1
-1
-1
1263
1263
1263
-1
1264
1264
393
1265
1265
1265
1265
1266
1266
1266
1266
1267
1267
1267
1267
1268
1268
1268
1268
1269
1269
1269
1269
1269
1269
1269
1270
1270
1270
1270
1270
1270
1270
1271
1271
1271
1271
1271
1271
1271
1272
1272
1272
1272
1272
1272
-1
1273
1273
1273
1274
1274
1274
1274
1275
1275
1275
1275
1275
1276
1276
1276
1276
1277
859
859
859
-1
-1
-1
-1
-1
1278
1278
1278
1279
1279
1279
1279
1280
1280
1280
1280
1281
1281
1281
1281
1281
1282
1282
1282
1282
1283
1283
1283
1283
1283
1284
1284
1284
1284
1284
1284
1285
1285
1285
1285
1285
1285
1285
1286
1286
1286
1286
1286
1286
1286
1287
1287
1287
1287
-1
1288
1288
1288
1289
1289
1289
1289
1289
1290
1290
1291
1291
1291
-1
1292
1292
1292
1293
1293
1293
1293
1294
1294
1294
1294
1294
1294
1294
1295
683
683
683
-1
1296
1296
1296
1297
1297
1297
1297
-1
1298
1298
1298
-1
1299
1299
1299
1300
1300
1300
-1
-1
1301
1301
1301
1301
1302
1302
-1
1303
1303
1303
1304
1304
1304
1304
1304
1305
1305
1305
1305
-1
1306
1306
1306
-1
1307
1307
1307
-1
-1
2499
-1
1308
1308
1308
1308
1309
1309
1309
1309
1310
1310
1310
1310
1311
1311
1311
1311
1311
1311
1311
1312
1312
1312
1312
1312
1312
1313
1313
1313
1313
1314
1314
1273
1273
1315
582
582
582
1316
1316
1316
1316
1316
1316
1316
1317
1317
1317
1317
1317
1317
1317
1318
1318
1318
1318
1318
1319
1319
1319
1319
1320
1320
1320
1320
-1
1321
1321
1321
1321
1321
1321
1321
1322
1322
1322
1322
1322
1323
1323
1323
1323
1323
1323
1324
1324
1324
1324
1324
-1
1325
1325
-1
170
170
170
1326
1326
1326
1326
1326
1326
1326
1326
1327
1327
1327
1327
1327
1327
1327
1328
1328
1328
1328
1328
1328
-1
1329
1310
1310
-1
1330
1330
1330
1331
1331
1331
1331
1332
1332
1332
1332
-1
1333
1333
1333
1333
1333
1333
1333
1334
1334
1334
1334
1335
1335
1335
1335
1335
1335
1336
1336
1336
1336
1337
1337
1337
1337
1338
1338
1338
1338
1338
1338
1338
-1
1339
1339
1339
-1
1340
1340
1340
1341
1341
1341
1341
1341
1341
1341
1342
1342
1342
1342
1342
1342
1343
1343
1343
1343
1343
1343
1344
1344
1344
1344
1345
1346
1346
1347
1347
1347
1347
1348
1348
1348
1348
1348
1348
1348
1349
1349
1349
1349
-1
1350
1350
1350
1350
1351
1351
1351
-1
-1
1352
1352
-1
1353
1353
1353
1354
1354
1354
1355
1355
1355
1355
1356
1356
1356
1356
1356
-1
1357
1357
1357
1358
1358
1358
1359
1359
1359
1359
1360
1360
1360
1360
1360
1360
1361
1361
1361
1361
1361
1361
1361
1362
1362
1362
1362
1362
1362
1363
1363
500
500
1364
1364
1365
1365
1365
1365
1365
1366
1366
1366
1366
1366
1366
1367
1367
1367
1367
1367
1367
1367
1368
1368
1368
1368
-1
1369
1369
1369
-1
1370
1370
1370
1371
1371
1371
1371
1371
1371
1372
1372
1372
1372
1372
1372
1372
1373
1373
1373
804
1374
1374
1374
1374
1374
1374
1374
-1
1375
1375
1375
1376
1376
1376
1376
1376
1376
1376
1377
1377
1377
1377
1377
1377
1378
-1
-1
-1
1379
1379
1379
1379
1380
1380
1380
1380
1381
1381
1381
1381
1381
1382
1382
1382
1382
1382
1383
1383
1383
1383
1383
1383
1383
-1
1384
1384
1384
-1
1385
1385
1385
1386
1386
1386
1386
1386
1387
1387
1387
872
872
872
-1
1388
1388
1388
-1
1389
1389
1389
1390
1390
1390
-1
1391
1391
1391
1392
1392
1392
1392
1392
1392
1392
1393
1393
1393
1393
1393
1393
1393
1394
1394
1394
1394
-1
1395
1395
1395
-1
1396
1396
1396
1397
1397
1397
1397
1397
1397
1398
1398
1398
1398
1399
1399
1399
1399
1399
1399
1400
1400
1400
1400
1400
1400
1400
1401
1401
1401
1401
1401
1401
1402
1402
1402
1402
1402
1402
1402
1402
1403
1403
1403
1403
1404
1404
1404
1404
1404
-1
1405
1405
1405
-1
1406
1406
1406
-1
1407
1407
1407
1408
1408
1408
1408
1409
1409
1409
1409
1410
1410
1410
1410
1411
1411
1411
1411
1411
1412
1412
1412
1412
1412
1412
1412
-1
1413
1413
1413
-1
1414
1414
1414
1415
1415
1415
1415
1416
1416
1416
1416
1416
1416
1416
-1
-1
1417
1417
1417
1418
1418
1418
1418
1418
1418
1418
-1
1419
1419
1419
-1
1420
1420
1420
-1
1421
1421
1421
-1
1422
1422
1422
1423
1423
1423
1423
1424
1424
1424
1424
1424
1424
1424
-1
1425
1425
1425
1425
1425
1425
1426
1426
1426
1426
1426
1427
1427
676
676
676
676
1428
1428
1428
1428
1428
1428
1428
-1
1429
1429
1429
1430
1430
1430
1430
1431
1431
1431
487
487
1432
1432
1432
1432
1432
-1
-1
1433
1433
-1
-1
1434
1434
1434
-1
1435
1314
1273
-1
1436
833
833
-1
1437
1437
714
-1
1438
1438
5
-1
1439
1439
1439
1440
1440
1440
1440
1440
-1
735
735
735
735
735
735
-1
-1
1441
1441
1224
-1
1442
1442
1442
1443
1443
1443
1443
1443
1444
1444
1444
1445
1445
1445
1446
1446
1446
1446
1446
1446
1446
-1
1447
1447
1447
-1
1187
1187
1187
1448
1448
1448
1448
1448
1448
1448
1449
306
306
306
1450
1450
1451
1451
1451
1451
1451
1451
1451
1452
1452
1452
1452
1452
1452
1452
-1
1453
1453
1453
1454
1454
1454
1454
1454
1454
-1
1455
1455
1455
-1
1456
1456
1456
-1
1457
1457
1457
-1
1458
1458
1458
-1
1459
1459
1459
-1
1460
1460
1460
1461
1461
1461
1461
1461
1461
1461
1461
1462
1462
1462
1462
1462
1462
1462
-1
1463
1463
1463
-1
1464
1464
1464
1465
1465
1465
1465
1465
1466
1466
1467
1467
1467
1467
1467
-1
602
602
602
1468
1468
1468
1468
1468
1468
1468
-1
-1
-1
1901
-1
-1
1469
1469
1469
-1
1470
1470
1470
1471
1471
1471
1471
1471
1471
1471
1471
-1
1472
1472
1472
1473
1473
1473
1473
1474
1474
1474
1474
1474
1474
1474
1475
1475
1475
1475
1475
1475
1476
1476
1476
1476
1476
1477
1478
1478
1478
1478
1479
1479
1479
1479
-1
1480
1480
1480
-1
1481
1481
1481
-1
1482
1482
1482
1482
1482
1483
1483
1483
1483
1484
1484
1484
1484
1485
1485
1485
1485
1486
1486
1486
1487
1487
1487
1488
1488
1488
1488
1489
1489
1489
1489
-1
-1
1490
1490
1490
1490
1491
1491
1491
1491
1492
1492
1492
1493
1494
1494
1494
1495
1495
1495
1495
1496
1496
-1
1497
1497
1497
1498
1498
1498
1498
1498
1498
1498
1499
1499
1499
1500
1500
1500
-1
1501
1501
1501
1502
1502
1502
1502
1502
1502
1502
-1
-1
1503
1503
-1
-1
1504
1504
-1
-1
1505
1505
1506
1506
1506
1506
1506
1507
1507
1507
1507
1508
1508
1508
1508
1509
1509
1509
1509
1510
1510
1510
1510
1510
1510
1511
1511
1511
1511
1511
1512
1512
1512
1512
1512
1512
1512
1513
1513
1513
1513
1514
1514
1514
1514
1514
1514
1514
1515
1515
1515
1515
1515
1515
1515
1516
1516
1516
1517
1517
1517
1517
1517
1517
1517
1518
1518
1518
1518
1519
1520
1520
1520
1520
-1
1521
1521
1521
1522
1522
1522
1522
1523
1523
1523
1523
1523
1523
1524
1524
1524
1524
1525
1525
1525
1525
1526
1526
1526
1526
1527
1527
1527
398
1528
1528
1528
1528
1529
1478
1478
1478
1530
1530
1530
1530
1530
1531
1531
1531
961
1532
1532
1532
1532
1533
1533
1533
1533
1534
1534
1534
1534
1535
1535
1535
1535
1535
1535
1535
1535
1536
1536
1536
1536
1536
1536
1536
-1
1537
1537
1537
1538
700
700
700
1539
1539
1539
1539
1539
1539
1540
1540
1540
1540
1540
1540
1540
1541
1541
1541
1541
1541
1541
1541
-1
1542
1542
1542
1543
1543
1543
1543
1543
1543
-1
1544
1544
1544
-1
1545
1546
1546
1547
1547
1547
1547
1547
1548
1548
1548
1548
1548
1548
1548
-1
-1
1549
1549
-1
1550
1550
1550
-1
1551
1551
1551
-1
1552
1552
1552
1553
1553
1553
1553
1553
1553
1553
-1
1554
1554
1554
-1
1555
1555
1555
-1
-1
1556
1556
-1
1557
1557
1557
1558
1558
1558
1558
-1
1559
1559
1559
-1
1560
1560
1560
1561
1561
1561
1561
1562
1562
1562
1562
1562
1562
1562
1563
1563
1563
1563
1563
-1
1564
1564
1564
1565
1565
1565
1565
1566
1566
1566
1566
1566
1566
1567
1567
1567
1567
1567
1567
1567
1567
-1
1568
1568
1568
-1
1569
1569
1569
1570
1570
1570
1570
1570
1570
-1
1571
1571
1571
-1
1572
1572
1572
1572
1573
1573
1573
1574
1574
1574
1574
1575
1575
1575
1575
1576
1576
1576
1576
1577
1577
1577
1577
1578
1578
1578
1578
1579
1579
1579
1579
1580
1580
1580
1580
1581
1581
1581
1581
1581
1581
1582
1582
1582
1582
1582
1582
1582
1583
1583
1583
1583
1583
1583
1584
1584
1584
1584
1585
1585
1585
1585
1586
1586
1586
1586
1587
1587
1587
1587
1587
1587
1587
1588
1588
1588
1588
1588
1588
1588
1589
1589
1589
1589
1589
-1
1590
1590
1590
1590
1590
1590
1590
1590
1591
1591
1591
1591
1592
1592
1592
1592
1593
1593
1594
1594
1594
1594
1595
1595
1595
1595
1595
1595
1595
1596
1596
1596
1596
1597
1597
1597
1597
1597
1598
1598
1598
1598
1599
1599
1599
1599
1600
1600
1600
1601
1601
1601
1601
1602
1602
1603
1603
1603
1603
-1
1647
-1
643
1604
1604
1604
229
1605
1605
1605
1605
1606
1607
1607
1608
1608
1608
1608
1609
1609
1609
1609
1609
1609
1610
1610
1610
1610
1610
-1
-1
-1
1611
1611
1611
1611
1611
1611
1611
1612
1612
1612
1612
1612
1612
1612
1613
1613
1613
1613
1613
1613
1613
1614
1614
1614
1614
1615
1615
1615
1615
1615
1615
1615
1615
1616
1608
1608
1608
1617
1617
1617
1617
1617
1617
1617
1618
1618
1618
1618
1618
1618
1618
-1
-1
904
904
-1
1619
1619
1619
1620
1620
1620
1620
1620
1620
1620
-1
1621
1621
1621
1621
1621
1622
1622
1622
1622
1622
1622
1622
-1
1623
1623
1623
1624
1624
1624
1624
1624
1624
1624
1625
1625
1625
1625
1625
1625
1626
1626
1627
1627
1627
1627
1627
1627
-1
1628
1628
1628
1629
1629
1629
1630
1631
1631
1631
-1
1632
1632
1633
1633
1633
-1
-1
1634
1634
1634
1635
1635
1635
1635
1635
1635
-1
1636
1636
1636
-1
-1
1637
975
-1
1638
1638
1638
-1
1639
1639
1639
1640
1640
1640
1640
1640
1640
1640
-1
1641
1641
1642
1642
1642
1642
1643
1643
1643
1643
1643
1643
1644
1644
1644
1644
-1
1645
1645
1645
1646
1646
1646
1646
1646
1647
1647
1647
1647
-1
1648
1648
1648
-1
1649
1649
1649
1650
1650
1650
1650
1650
1650
1650
-1
-1
1651
1651
1651
-1
-1
1652
1652
-1
1653
1653
1653
1654
1654
1654
1654
1654
1654
1654
-1
1655
1655
1655
-1
1656
1656
1656
1656
1656
1656
1656
-1
1657
1657
1657
1658
1658
1659
1659
1660
1661
1661
1661
1662
1662
1662
1662
1662
1663
1663
1663
1663
1664
1664
1664
1664
1665
1665
-1
1666
1666
1666
1667
1667
1667
1668
1668
1668
1668
1668
1669
1669
1669
1669
1669
1669
1670
1670
1670
1670
1670
1670
1671
1671
1671
1671
1671
1671
1672
1672
1672
1672
1673
1673
1673
1673
1674
1674
1674
1674
1675
1675
1675
1675
1676
1676
1676
1676
1677
1677
1677
1678
1678
1678
1678
1678
1678
1678
1678
1679
1679
1679
1679
1680
1680
1680
1680
1681
1681
1681
1681
1681
1681
1681
1682
1682
1682
1682
1682
1682
1683
1683
1684
1684
1684
1684
1685
1685
2597
1686
1686
1686
1687
1687
1687
1687
1688
1688
1688
1688
1689
1689
1689
1689
1690
1690
1691
1691
1691
-1
1692
1692
1692
1692
1692
1692
1692
1693
1693
1693
1693
1694
1694
1694
1695
1695
1695
1695
1695
1695
1695
1696
1696
1696
1696
1696
1696
1696
1697
1697
1697
42
-1
1698
1698
1698
1699
1699
1699
-1
1700
1700
1700
1701
1701
1701
1701
1701
1701
-1
1702
1702
1702
1703
1703
1703
1703
1703
1704
1704
1704
1704
1705
1705
1705
1705
1705
1706
1706
1707
1707
1707
1707
1708
1708
1708
1708
1708
1708
1708
1709
1709
1709
1709
1709
1709
1709
1710
1711
1711
1711
-1
1712
1712
1712
1713
1713
1713
-1
1714
1714
1714
1714
-1
1715
1715
1715
-1
1716
1716
1716
-1
1717
1717
1717
1718
449
449
449
1719
1719
1719
1719
1719
1719
1719
1720
1720
1720
1720
-1
1721
1721
1721
-1
372
372
372
1722
1722
1722
1722
1723
1723
1723
1723
1723
1723
1723
1724
1724
1724
1724
1724
1724
1725
1725
1725
1725
1725
1725
1725
-1
1726
1726
1726
-1
1727
1727
1727
-1
1728
1728
1728
-1
1729
1729
1729
-1
1730
1730
1730
1731
1731
1732
1732
1732
1733
1733
1733
1733
1733
1733
1733
1734
1734
1734
1734
1734
1734
1734
-1
1735
1735
1735
1736
1736
1736
1736
1736
1736
1736
1736
-1
1737
1737
1737
-1
1738
1738
1738
-1
1739
1739
1739
1740
1740
1740
1740
1740
1740
1740
1741
1741
1741
1741
1741
1741
1742
1742
1742
-1
1743
1743
1743
-1
1744
1744
1744
1745
1745
1745
1745
1745
1745
1745
1746
1746
1746
1746
1747
1748
1748
313
1749
1749
1749
1749
-1
1750
1750
1750
1751
1751
1751
1751
1751
1751
1752
1752
1752
1752
1752
1752
1752
1753
1753
1753
1753
1753
1753
1753
1754
1754
1754
1754
1754
1754
1754
-1
-1
-1
1755
-1
1756
1756
1756
-1
1757
1757
1757
-1
1758
1758
1758
1759
1759
1759
1759
-1
1760
1760
1760
1761
1761
1761
1761
1761
1761
1762
1762
1762
1762
1762
1762
1762
1763
1763
1763
1763
1763
1763
1763
-1
1764
1764
1764
1765
1765
-1
1766
1767
1767
1768
1768
1768
1768
1769
1769
1769
1769
-1
1770
1770
1771
1771
1771
1771
1772
1772
1772
1772
1772
1772
1773
1773
1773
1773
1773
1773
1774
1774
1774
1774
1775
1775
1776
1776
1776
1776
1776
1776
1776
1776
1777
1777
1778
1778
1778
1778
1779
1779
1779
1779
1780
1780
1780
1780
1781
1781
1781
1781
1782
1782
1782
1782
1782
1782
1782
1783
1783
1783
1783
1784
1784
1784
1784
1785
1785
1785
1785
1785
1785
1785
1786
1786
1786
1786
1786
1787
1787
1787
1787
1788
1788
1788
1788
1788
1788
1789
1789
1789
1789
1789
1789
1789
1789
1790
1790
1790
1790
-1
1791
1791
1791
1791
1792
1792
1792
1792
1793
1793
1793
1793
1794
1794
1794
1795
1795
1795
1795
1796
1796
1796
1796
1797
1797
1797
1797
1798
1798
398
398
1799
1799
1799
1799
1800
1800
1800
1800
1800
1800
1800
1800
1801
1801
1801
1801
1801
1801
1801
1801
1802
1802
1802
1802
1802
1802
1802
1802
1803
1803
1803
1803
1803
1803
1804
1804
1804
1804
1804
1804
1804
1805
1805
1805
1805
1806
1806
1806
1806
1806
1806
1807
1807
1807
1808
1808
1808
1808
1808
1808
1809
1809
1809
1809
1809
1809
1810
1810
1810
1810
1810
1810
1810
1811
1811
1811
1811
1811
1811
1811
1812
539
539
539
1813
1813
1813
1813
1814
1814
1814
1814
1814
1814
1814
1815
1815
1816
1816
1816
1816
1817
1817
1817
1817
1818
1818
1818
1818
1818
1818
1818
1819
1819
1819
1819
1820
1820
1820
1820
1821
1821
1821
1715
1822
1822
1822
1822
-1
1823
1823
1823
-1
1824
1824
1824
-1
1825
1825
1825
-1
1826
1826
956
-1
-1
-1
-1
1827
1827
1827
1828
1828
1828
1829
1829
1829
1829
-1
-1
-1
-1
1830
1830
1770
-1
1831
1831
1831
1832
1832
1832
1832
1833
1833
1833
1833
1833
1833
1833
-1
-1
1834
1834
1834
1835
1835
1835
1835
1835
1835
1835
1836
1836
1836
1836
1837
1837
1837
1837
1837
1838
1838
1838
1838
1838
1838
1838
1839
1839
1839
1839
1840
1840
1840
1840
1841
1841
1841
1841
-1
1842
1842
1842
1843
1843
1843
1843
1844
1844
1844
1844
1845
1845
1845
1846
1846
1846
1846
1846
1846
1847
1847
1847
1847
1847
1847
1847
-1
1848
1848
1848
1849
1849
1849
1849
1849
1849
1849
1849
1850
1850
1850
1850
-1
1851
1851
1851
1852
1852
1852
1852
1853
1853
1853
1853
1853
1854
1854
1496
1496
1855
1855
1855
1855
1856
1856
1856
1856
1856
1856
1857
1857
1857
1857
-1
1858
1858
1470
-1
1859
1859
1859
1860
1860
1860
1860
1861
1861
1861
1861
1862
1862
1862
1862
1863
1863
1863
1863
1863
1863
1863
1863
1864
1864
1864
1864
1864
1865
1865
1865
1865
1865
1865
1865
1866
1866
1866
1866
1867
1867
1867
1867
1867
1867
1867
1868
1868
1868
1868
1868
1868
1868
1868
1869
1869
1869
1869
1870
1870
1870
1870
1871
1871
1871
1871
1871
1872
1872
1872
1872
1873
1873
1873
1873
1873
1873
1873
1874
1874
1874
1874
1875
1875
1875
1875
1875
1875
1876
1876
1876
1876
1877
1877
1877
1877
1877
1877
1877
1878
1878
1878
1878
1878
1878
1878
1879
1879
1879
1879
1879
1879
1879
1880
1880
1880
1880
1880
1880
1881
1881
1881
-1
1882
1882
1882
1883
1883
1883
1883
1883
1884
1884
1884
1884
1884
1884
1884
1885
1885
1885
1886
1886
1886
1887
1887
1887
1887
1887
1887
1887
1888
1888
1888
1888
1888
1888
1888
-1
1889
1889
1889
1890
1890
1890
1890
1890
1890
1891
1891
1891
1891
1891
1891
1891
-1
-1
1892
1892
-1
-1
1893
1893
1894
1895
1895
1896
1896
1896
1896
1896
1896
1896
-1
1897
1897
1897
-1
1898
1898
1898
-1
-1
1899
60
-1
-1
-1
1900
1900
1900
1901
1901
1901
-1
1902
1902
1902
-1
1903
1903
1903
1904
1904
1904
1904
1904
1904
1904
1905
1905
1905
1905
1905
1905
1905
-1
-1
1906
1906
-1
-1
1907
1907
-1
-1
1908
1908
1909
1909
1909
1909
1910
1910
1910
1910
1910
1910
1910
1910
1911
1911
1911
1911
1912
1912
1912
1912
1912
-1
1913
1913
1913
1914
1914
1914
1915
1915
1915
1915
1915
1915
1916
1916
1916
1916
1916
1916
1916
1917
1917
1917
1917
1917
1917
1917
1918
1918
1919
1919
1919
1919
1919
1920
1920
1920
1920
1921
1922
1922
1922
-1
1923
1923
1923
1924
1924
1924
1924
1924
1924
1924
1925
1925
1274
1274
1926
1926
1926
1926
1926
1926
1926
-1
1927
1927
1927
-1
-1
1928
1928
1928
1929
1929
1929
1929
1929
1929
1929
-1
1930
1930
1930
-1
1931
1931
1931
-1
1932
1932
1932
-1
1933
1933
1933
1934
1315
1302
1302
1935
1936
1936
1936
-1
1937
1937
1937
1938
1938
1938
1938
1938
1938
-1
1939
1939
1939
1940
1940
1940
1940
1940
1940
1940
-1
1941
1941
1941
-1
1942
1942
1942
-1
1943
1903
1903
1944
1945
1945
1945
1946
1946
1947
1947
1947
1947
1947
1947
1947
1948
1948
1948
1948
1948
1948
1948
1949
1949
1949
1949
1950
1950
1950
1950
1951
1951
1951
1951
1952
1952
1952
1952
1953
1953
1953
1953
1954
1954
1954
1954
1955
1955
1955
1955
1955
1955
1955
1956
1956
1956
1956
1957
1957
1957
1957
1958
1958
1958
1958
1959
1959
1959
1959
1959
-1
1960
1960
1960
1960
1961
1961
1961
1962
1894
1894
1894
1963
1963
1963
1963
1964
1964
1964
1964
-1
1965
1965
1966
1966
1966
1966
1966
1966
1966
1966
1967
1967
1967
1967
1967
1968
1968
1968
1968
1968
1968
1968
1969
1969
1969
1969
1970
1970
1970
1970
-1
-1
1971
1971
1120
1120
1120
-1
1972
1769
1769
-1
1973
479
479
-1
1974
1974
1974
1975
1975
1975
1975
1975
1975
1975
1976
1976
1976
1977
1977
1977
1977
1977
1977
1977
-1
1978
1978
540
1979
1979
1979
1980
1980
1980
1981
1981
1981
1981
1982
1982
1982
1982
-1
1983
1983
1983
-1
1984
1984
1984
-1
1985
1985
1985
1986
1986
1986
1986
1987
1987
1987
1988
1988
1988
1988
1988
1989
1989
1989
1990
1990
1990
1991
1991
1991
1991
1992
1992
1992
1992
1993
1047
1047
1047
1994
1994
1994
1994
1994
1994
1994
1995
1995
1995
1995
1995
1995
1996
1996
1996
1996
1996
1996
1997
1997
1997
1997
1997
1998
1998
1998
1998
1998
-1
1999
1999
1999
2000
2001
2001
2001
2002
1519
1519
1519
2003
2003
2003
2003
2004
2004
2004
2004
-1
2005
2005
2005
2006
2006
2006
2006
-1
2007
1769
1769
-1
2008
2008
2008
-1
2009
2009
2009
2010
2010
2010
2010
-1
2011
2011
2011
-1
2012
2012
2012
2013
2013
2013
2013
2014
2013
2013
2013
-1
2015
2015
2015
-1
2016
2016
2016
2017
2017
2017
2018
2018
2018
2018
2018
2019
2019
2019
2019
2019
2019
-1
2020
571
571
571
571
-1
2021
2021
2021
2022
2022
2022
2022
2022
2022
2023
2023
2023
2023
2023
2023
2024
2024
2024
1623
2025
2025
2025
2025
2026
2026
2026
2026
2026
2026
2027
648
648
648
2028
2028
2028
2028
-1
2029
1370
1370
2030
2030
2030
2030
2031
2031
2031
2031
-1
2032
2032
2032
2033
2033
2033
2033
2034
2034
2034
2034
2035
2035
2035
2035
2035
2035
2035
2036
2036
2036
2036
2036
2036
2036
2036
2037
2037
2037
2037
2037
2037
2037
2038
2038
2038
2038
2038
2039
2039
2039
2039
2039
2039
2039
2040
2040
2040
2041
2041
2041
2041
2042
2042
2042
2042
2042
2043
2043
2043
2043
2044
2044
2044
2044
2045
2045
2045
2045
2046
2046
2046
2046
2047
2047
2047
475
2048
2048
2048
2048
-1
2049
2049
2049
574
574
574
574
2050
2050
2050
2051
2051
2051
2051
2051
2051
2051
2051
2052
2052
2052
2052
2053
2053
2053
2053
2053
2053
2053
2054
1821
1821
1821
2055
2055
2055
2056
2056
2056
2056
2057
2057
2057
2057
2058
2058
2058
2058
2058
2058
2059
2059
2059
2059
2059
-1
2060
2060
2060
-1
2061
2061
2061
2062
2062
2062
2062
2062
2063
2063
2063
2063
2063
2063
2063
2064
2064
2064
2064
2064
2064
-1
2065
2065
2065
-1
2066
2066
1848
2067
2067
2067
2067
2067
2068
2068
2069
2069
2069
2069
2069
2069
-1
936
936
-1
2070
2070
2070
-1
-1
-1
-1
-1
-1
2071
2071
2071
2072
2072
27
27
27
2073
2073
2073
2073
2074
2074
2074
2074
2074
2074
2074
2075
2075
2075
2075
2075
-1
2076
2076
2076
2077
2077
2077
2077
2077
2077
2077
-1
-1
2078
2078
2079
2079
2079
2079
2079
-1
2080
2080
2080
-1
-1
2081
2081
-1
2082
2082
2082
-1
2083
2083
2083
-1
2084
2084
2084
2085
2085
2085
2085
2085
2086
2086
2086
2086
2087
2087
2087
2087
2087
2087
2088
2088
2088
2088
2088
2088
2088
2089
2089
2089
2089
2089
2089
2089
-1
2090
2090
2090
-1
2091
2091
2091
-1
-1
2092
2092
2092
-1
2093
2093
2093
-1
2094
2094
2094
-1
2095
2095
2095
-1
2096
2096
2096
-1
-1
-1
-1
2097
2097
2097
2097
2097
2097
2097
2098
2098
2098
2098
2098
2098
2098
2099
2099
2099
2099
2099
-1
2100
2100
2100
-1
2101
2101
2101
2102
2102
2102
2102
2102
-1
2103
2103
-1
-1
540
540
-1
2104
2104
1769
2105
2105
2105
2105
2105
-1
2106
2106
2106
2107
2107
2107
2107
-1
2108
2108
2108
2109
2109
2109
2109
2109
2109
2109
2110
2110
-1
2111
2111
2111
2112
2112
2112
2112
2112
2112
2112
2113
2113
2113
2113
2113
2113
2113
2113
2114
2114
2114
2114
2114
2114
2114
2115
2115
2116
2116
2116
-1
2117
2117
2117
-1
2118
2118
2118
-1
2119
2119
-1
2120
2120
2120
2121
2122
2122
1579
2123
2123
2123
2123
2123
2123
2123
2124
2124
2124
2124
2124
2124
2124
2125
2125
2125
2125
2125
2125
2126
2126
2126
2126
2126
2126
2127
2127
2127
2127
2127
2127
2127
2128
2128
2128
2128
2128
2128
2128
-1
2129
2129
2129
-1
2130
2130
2130
2131
2131
-1
894
2132
2132
2132
2132
2132
2132
2133
2133
2133
2133
2133
2133
2134
2134
2134
2134
2134
2134
2134
-1
2135
2135
2135
-1
2136
2136
2136
2137
2137
2137
2138
-1
2139
2138
2138
2140
2140
2140
2140
2140
2140
2141
2141
2141
2141
2142
2142
2143
2143
2144
2144
2144
2145
2145
2145
2145
2145
2146
2146
2146
2146
-1
2147
2147
2147
2148
2148
2148
2148
2148
2149
2149
2149
2149
2149
2149
2150
2150
2150
2150
2150
2150
2150
-1
2151
904
904
2152
2152
2152
2152
2153
2153
2153
2154
2154
2154
2154
2154
2154
2154
2155
2155
2155
2155
2156
2156
2156
2156
2156
2156
2156
2157
2157
2158
2158
2158
-1
2159
2159
2160
2160
2161
635
635
635
-1
2162
2162
2162
2163
2163
2163
2163
2164
2164
2164
2164
2164
2165
2165
2165
2165
2165
2166
2166
2166
2166
2166
2166
2166
2167
2167
2167
2167
2167
2167
2167
2168
2168
2168
2168
2169
2169
2169
2169
2169
2169
2169
2169
2170
1774
1774
1774
2171
2171
2171
2171
2172
2172
2172
2172
2173
2173
2173
2173
2173
2173
2173
2174
2174
2174
2174
2174
2174
2174
2175
2175
2175
2175
2176
2176
2176
2176
2176
2177
2177
2177
2177
2177
2177
2177
2178
2178
2178
692
-1
2179
2179
2179
-1
2180
2180
2180
2180
2181
2181
2181
2182
2182
2182
2183
2183
2183
2183
2184
2184
2184
2184
2184
2184
2184
2185
2185
2185
2185
2185
2185
2185
2186
2186
2186
2186
2187
2187
2187
2187
2187
2187
2187
2187
2188
2188
2188
2188
2188
2188
2188
2189
2189
2189
2189
2189
-1
2190
2190
2190
2191
2191
2191
2191
2192
2192
2192
2192
2193
525
525
525
525
525
2194
2194
2194
2194
2194
2194
2195
2195
2195
2195
2195
2195
2196
2196
2196
-1
2197
2197
2197
-1
2198
2198
2198
2199
2199
2199
2199
2199
2199
2200
2200
2200
2200
2200
-1
2201
2201
2201
2202
2202
2202
2202
-1
2203
2203
2203
2204
2204
2204
2204
2204
2204
2205
2205
2205
2205
2205
-1
2206
2206
2206
2206
2206
2206
2206
2207
2207
2207
2207
2207
2207
2207
2207
-1
2208
2208
2208
-1
2209
2209
2209
-1
2210
2210
2210
-1
2211
2211
1748
2212
2212
2212
2212
2212
2212
2213
2213
2213
2213
2213
2214
2214
2214
2214
2214
2214
2215
2215
2215
2215
2215
2215
2215
-1
2216
2216
2216
-1
2217
1827
1827
2218
2218
2218
2218
2218
2218
-1
2219
2219
1928
2220
2220
2220
2220
-1
2221
2221
2221
2222
2223
2223
2223
2224
2224
2224
2224
2225
2226
2226
2226
2227
2227
2227
2227
2227
2227
2227
-1
2228
2228
2228
-1
2229
2229
2229
2229
2230
2230
2230
2230
2231
2231
2231
2231
2231
2232
2232
2232
2232
2232
2232
2232
2233
2233
2233
2233
2233
2233
-1
2234
2234
2234
2235
2235
2235
2235
2236
2237
2237
2046
-1
2238
2238
2238
2239
2239
2239
2239
2239
2239
2240
2240
2240
2240
-1
2241
2241
2241
2242
2242
2242
2242
2242
2243
2243
2243
2243
2244
219
219
219
219
2245
529
529
529
-1
2246
2246
2246
2247
2247
2247
2247
2247
2247
2247
2247
2248
2248
2248
2248
2248
2248
2248
2249
2249
2249
2249
2250
2250
2250
2250
2250
2250
-1
2251
2251
2251
2252
2252
2252
2252
-1
2253
2253
-1
2254
2254
2254
-1
2255
2255
2255
2256
2256
2256
2256
2256
2256
2256
2257
2257
2257
2258
2258
2258
2259
2259
2259
2259
2259
-1
2260
2260
2260
2261
2261
2261
2261
-1
2262
2262
2262
2263
2263
2263
-1
2264
2264
2264
2265
2266
2266
2266
2267
243
243
243
243
243
243
2268
2268
2268
2268
2268
2268
2268
2269
2269
2269
2270
2270
2270
2270
2270
2270
2270
2271
628
628
628
2272
2272
2272
2272
2272
2272
2272
2272
2273
2273
2273
2273
2273
2273
-1
2274
2274
2274
-1
2275
2275
2275
2276
2276
2276
2276
2277
2277
2277
2277
2278
2278
2278
2278
2278
2278
-1
2279
2279
2279
-1
2280
2280
2280
2281
2281
2281
2281
2282
2282
2282
2282
2283
2283
2283
2284
2284
2284
2285
2285
2285
2285
2285
2285
2285
2286
2286
2286
2286
2286
2286
2287
2287
2288
2288
2288
2288
2288
2288
2288
2289
2290
567
2291
2291
2292
2292
2292
2292
2292
2292
2293
2067
2294
2294
-1
2295
2295
2295
-1
2296
2296
2296
-1
2297
2297
2297
-1
2298
2298
2298
2299
2299
2299
2299
2299
2300
2300
2300
2300
2300
2300
2301
287
2302
2302
2302
2303
2303
2303
2303
2303
2303
2303
2304
2304
2304
2304
2304
2304
2304
2305
2305
2305
2305
2305
2305
2305
2306
2306
2306
2306
2306
2307
2307
2307
2307
2307
2307
2308
2308
2308
2308
2308
2308
2308
-1
2309
2309
2309
-1
-1
2310
2310
-1
-1
2209
2209
2311
2311
2311
2311
2311
2311
2311
-1
2312
1172
1172
-1
-1
2313
2313
-1
-1
2314
2314
-1
2315
2315
2315
2316
2316
2316
2316
-1
2317
2317
2317
2318
2318
2318
2318
2318
2318
2318
2318
2319
2319
2319
2319
2319
2319
2319
2320
2320
2320
2320
2320
-1
2321
2321
2321
2322
2322
2322
2322
2322
2323
2323
2323
2323
2323
2323
2324
2324
2324
2324
-1
2325
2325
2325
-1
2326
2327
2327
-1
2328
2328
2328
-1
-1
2329
2329
-1
2330
2330
2330
-1
2331
2034
2034
-1
2034
2034
2332
2332
2332
2332
2332
2332
-1
2333
2333
2333
-1
-1
2334
2334
-1
2335
2335
2335
2336
2336
2336
2336
2336
2337
2337
2337
2337
2338
2338
-1
2339
2339
2339
2339
2339
2339
2339
2340
2340
2341
2341
2341
2341
2341
2341
2341
-1
2342
2342
2342
-1
-1
2343
2343
-1
-1
2344
2344
-1
110
110
110
-1
-1
2345
2345
-1
2346
2346
2346
-1
-1
-1
2347
2347
2347
2347
2347
2347
2347
2348
2348
2348
2348
2348
-1
2349
2349
2349
2349
-1
-1
2350
2350
-1
2351
2351
-1
2352
2352
2352
-1
2353
2353
2354
2354
2354
2354
2354
2355
2175
2175
2175
2356
2356
2356
2356
2356
2356
2356
2357
2357
2357
2357
2357
2357
2357
-1
-1
2358
2358
-1
2359
2359
2359
-1
2360
2360
2360
-1
2361
2361
2361
2362
2362
2362
2362
2363
2363
2363
2363
2363
-1
2364
2364
2364
-1
-1
2365
2365
-1
-1
2366
2366
-1
-1
2367
2367
-1
2368
2368
2368
2369
2369
2369
2369
2369
2369
2370
2370
2370
2370
2370
-1
760
760
760
2371
2371
2371
2372
2373
2373
2373
-1
2079
2079
2079
2079
-1
2374
2374
2374
94
94
94
94
94
-1
2375
2375
2375
-1
2376
2376
2376
2376
2376
2376
2376
2377
2377
2377
2378
2378
2378
-1
2379
2379
2379
-1
2380
2380
2380
-1
2381
2381
2381
2382
2382
2382
2382
2382
2382
2382
-1
2383
2383
2384
2384
2384
2384
2384
2385
2385
2385
2385
2385
2385
2385
2386
2386
2386
2386
2386
2386
-1
2387
2387
2387
-1
-1
2388
2388
2389
2389
2389
2389
2389
2389
2389
-1
2390
2390
2390
-1
-1
2391
2391
-1
-1
2392
2350
-1
2393
2393
2393
-1
2470
2394
2394
2395
2395
2395
2395
2395
2396
2396
2396
2396
2396
2396
2396
-1
2397
2397
2398
2398
2398
2398
2398
2398
2398
-1
2399
2399
2399
2400
20
20
20
-1
-1
-1
2401
2401
2401
2401
2401
2128
2128
-1
2402
2402
2402
2403
2403
2403
2403
2403
2404
2404
2404
2404
2404
2405
2405
2405
2405
-1
2406
2406
2406
2407
2407
2407
2407
2407
2408
2408
2408
2408
2408
2408
2409
2409
2409
2409
2410
2410
2410
2410
2411
2411
2411
2411
2411
2412
2412
2412
2412
2413
2413
2413
2413
2414
2414
2414
2414
2415
2415
2415
2415
2416
2416
2416
2416
2417
2417
2417
2417
2417
2418
2418
2418
2418
2419
2419
2419
2419
2419
2420
2420
2420
2420
2421
2421
2421
2421
2421
-1
2422
2422
2422
2422
2422
2422
2422
-1
-1
2423
2423
-1
-1
2424
2424
2425
2425
2425
2425
2425
2426
-1
2427
2427
2428
2428
2428
2428
2428
2429
2429
2429
2429
2429
2429
2430
2430
2430
2430
2430
2430
2430
2431
2431
2431
399
2432
2432
2432
2432
2432
2432
2433
2433
2433
2433
2433
2433
2434
2434
2434
2434
2434
2434
2434
2435
2435
2435
2435
2435
2435
2435
2436
2436
2436
2436
2436
2436
2437
2437
2437
2437
2437
2437
2437
2438
2045
2045
2045
2439
2440
2440
2440
2441
2442
2442
2442
-1
2443
2443
2443
2444
2444
2444
2444
2444
2444
-1
2445
2445
2445
-1
532
532
532
-1
2446
2446
2446
2447
2447
2447
2447
2448
2448
2448
2449
2449
2449
2449
-1
2450
2450
2450
-1
-1
2451
635
-1
2452
2452
2083
2453
2453
2453
2453
2453
2454
2454
2454
2454
2454
2454
2454
2455
2455
2455
2455
2455
2455
2455
-1
2456
2456
2456
2457
2457
2457
2457
2457
2457
2458
2458
2458
2458
2458
2458
2458
2459
2459
2459
2459
2459
2459
2459
2460
2460
2460
2460
2460
2460
2460
2461
2461
2461
2461
2461
2461
2461
2462
2462
2462
2462
2462
-1
2463
2463
609
2464
2464
2464
2464
2464
2464
-1
2465
2465
2465
2466
2467
2467
2468
2468
2468
2468
2468
2468
2468
-1
2469
2469
2469
2470
2471
2471
2471
-1
2472
2472
2472
2473
2474
2474
2474
2475
1430
1430
1430
2476
2476
2476
2476
-1
1990
916
426
426
426
426
426
426
2477
2477
2477
2477
2477
-1
2478
2478
2478
2479
2479
2479
2480
2480
2480
2480
2481
2481
2481
2481
2481
2481
2482
2482
2482
2482
-1
2483
2483
2483
-1
-1
-1
2484
2484
2484
2484
2484
2484
-1
2485
2485
2486
2486
2486
-1
2487
2487
2487
2487
2487
2487
2488
2488
2488
2488
2488
2488
2488
2489
2489
2489
2489
2489
2489
-1
-1
-1
-1
-1
1770
1770
2490
2491
2492
2492
-1
-1
2493
2493
-1
2494
2494
2495
2495
2495
2495
2496
2496
-1
2497
2497
2497
-1
2498
2498
-1
2499
2499
2499
2499
2500
2500
2500
2500
2500
2501
2501
2501
2501
2501
2501
2501
-1
-1
2502
2129
2129
-1
-1
1958
1958
-1
2503
2503
2503
2504
2504
2504
2504
2504
2504
2504
-1
2505
2505
2505
-1
2506
2506
2506
2506
2506
2506
2507
2507
2507
2507
2507
2507
2507
2508
2508
2508
2508
2508
2509
2509
1183
1183
2510
2510
2510
2511
2511
2511
2511
2511
2511
2511
2512
2512
2512
2512
2512
2512
2512
2513
2438
2438
2438
2514
2514
2514
2514
2515
1356
1356
1356
1356
2516
2516
2516
2516
2516
2516
2516
2516
2517
2517
2517
2517
2517
2517
2518
2518
2518
2518
2518
2518
2518
2519
2519
2519
2519
2520
2520
2520
2520
2521
2521
2521
2521
2522
2522
2522
2522
2523
2523
2523
2523
2523
2523
2523
2524
2524
2524
2524
2525
2525
2525
2525
2526
2526
2526
2526
2527
2527
2527
2527
2528
2528
2528
2528
2529
600
600
600
2530
2530
2530
2530
2531
2531
2531
2531
2531
2531
2531
2532
2532
2532
2532
2532
2532
2532
2533
2533
2533
2533
2534
2534
2534
2534
2535
2535
-1
2536
2536
2536
2536
2537
2537
2537
2537
2538
2538
2538
2538
2539
2539
2539
2539
2540
2540
2540
2540
2540
2541
2541
2541
2541
2541
2541
2541
2542
2542
2542
2542
2542
2542
2542
2543
2543
2543
2543
2543
2543
2544
2544
529
529
529
2545
2545
2545
2545
2545
2545
2545
2546
2546
2546
-1
2547
2547
2547
2547
2547
2547
2547
2547
2548
20
20
20
2549
2549
2549
2549
2549
2549
2549
2550
2550
2550
2551
2551
2551
2552
2552
2553
2553
2553
2553
2554
2554
2554
2555
2555
2555
2555
2555
2555
2555
2556
2556
2556
2556
2557
2557
2557
2557
2557
2558
2558
2558
2558
2558
2559
2559
2559
2559
-1
2016
2016
2560
2560
2560
2560
2561
2561
2561
-1
2562
2562
2563
2563
2563
2563
2563
-1
2564
2564
2564
2564
2564
-1
-1
2565
2565
2565
2566
2566
2566
2566
2566
2566
-1
2567
2567
2567
-1
2568
2568
2568
2569
2569
2569
2569
2569
2569
2570
2570
2570
2570
2570
-1
2571
2571
2571
2571
2572
2572
2572
2572
2573
2573
2573
2573
2573
2573
2573
2574
2574
2574
2574
2575
2575
2575
2575
2576
2576
2576
2576
2577
2577
2577
2577
2578
2578
2578
2578
2579
2579
2579
2579
2579
2579
2579
2580
2580
2580
2580
2580
2580
2580
2581
2581
2581
2581
2581
2581
2582
2582
2582
2582
2582
2582
2582
2583
2583
2583
2583
2584
2584
2584
2584
2585
2585
2585
2585
2586
2586
2586
2586
-1
2587
2587
2587
1520
2588
2588
2588
2588
2588
2589
2589
2589
2589
2589
2589
2590
2590
2590
2590
-1
2591
2591
2591
2592
2592
2592
2593
2593
2593
2593
2593
-1
-1
2594
2594
2594
2595
2595
2595
2595
2596
2596
2596
2596
2596
2596
2597
2597
2597
2597
2598
1772
1772
1772
1772
1772
2599
2599
2599
2599
2600
2600
1990
2601
2601
2601
2601
2602
2602
2602
2602
2602
2602
2602
2603
2604
2604
2604
2604
2604
2604
2604
2604
2605
2605
2605
2605
2605
2605
2606
2606
2606
2606
2606
2607
2607
2607
2607
-1
2608
2608
2608
2608
2608
2608
2608
2609
2609
2609
2609
2610
2610
2610
2611
2611
2611
2611
2612
2612
2612
2612
2613
990
990
2614
2614
2614
2614
2615
2615
2616
1857
1857
1857
2617
2617
2617
2617
2617
2617
2617
2617
2618
2618
2618
2618
2618
-1
2619
2619
2619
2619
2619
2619
2619
2619
2620
2620
2620
2620
2621
2621
2621
2621
2622
2622
2622
2622
-1
2623
2623
2623
2624
2624
2624
2624
2625
2625
2625
2626
1315
1315
1315
2627
2627
2627
2627
2628
2628
2628
2629
2629
2629
2629
-1
2630
2630
2630
2631
2631
2631
2632
2632
2632
2632
2633
2633
2633
2633
-1
-1
-1
2634
2634
2634
2634
2634
2634
2634
2635
2635
2635
2635
-1
2636
2636
2636
-1
2637
2637
2637
2638
2638
-1
2639
2639
2639
2639
2639
2639
2639
2640
2640
2640
2640
2640
2641
2641
2641
2641
2641
-1
2642
2104
2104
2643
2643
2644
2644
2644
2644
2644
-1
2645
2645
2392
2646
2646
2647
2647
2647
2647
2648
2648
2648
2648
2649
2649
2649
206
2650
2650
2650
2650
2650
2650
2650
2651
2651
2651
2651
2652
1658
2653
2653
2654
2654
2654
2654
2655
2655
2655
2655
2655
-1
2656
2656
2656
2656
2656
2656
2656
2657
2235
2235
