-1
0
0
0
-1
1
1
1
-1
2
2
2
-1
3
3
3
4
4
4
4
5
5
5
5
-1
6
6
7
7
7
7
-1
8
8
8
9
9
9
9
10
10
10
10
11
11
11
11
-1
12
12
12
-1
13
13
13
-1
14
14
14
15
15
16
16
16
16
17
17
17
17
17
17
17
-1
18
18
18
18
-1
19
19
19
19
-1
20
20
20
-1
21
21
21
-1
22
22
22
-1
23
23
23
24
24
24
24
25
25
25
26
26
26
26
27
27
27
27
27
28
28
28
28
-1
29
29
29
-1
30
30
30
31
31
31
31
32
32
32
32
-1
33
33
33
34
34
34
34
35
35
35
35
36
36
36
36
37
37
37
37
38
38
38
38
-1
39
39
39
-1
40
40
40
-1
41
41
41
42
42
42
42
42
42
42
43
43
43
43
44
44
44
-1
45
20
20
46
46
46
46
-1
47
47
47
48
48
48
48
49
49
49
49
50
50
24
24
51
51
51
51
52
52
52
52
53
53
53
53
54
54
54
54
55
55
55
55
56
56
56
56
57
57
57
35
58
58
58
58
59
59
59
60
60
49
49
61
61
49
49
62
62
62
62
63
63
63
63
64
64
64
64
-1
65
-1
66
66
66
-1
67
67
67
-1
68
68
68
-1
69
69
70
70
71
71
71
71
72
72
72
72
73
73
73
73
-1
-1
-1
-1
-1
74
74
74
75
75
75
75
76
73
77
73
78
78
78
78
79
79
79
79
80
80
80
80
-1
81
81
81
82
82
82
82
82
82
83
83
83
83
83
83
84
84
84
84
84
84
-1
85
85
85
86
87
87
87
-1
88
88
88
89
89
89
89
89
89
89
90
90
90
90
91
91
91
91
91
91
91
-1
92
92
92
-1
93
93
93
-1
94
94
94
95
95
95
95
95
95
95
95
96
96
97
97
97
97
97
-1
98
98
98
-1
99
99
99
-1
100
100
100
-1
101
101
101
102
102
102
103
103
103
103
103
103
103
104
104
104
104
104
104
104
105
105
105
106
106
106
106
106
106
107
107
107
107
-1
108
108
108
-1
109
110
111
111
111
112
112
112
112
112
112
113
113
113
113
113
-1
-1
114
114
114
115
115
115
115
115
116
117
117
117
118
118
118
118
118
118
118
119
119
119
119
119
119
119
119
120
120
120
120
120
120
120
-1
121
121
121
122
122
122
122
122
-1
123
123
123
124
124
124
124
125
125
125
125
126
126
126
126
127
127
127
127
127
127
127
128
128
128
128
129
129
129
129
130
130
130
130
131
131
132
132
132
132
133
133
133
134
134
134
134
134
134
134
135
135
135
135
135
135
135
135
136
136
136
136
137
137
137
137
138
138
138
138
139
139
139
139
140
140
140
140
140
140
140
141
141
141
141
142
142
142
142
143
143
143
143
144
144
144
144
144
-1
145
145
146
146
146
146
146
146
146
147
147
147
147
147
147
147
148
148
148
-1
149
149
149
150
151
151
151
-1
152
152
152
153
153
153
153
153
154
154
154
154
154
154
155
155
155
155
155
155
155
156
156
156
156
156
-1
157
157
157
-1
158
158
158
158
158
158
159
159
159
159
159
159
159
160
160
160
160
161
161
161
161
162
162
162
162
163
163
163
163
164
164
164
164
165
165
165
165
166
166
166
166
166
166
166
167
167
167
167
168
168
168
168
169
169
169
170
170
170
171
171
171
171
172
172
172
172
172
172
172
172
173
173
173
173
-1
174
174
174
174
174
174
174
-1
175
175
175
-1
176
176
176
176
176
-1
177
177
-1
178
178
178
-1
179
179
179
180
180
180
180
181
181
181
181
181
181
181
182
182
182
182
182
182
-1
183
183
183
-1
184
184
184
185
185
185
185
185
186
186
186
186
186
186
186
-1
-1
187
187
188
188
188
188
188
188
188
-1
189
189
189
190
191
191
191
192
192
192
192
193
193
193
193
-1
-1
194
194
194
-1
195
195
195
196
196
-1
-1
197
197
197
198
198
198
199
199
199
200
200
200
200
200
201
201
201
201
201
-1
202
202
202
-1
203
203
203
-1
204
204
204
-1
205
205
205
-1
-1
206
206
207
207
-1
208
208
-1
209
209
209
-1
210
210
210
211
211
211
211
211
211
211
212
212
212
212
212
212
212
-1
213
213
213
-1
214
214
214
-1
215
215
215
216
216
216
216
216
216
217
217
217
217
217
218
218
218
218
218
219
219
219
219
219
219
219
-1
220
220
220
-1
221
221
221
-1
222
222
222
223
223
223
223
223
223
224
225
225
225
226
226
226
226
226
227
227
227
227
227
-1
228
228
228
-1
229
229
229
-1
-1
230
-1
231
231
-1
232
232
232
-1
233
233
233
-1
234
234
235
235
235
235
235
235
236
236
236
236
236
236
236
236
237
237
237
237
237
237
237
238
238
238
238
238
238
239
239
239
239
239
239
239
240
240
240
240
240
240
241
241
241
241
241
241
-1
242
242
242
243
243
243
243
243
244
244
244
244
245
245
245
-1
246
246
-1
247
247
247
-1
248
248
248
-1
-1
249
249
-1
250
250
250
-1
251
251
251
252
252
252
252
252
252
252
-1
253
253
253
-1
-1
254
254
-1
-1
255
2149
-1
-1
256
256
-1
257
257
257
-1
-1
258
258
259
86
260
117
261
261
261
261
261
261
261
-1
262
262
262
263
264
264
264
-1
265
265
265
-1
266
266
215
-1
110
262
-1
-1
267
267
-1
-1
268
268
-1
269
269
269
270
270
270
270
270
271
271
271
271
271
271
271
272
272
272
272
272
272
-1
273
273
273
274
274
274
274
274
274
274
-1
-1
92
92
275
276
276
276
277
277
277
277
277
277
278
278
278
278
278
278
279
279
279
280
280
280
281
281
281
281
281
281
281
282
282
282
282
282
282
283
283
283
283
-1
-1
284
284
285
286
286
286
-1
-1
287
287
-1
-1
21
21
-1
-1
288
288
-1
-1
289
289
-1
290
290
290
291
292
292
292
-1
293
293
294
294
294
294
294
294
294
294
295
295
295
295
295
295
295
296
296
296
296
296
296
297
297
297
297
297
297
298
298
298
298
298
298
-1
-1
-1
109
109
-1
-1
299
299
-1
300
300
300
-1
275
-1
301
301
301
302
302
302
302
303
303
303
303
303
-1
304
305
305
-1
-1
-1
-1
306
306
306
-1
307
307
307
308
308
308
308
309
309
309
309
309
309
-1
310
310
310
311
311
311
311
311
311
311
312
312
312
312
312
312
312
-1
313
313
313
-1
314
314
314
1436
315
315
316
316
316
316
316
316
316
317
317
317
317
318
318
318
319
319
319
319
319
319
320
320
320
320
320
320
321
321
321
322
322
322
322
322
322
-1
-1
323
323
324
324
325
325
325
325
326
326
326
326
327
327
327
327
328
328
328
328
329
329
329
329
329
329
330
330
330
330
331
331
331
331
331
331
331
332
332
333
333
333
333
333
334
334
334
334
334
334
334
335
335
335
335
335
335
336
336
336
336
336
336
336
337
337
337
337
337
337
337
337
338
338
338
338
339
339
339
339
339
339
339
340
340
340
340
340
341
341
341
341
341
341
341
342
342
342
342
343
343
343
344
344
344
344
344
344
344
344
345
345
345
345
346
346
346
346
347
347
347
347
348
348
348
348
349
349
349
349
350
350
350
350
351
351
351
351
351
351
352
352
352
352
352
352
352
353
353
353
353
354
354
354
355
355
355
356
356
356
356
357
357
357
357
358
358
358
358
359
359
359
359
359
359
360
360
360
360
361
361
361
361
361
361
361
362
362
362
362
363
363
363
363
364
364
364
364
365
365
365
362
366
366
366
366
-1
367
367
367
-1
368
368
368
-1
-1
-1
-1
-1
369
369
369
370
370
370
371
371
371
371
371
371
371
-1
372
372
372
-1
373
373
373
374
374
374
374
374
374
374
375
375
375
375
375
376
376
376
376
376
376
-1
377
377
377
-1
378
378
378
-1
379
379
379
-1
380
380
380
381
382
382
382
-1
383
383
383
384
384
384
384
384
384
384
384
-1
385
385
385
386
386
386
386
386
386
386
386
-1
387
387
387
388
388
388
388
388
388
388
388
-1
-1
380
389
389
389
389
-1
390
390
391
391
391
391
392
392
392
392
392
392
392
-1
393
393
393
-1
-1
394
394
395
396
396
396
-1
397
397
397
398
398
398
398
398
398
398
399
399
399
399
399
399
400
400
400
400
400
400
-1
-1
401
401
401
402
-1
403
403
404
404
404
404
404
404
404
405
405
405
405
405
405
406
406
406
406
406
406
406
407
407
407
407
408
408
408
408
408
408
408
409
409
409
409
410
410
410
410
-1
411
411
412
412
412
412
412
412
412
413
413
413
413
414
414
414
414
414
414
414
415
415
415
415
416
416
416
416
417
417
417
417
417
417
417
417
-1
-1
418
418
418
419
419
419
419
420
420
420
420
-1
421
421
421
421
421
421
388
388
388
388
388
388
388
422
422
422
423
423
423
424
424
424
424
424
425
425
425
425
425
425
425
426
426
426
426
426
427
427
427
427
-1
428
428
428
-1
429
429
429
430
430
430
431
431
431
431
431
-1
432
432
432
432
432
432
432
433
433
433
433
434
434
434
434
434
434
434
435
435
435
435
435
435
435
436
436
437
437
437
438
438
438
438
438
438
438
439
439
439
439
-1
440
441
441
442
442
442
442
442
442
443
443
443
443
443
443
443
444
444
444
444
444
445
445
445
445
445
445
445
-1
446
446
446
447
447
447
447
448
448
448
448
449
449
449
449
450
450
450
450
450
450
450
451
451
451
451
451
451
451
452
452
452
452
453
453
453
453
454
454
454
454
454
454
454
455
455
455
455
455
455
455
456
456
456
456
-1
457
457
457
457
457
457
-1
458
458
458
-1
459
459
459
460
460
460
460
460
460
460
460
461
461
461
461
461
461
461
-1
462
462
462
463
463
463
463
463
463
-1
464
464
464
-1
465
465
465
466
466
466
466
466
466
466
467
467
467
468
468
468
469
469
469
469
469
470
470
470
470
470
470
470
-1
-1
-1
-1
-1
471
471
471
472
473
473
24
-1
474
474
474
475
475
475
475
476
476
476
476
477
477
477
477
477
478
478
478
478
478
-1
479
479
479
480
480
480
480
481
481
481
481
-1
-1
-1
482
482
482
482
483
483
483
483
483
484
484
484
484
484
485
485
485
485
485
485
486
486
486
486
486
486
486
487
487
487
487
487
487
488
488
488
1226
-1
489
489
9
9
490
490
490
491
491
491
491
491
-1
-1
492
492
248
248
493
493
493
493
-1
494
494
494
-1
495
495
495
-1
496
496
496
497
498
498
498
-1
499
499
499
500
501
501
500
-1
502
502
503
503
503
503
503
504
504
504
504
505
505
505
506
506
506
506
506
507
507
507
507
-1
508
508
508
509
509
509
509
509
510
510
510
510
510
510
510
511
511
511
511
512
512
512
512
513
513
513
513
514
514
514
515
515
515
515
515
515
-1
516
516
516
516
-1
517
517
517
518
518
518
518
-1
519
519
519
-1
520
520
520
521
521
521
521
-1
522
522
522
523
523
523
523
524
524
524
524
525
525
525
525
526
526
526
526
-1
527
527
527
528
528
528
528
529
529
529
529
529
529
529
530
530
530
530
531
531
531
532
532
532
532
532
533
533
533
533
533
533
533
533
-1
534
534
534
535
136
136
136
-1
536
536
536
-1
537
537
537
538
538
538
538
539
539
539
539
539
539
539
540
540
541
541
541
541
541
541
541
542
542
542
543
543
543
544
544
544
544
-1
545
545
545
-1
546
546
546
547
547
547
547
547
547
547
548
548
548
548
548
548
-1
549
549
549
549
550
550
550
550
550
550
551
551
551
551
551
551
551
-1
552
552
552
552
553
553
553
93
554
554
554
554
555
555
555
555
-1
556
556
556
-1
557
557
557
557
557
558
558
558
558
558
558
558
559
559
559
559
559
559
-1
560
560
560
560
560
561
561
561
561
561
561
561
562
562
562
562
562
562
562
563
563
563
563
563
564
564
564
564
564
564
564
564
565
565
565
565
565
-1
566
566
567
567
567
567
567
567
568
568
568
568
568
568
569
569
569
569
569
569
569
570
570
570
570
570
570
-1
-1
571
571
571
572
572
572
572
573
573
573
573
574
574
574
574
575
575
575
575
575
576
576
576
576
576
577
577
577
577
577
578
578
578
578
578
579
579
579
579
579
580
580
580
580
580
580
580
-1
581
581
581
582
582
582
582
583
583
583
583
583
584
584
584
584
584
584
584
585
585
585
585
585
585
585
586
586
586
586
587
587
587
587
588
588
589
589
589
590
590
590
590
590
590
590
591
591
591
591
591
592
592
592
592
592
592
592
593
593
593
593
594
594
594
594
595
595
595
596
596
596
596
596
597
597
597
598
598
598
598
598
599
599
599
599
600
600
600
600
601
601
601
601
602
602
602
602
603
603
603
603
604
604
604
605
605
605
605
605
605
605
606
606
606
606
606
606
607
607
607
607
608
608
608
608
608
608
609
609
609
609
609
609
609
610
610
610
610
611
611
611
611
612
612
612
612
613
613
613
613
614
614
614
614
615
615
615
616
616
616
616
617
617
617
617
618
618
618
618
619
619
619
619
620
620
620
620
620
620
620
620
621
621
621
621
622
622
622
622
622
623
623
623
623
623
624
624
624
624
625
625
625
625
626
626
626
626
627
627
627
627
628
628
628
628
629
629
629
629
629
630
630
630
630
631
631
631
631
632
632
632
632
633
633
633
633
634
634
634
634
635
635
635
635
635
636
636
636
636
637
637
637
638
638
638
639
639
639
639
640
640
640
640
641
641
641
641
641
641
641
642
642
642
642
643
-1
644
644
644
-1
-1
645
645
411
-1
-1
646
646
-1
2235
647
647
648
648
648
648
649
649
649
649
649
649
649
649
650
650
650
650
650
650
650
-1
651
652
652
-1
653
653
653
-1
52
52
52
-1
-1
-1
-1
-1
-1
654
-1
-1
-1
655
655
-1
-1
656
657
657
657
-1
658
658
658
-1
659
659
659
660
660
660
660
660
-1
661
661
661
-1
662
662
662
663
663
663
663
663
663
663
664
664
664
664
664
664
664
665
665
665
665
-1
666
666
666
-1
667
667
667
668
668
668
-1
669
669
669
670
670
670
670
-1
671
671
671
-1
672
672
672
-1
673
673
673
-1
674
674
674
-1
675
675
675
-1
676
676
676
677
677
677
677
678
678
678
678
679
679
679
679
680
680
680
680
681
681
681
681
681
681
681
682
682
682
682
682
-1
683
683
380
684
684
684
684
684
685
685
685
685
685
685
686
686
686
686
-1
687
687
687
688
689
689
689
-1
690
175
175
691
691
691
691
692
692
692
692
693
693
693
694
694
694
694
694
695
695
695
695
696
696
696
696
696
696
696
-1
697
697
697
698
698
698
-1
699
699
699
700
700
701
701
701
701
701
701
701
702
702
702
702
702
703
703
703
703
703
704
704
704
704
705
705
705
705
706
706
706
706
707
707
707
707
708
708
708
708
709
709
709
710
710
710
711
711
711
712
712
712
713
713
713
713
714
714
714
714
715
715
715
715
715
715
715
716
716
716
716
716
716
716
717
717
717
717
717
717
717
718
718
718
718
718
719
719
719
719
719
719
719
720
720
720
720
721
721
721
721
722
722
722
722
723
723
723
724
724
724
724
725
725
725
725
725
725
725
725
726
726
726
726
726
726
726
726
727
727
727
727
728
728
728
728
729
729
729
729
729
729
729
730
730
730
730
731
731
731
731
731
731
731
732
732
732
732
733
734
734
734
735
735
735
735
736
736
736
736
-1
737
737
737
738
738
738
738
739
739
739
739
739
739
739
740
740
740
740
740
740
740
741
741
741
741
741
741
741
742
742
742
742
742
742
743
743
743
744
744
744
-1
745
64
52
-1
746
746
746
-1
747
747
99
-1
748
748
748
748
748
749
749
750
750
750
750
751
751
751
751
751
752
752
752
752
752
753
753
753
753
753
753
753
754
754
754
754
755
755
755
755
755
755
755
755
756
756
756
756
757
757
758
758
758
758
758
758
758
759
759
759
760
760
760
760
761
761
761
761
761
761
761
762
763
763
763
-1
-1
-1
-1
-1
-1
-1
-1
-1
-1
-1
-1
-1
-1
-1
762
762
762
764
765
765
765
766
766
766
766
-1
767
767
767
768
768
768
768
769
769
769
769
769
769
769
770
770
770
770
770
771
771
771
771
772
772
772
772
773
773
773
773
773
773
773
774
774
774
775
775
775
775
776
776
776
776
777
777
777
777
778
778
778
778
779
779
779
779
780
780
780
780
780
-1
-1
-1
-1
-1
781
781
781
781
781
-1
-1
-1
-1
-1
-1
782
782
782
782
782
782
783
783
783
783
783
783
783
784
784
784
784
785
785
785
785
786
786
786
786
787
787
787
787
787
787
788
294
294
294
294
294
294
789
789
789
789
789
789
790
790
791
791
791
791
791
792
793
793
793
-1
794
794
794
795
795
795
795
795
795
796
796
796
-1
797
797
797
797
797
797
798
798
798
798
798
798
798
798
799
799
799
799
799
799
799
-1
800
800
800
800
800
800
800
801
801
801
801
801
801
802
802
802
802
803
803
803
803
804
804
-1
805
805
805
805
-1
806
806
806
-1
807
807
807
808
808
808
808
808
808
808
809
809
809
810
810
810
811
811
811
811
811
811
-1
116
116
116
812
812
812
812
812
812
812
813
813
813
813
814
814
814
814
815
815
815
816
816
816
816
816
816
816
816
-1
817
817
817
818
818
818
818
818
818
819
819
819
819
-1
820
820
820
-1
821
821
821
-1
822
822
822
-1
823
823
823
-1
824
824
824
825
825
825
826
826
826
827
827
827
827
827
827
-1
828
828
828
-1
829
829
829
-1
830
830
830
831
832
832
832
-1
833
833
833
-1
834
834
834
835
835
835
835
835
835
836
836
836
836
836
837
837
837
837
837
837
-1
838
838
654
839
839
839
839
840
840
840
840
840
840
840
841
841
842
842
842
843
843
843
843
843
843
843
844
844
844
844
844
844
844
845
845
845
845
845
846
846
846
846
846
846
846
-1
847
847
847
-1
848
848
848
-1
849
849
849
-1
850
850
850
-1
851
851
851
852
852
852
852
852
853
853
853
853
853
854
854
854
854
855
855
855
855
855
855
855
856
856
856
-1
857
857
857
858
858
858
858
858
858
858
859
859
859
859
-1
860
860
860
861
861
861
861
861
861
-1
862
862
862
863
863
863
864
864
864
864
-1
865
865
865
866
866
866
866
866
866
866
866
867
867
867
867
867
868
868
868
-1
869
869
869
-1
870
870
870
871
872
872
872
-1
873
873
873
-1
874
874
874
-1
875
875
875
-1
876
876
876
-1
877
877
480
-1
878
878
878
-1
879
879
879
880
880
880
880
880
880
880
881
881
881
881
881
881
881
882
882
882
882
882
882
388
388
883
883
883
883
883
883
883
883
884
884
884
884
884
-1
885
885
885
-1
886
766
-1
887
887
887
888
889
266
266
890
890
890
891
891
891
-1
892
892
892
-1
893
893
893
894
894
894
895
895
-1
-1
896
-1
-1
897
897
897
-1
898
898
898
899
899
899
899
899
899
899
-1
900
900
900
-1
901
901
901
-1
902
902
902
-1
903
537
-1
587
904
904
-1
905
905
905
906
906
907
907
908
908
908
908
909
909
910
910
910
910
910
910
910
-1
911
911
912
912
912
913
913
913
914
914
914
914
915
915
915
916
916
916
916
917
918
918
918
-1
919
919
919
920
920
920
920
920
920
-1
-1
-1
-1
921
921
921
921
922
922
923
923
923
923
924
924
924
924
924
924
925
925
925
925
926
926
926
926
926
926
926
927
927
927
927
927
927
927
928
928
928
928
928
928
928
928
929
929
929
-1
930
930
930
931
931
931
931
-1
888
888
888
932
932
932
932
932
932
933
933
933
933
933
933
933
933
-1
934
934
-1
935
935
935
936
936
936
936
936
936
936
937
937
937
937
937
937
938
938
938
938
938
938
938
939
939
939
939
939
939
939
940
940
940
940
941
733
733
670
942
942
942
942
942
942
942
-1
943
304
304
944
944
944
944
944
944
945
945
946
946
946
-1
947
947
947
-1
948
948
948
949
949
949
949
950
950
950
950
950
951
951
951
951
952
952
952
952
952
952
952
953
953
953
953
953
953
953
954
954
954
954
954
955
955
955
955
956
956
956
956
957
957
957
957
-1
958
958
958
959
959
959
960
960
960
960
961
961
961
961
962
962
962
962
963
963
963
963
963
963
963
964
964
964
964
964
965
965
965
965
966
966
-1
-1
-1
967
967
967
968
968
968
968
969
969
969
969
969
969
970
970
970
970
970
971
971
971
971
971
971
972
972
972
972
972
972
972
-1
973
973
974
974
974
974
974
974
-1
975
975
975
976
976
976
976
976
976
-1
-1
977
978
978
978
-1
-1
979
979
979
980
980
980
980
980
980
980
981
981
981
981
981
981
981
982
982
982
982
982
-1
983
984
984
984
985
985
985
985
-1
986
986
986
986
986
986
986
-1
-1
987
987
987
987
987
987
988
988
988
988
989
989
989
989
-1
990
990
990
990
990
990
991
991
991
991
991
992
992
992
993
993
993
993
994
994
994
994
995
995
995
995
995
996
996
996
996
997
997
997
997
998
998
998
998
999
999
999
999
1000
1000
1000
1000
1000
1000
1001
1001
1001
1001
1001
1001
1001
1002
1002
1002
1002
1003
1003
1003
1003
1003
1004
1004
1004
1004
1004
1005
1005
1005
1005
1006
1006
1006
1006
1007
1007
1007
1008
1008
1008
1008
1008
1009
1009
670
670
1010
1010
1010
1010
1011
1011
1011
1011
1011
1011
1012
1012
1012
1012
1012
1012
1012
1013
1013
-1
1014
1014
1014
1014
1015
1015
1015
1015
1015
1015
1015
1016
1016
1017
1017
1017
1017
-1
1018
1018
1018
-1
1019
1019
1019
-1
1020
1020
768
1021
1021
1021
1021
1021
1021
1021
-1
-1
-1
-1
-1
1022
1022
1022
1022
1022
1022
1022
1023
1023
1023
1023
1023
1023
1023
1024
1024
1024
1024
1024
1024
-1
-1
-1
1025
1025
1025
-1
1026
1026
1026
-1
1027
1027
1027
1028
1028
1028
1028
1029
365
362
362
1030
1030
1030
1030
1031
1031
1031
1031
1031
1032
1032
848
848
-1
1033
1033
1033
1033
1033
1034
1034
1034
1034
1035
1035
1035
1036
1036
1037
1037
1037
1038
1038
1038
1038
1039
1039
1039
1039
1040
1040
1040
1041
1041
1041
1041
1042
1042
1042
1042
1043
1043
1043
1043
1044
1044
1044
1044
1045
1045
1045
1045
1046
1046
1046
1046
1046
1047
1047
1047
1048
1048
1048
1048
1048
1048
1049
1049
1049
1049
1049
1049
1049
1050
1050
1050
1050
-1
1051
1051
1051
1052
1052
1052
1052
1053
1053
1053
1053
1054
1054
1054
1054
1054
1054
1055
1055
1055
1055
1055
1055
1055
1056
1056
1056
1056
1056
1056
1056
-1
1057
1057
1057
-1
-1
1058
1058
-1
-1
1059
1059
-1
1060
1060
-1
-1
-1
1061
1061
1061
-1
1062
1062
1062
1063
1063
1063
1063
1063
1063
1064
1064
1064
1064
1064
1064
1064
-1
-1
1065
1065
1066
1066
1066
1066
1066
1066
1066
1067
1067
1067
1067
1067
1067
1067
1067
-1
-1
1068
1068
-1
1069
1069
1069
1070
1070
1070
1070
1070
1070
-1
1071
1071
1071
-1
1072
1072
1072
-1
500
500
500
-1
1073
1073
1073
-1
1074
1074
1074
-1
-1
1075
1075
-1
1076
1076
1076
1077
1077
1077
1077
1077
1077
1077
-1
1078
1078
-1
1079
1079
1079
-1
1080
1080
1080
1081
1081
1081
1081
1081
1081
1081
1081
1082
1082
1082
1082
1082
1082
-1
1083
1083
1083
1084
1084
1084
1084
1084
1084
1084
1085
1085
1085
1085
1085
-1
-1
1086
1086
1087
1087
-1
-1
396
-1
-1
-1
1088
1088
1089
1089
1089
1089
1089
1089
1089
-1
1090
1090
1090
1091
1091
1091
1091
1092
1092
1092
1092
1093
1093
1093
1093
1093
1093
1094
1094
1094
1094
1095
1095
1095
1095
1096
1096
1096
-1
1097
1097
1097
1098
1098
1098
1098
1099
1099
1099
1099
1099
1099
1099
-1
1100
1100
1100
1101
1101
1101
1101
1101
1101
1102
1102
1102
1102
1103
1103
1103
1103
1104
1104
1105
1105
1105
1105
1105
1105
1105
1106
1106
1106
1106
1106
1106
1107
1107
1107
1107
1107
1107
1107
1108
1108
1108
1109
1109
1109
1109
1110
1110
1111
1111
1112
1112
1018
1018
-1
1113
1113
1113
1114
1114
1114
1114
1115
1115
1115
1115
1115
1115
-1
1116
1116
1116
1116
1116
1116
1116
1117
1117
1117
1117
1117
1117
1117
1117
1118
1118
1118
1118
1118
1118
1118
1119
1119
1119
1119
1119
1119
1119
1120
1120
1120
1120
1121
1121
1121
1121
1122
1122
1122
1122
1123
1123
1123
1123
1123
1124
1124
1124
1124
1124
1124
1125
1125
1125
1125
1125
1126
1126
1126
1126
-1
1127
1127
1127
-1
1128
1128
1128
-1
1129
1129
1129
1130
1130
1130
1130
1131
1131
1131
1131
1132
1132
1132
1132
1133
1133
1133
1134
1134
1134
1134
-1
1135
1135
1135
1136
1136
1137
1137
-1
1138
1138
1138
1138
1139
1139
1140
1140
1140
1140
1140
1140
1140
1140
1141
1141
1141
1141
1141
1141
1142
1142
1142
1142
1143
1143
1144
1144
1144
1144
1144
1144
1145
1145
1145
1145
1145
1145
1145
1146
1146
1146
1146
1146
1146
1146
1147
1147
-1
1148
1148
1148
1149
1149
1149
1149
1150
1150
1150
1150
1150
1150
1150
1151
1151
1151
1151
1151
1152
1152
1152
1152
1153
1153
1153
1153
1153
1153
1153
-1
1154
1154
1154
1155
1155
1155
1155
1155
1155
-1
1156
1156
1156
1157
1157
1157
1157
1157
1157
1158
1158
1158
1158
1158
1159
1159
1159
1159
1160
1160
1160
-1
-1
865
865
-1
1161
1161
1161
-1
1162
1162
1162
1163
1163
252
252
252
252
252
1164
1165
1165
1165
-1
1166
1166
1166
1166
1166
1166
1166
1167
1167
1167
1167
1167
1167
1167
-1
1168
1168
1168
-1
831
831
831
-1
1169
1169
1169
-1
1170
1170
1170
-1
1171
1171
1171
-1
-1
-1
1165
1172
1173
1173
1173
-1
-1
1174
1174
1175
1036
1176
1176
1176
-1
776
776
776
1177
1178
1178
1178
1179
1180
1180
1180
1181
1181
1181
1181
1181
1181
1181
-1
1182
1182
1182
1183
1183
1183
1183
1183
-1
-1
871
871
871
1184
1184
1184
1184
1184
1184
1184
1185
1185
1185
1185
1185
1186
1186
247
1187
1187
1187
1187
1187
1187
1187
1188
1188
1188
1188
1188
1188
1188
-1
1189
1189
1189
-1
1190
1190
1190
1191
1191
1191
1192
1192
1192
951
1193
1193
1193
1193
1194
1194
1194
1194
1194
1194
1194
1195
1195
1195
1195
1195
-1
1196
283
283
283
283
1197
1197
1197
1197
1198
1198
1198
1198
1199
1199
1199
1199
1200
1200
1200
1200
1201
1201
1201
1201
1202
1202
1202
1202
1202
1202
1202
-1
1203
917
917
917
1204
1204
1204
1204
1204
1204
1205
1205
1205
1205
1206
1206
1206
1206
1206
1207
1207
215
215
1208
1208
1208
1208
1209
1209
1209
1209
1210
1210
1210
1208
1211
1211
-1
1212
1212
1212
1212
1213
1213
1213
1213
1214
1214
1214
1214
1215
1215
1215
1215
1216
1216
1216
1216
1216
1216
1217
1217
1217
1217
1218
1218
1218
1218
1218
1218
-1
-1
-1
-1
-1
-1
-1
-1
-1
-1
1219
1220
1220
1220
1220
1221
1221
1221
1221
1222
1222
1222
1222
1223
1199
1199
728
1224
1224
1224
1224
1225
1225
1225
1225
1226
1226
1226
1226
1227
1227
1227
1227
1228
1228
1228
1228
1229
1229
1229
1229
1229
1229
1229
1229
1230
1230
1230
1230
1230
1231
1231
1231
1231
1231
1231
1231
1232
1232
1232
1232
1233
1233
1233
1233
1234
1234
1234
1234
1235
1235
1235
1235
1236
631
1237
1237
651
651
1238
1215
1215
1215
1239
1239
1239
1239
1240
1240
1240
1240
1241
1241
1241
1241
1242
1242
1242
1242
1243
1243
1243
1243
1244
1244
1244
1244
1245
1245
1245
1246
1246
1246
1246
1246
1246
1246
1247
1247
1247
1247
1247
1247
1247
1248
1248
1248
1249
1249
1249
1249
1249
1249
1249
1250
1250
1250
1250
1250
-1
1251
1251
1251
1251
1251
1251
1252
1252
1252
1252
1252
1252
1252
1252
1253
1253
1253
1253
1253
-1
1254
1254
1254
1255
1255
1255
1255
1255
1255
1255
1256
1256
1256
1256
1257
1257
1257
1257
-1
1258
1258
1258
1258
1258
1258
1258
1259
1260
1260
1261
1261
1261
1261
1261
1261
1262
1262
1262
1262
1262
1262
1262
1263
1263
1263
1263
1264
1264
1264
1264
-1
1265
1265
1265
1266
1266
1266
1266
1266
1266
1266
1267
1267
1267
1267
1267
1267
1267
1268
1268
1268
1268
1268
1268
1268
1268
1269
1269
1269
1269
1270
381
381
381
1271
1271
1271
1271
1272
1272
1272
1272
1272
1272
1272
1273
1273
1273
1273
1273
1273
1273
1274
1274
1274
1274
1274
1275
1275
1275
1275
1275
1275
1276
1276
1276
-1
1277
1277
1277
-1
1278
1278
1278
1279
1279
1279
1279
1279
1279
1280
1280
1280
1280
1280
1280
1280
1281
1281
1281
1281
1281
1281
1282
1282
1282
1282
1282
1282
1282
1283
1283
1283
1284
1284
1284
1284
1284
1284
1284
1285
1285
1285
1285
1285
1285
1285
-1
-1
-1
1286
1286
1286
1287
1288
1288
1288
1288
1288
1289
1289
1289
421
421
421
421
421
1290
1290
1290
1290
1290
1290
1290
-1
1291
1292
1292
-1
-1
1293
1293
-1
1294
1294
1294
1295
1295
1295
1295
1295
1295
1296
1296
1296
1296
1296
1296
-1
1297
1297
1297
1297
1298
961
961
961
-1
1299
1299
1299
-1
1627
1300
1300
1301
1301
1301
1301
1301
1302
1302
1302
1302
1302
1302
1302
1303
1303
1303
1303
1303
1304
1304
1304
1304
1305
1305
1305
1305
1306
1306
1306
1306
1307
259
259
259
1308
1308
1308
1308
1308
1308
1308
1309
1309
1309
1310
1310
1310
1310
1310
-1
1311
1311
1311
1312
1313
114
114
-1
1314
1314
1315
1315
1316
1316
1316
1316
1317
1317
-1
1318
1318
687
1319
1319
1319
1319
1319
1319
1319
1320
1320
1320
1320
1320
1320
-1
1321
1321
1321
-1
1322
1322
1322
-1
1323
1323
1323
1324
1324
1324
1324
1324
1324
1324
1325
1325
1325
1325
1325
1325
1325
1325
1326
1326
1326
1327
1327
1327
1327
1327
-1
1328
184
184
1329
1329
1329
1329
1329
1329
1329
1330
1330
1331
1331
1331
1331
-1
1332
1332
1332
-1
1333
1333
1333
-1
1334
1334
1334
-1
1335
979
979
-1
1336
1336
-1
1337
1337
1128
1338
1339
1339
1339
1340
1340
1340
1340
1341
1341
1341
1341
1341
1341
1341
-1
1342
1342
1342
-1
1343
1343
1343
1344
1344
1344
1344
1344
1344
1345
1345
1345
1345
1345
1345
1346
1346
1346
1346
1346
1347
1347
1347
1347
1347
1348
1348
1348
1348
1349
1349
1349
1349
1349
1349
-1
1350
1350
1350
-1
1351
1351
1351
-1
1352
1352
1353
1353
-1
1354
1354
1354
-1
1355
1355
1355
1356
1356
1356
-1
1357
1357
1357
1358
1358
1358
1358
-1
-1
1359
1359
1360
1360
1360
1360
1360
1360
1361
1361
1361
1361
1361
1361
1361
1362
1362
1362
1362
1362
1362
1362
-1
1363
1363
1363
1363
1363
1363
1363
-1
1364
1364
1364
1365
1365
1365
1365
1365
1365
1365
-1
-1
1366
1366
-1
-1
1367
1367
-1
1368
1368
1368
1369
1369
1369
1369
1369
1369
1369
1370
1370
1370
1370
1370
1370
1370
1371
1371
-1
1372
1372
1372
-1
1373
1373
1374
1374
1374
1374
1374
1374
1375
1375
1375
1375
1375
1375
1375
1376
1376
1376
1376
-1
1377
1377
1377
-1
-1
-1
-1
-1
1378
1378
-1
1379
1379
1379
1380
1380
1380
1380
1380
1380
1380
-1
1381
1381
1381
1382
1382
1382
1382
-1
1383
1383
1383
-1
1384
1384
1384
-1
1385
1385
1385
-1
1386
1386
1386
1387
-1
1388
1388
-1
1389
1389
1389
1390
1390
1390
1390
1390
1390
1390
-1
1391
1391
1391
1392
1392
1392
1392
1392
1392
1392
-1
1393
1393
1393
-1
1394
1394
1394
1395
1395
1395
1395
1395
1396
1396
1396
1396
1396
1396
1396
1397
1397
1397
1397
1398
1398
1399
1399
1399
1399
1399
1399
-1
-1
-1
1400
1400
1400
1401
1401
1401
1401
1401
1401
1401
1402
1402
1402
1402
1402
1402
1402
1403
1403
1403
1403
1404
1404
1404
1405
1405
1405
1405
1405
1405
1406
1406
1406
1406
1406
1407
1407
-1
1408
1408
1408
1408
-1
1409
1409
1409
1409
1410
1410
1410
1410
1410
1410
1410
1411
1411
1411
1411
1411
1411
1412
1412
900
900
1413
1413
1413
1413
1414
1414
1414
1414
1414
1414
1414
1415
1415
1415
1415
1415
1416
1416
1416
1416
1416
1417
1417
1417
1417
1417
1417
1418
1418
1418
1418
1419
1419
1419
1419
1419
1419
1419
1420
1420
1420
-1
1421
1421
1421
-1
1422
1422
1422
-1
1423
1423
1423
-1
1424
1424
1424
-1
1425
1425
784
1426
1426
1426
1426
1427
1427
1427
1427
1427
1427
1427
1428
1428
367
367
1429
1429
1429
1429
1429
1430
1430
1430
-1
1431
1431
1431
1432
1432
1432
1432
1433
1433
1433
1433
1433
1434
1434
1434
1434
1434
1434
1434
1435
1435
1435
1435
1435
1435
1436
1436
1436
948
-1
931
931
1437
1438
1438
1438
1438
-1
-1
-1
-1
-1
1439
1439
1439
-1
1440
1440
1440
-1
1441
1441
1441
1442
1442
1442
1442
1442
1442
1442
1443
1443
1443
1443
1443
1443
1443
1444
1444
1444
1444
1444
-1
1445
1445
1445
1446
1446
1446
1446
1446
1446
1446
-1
1447
1447
1447
1448
1448
1448
1448
1448
1448
1448
1449
1449
1449
1449
1449
1449
1449
1449
1450
1450
950
950
1451
1451
1451
1452
-1
1453
1453
1454
1454
1454
1454
1454
1454
1454
1454
1455
1455
1455
1455
1455
1455
1455
1456
1456
1456
1456
1456
1456
1456
1457
1457
1457
1457
1457
1457
1458
1458
1458
1458
1458
1458
1458
1459
1459
1459
1459
1459
1459
1459
1460
1460
1460
1460
1460
1460
1460
-1
-1
1461
1462
1462
1462
-1
-1
-1
-1
1463
1463
54
1464
1465
1465
1465
-1
1466
1466
1466
-1
1467
1467
1467
-1
1468
1468
1468
1469
1469
1469
1469
1469
1469
1469
1469
-1
1470
1470
1470
-1
-1
1471
1097
1472
1472
1472
1472
1473
1473
1473
1473
-1
-1
1474
1474
-1
-1
1475
1475
-1
1476
1476
1476
-1
1477
1477
1477
1478
1478
1478
961
-1
1479
1479
1479
-1
1480
1480
1480
1481
1482
196
1483
1483
1483
1483
1484
1484
1484
1484
1484
1484
1485
1485
1485
1485
1485
1485
1485
1486
1486
1486
1486
1486
1486
1486
-1
-1
1487
1487
1488
1488
1371
1371
1489
1489
1489
1489
1489
-1
1490
1490
1490
-1
1491
1491
1492
1493
1493
1494
1494
1494
1494
1494
1494
1494
1495
1495
1495
1495
1495
1495
1495
1496
1496
1496
1496
1496
1496
1496
1497
1497
1497
1497
1497
1497
1497
-1
-1
1498
1498
-1
1499
1499
1499
1500
1500
1500
1500
1500
-1
-1
1501
1501
1501
-1
1502
1502
1502
-1
1503
1503
1503
1504
1504
1504
1504
1504
1504
1504
1505
1506
1506
1506
-1
1507
1507
1507
1508
1508
1508
1508
1508
1508
1508
1509
1509
1509
1509
1509
1509
1510
1510
1510
1510
1510
1510
1510
-1
-1
1511
1511
1512
1512
1512
1512
1512
1513
1514
1514
1514
1514
1514
1514
1514
-1
1515
1515
1515
-1
230
230
230
1516
1516
1516
1516
1517
1517
1517
1517
1517
1518
1518
1518
1518
1518
1518
1518
1518
1519
1519
1519
1519
1519
1519
1519
1520
1520
1520
1520
1521
1521
1521
1521
1522
1522
1522
1522
1522
1523
1523
1523
1523
1523
1523
1523
1524
1524
1524
1524
1525
1525
1525
1525
1526
1526
1526
1526
1526
1526
1527
1527
1527
1527
1528
1528
1528
1528
1528
1529
1529
1529
1529
1529
1530
1530
1530
1530
1531
1531
1531
1531
1532
1532
1532
1532
1533
1533
1533
1533
1533
1533
1533
1534
1534
1534
1534
1534
-1
1535
1535
671
671
1536
1536
1536
1536
1536
1536
1536
1537
1537
1537
1537
1538
1538
1538
1538
1538
1538
1538
1539
1539
1539
179
1540
1540
1540
1540
1540
1540
1541
1541
1541
1541
1542
1542
1542
1542
1543
1543
1543
1543
1544
1544
1544
1544
1545
1545
1545
1545
1545
1545
1546
1546
1546
1546
1547
1547
1547
-1
1548
1548
1549
1549
1549
1549
1549
1549
1549
1550
1550
1550
1550
1550
1550
1551
1551
1551
1551
1551
1552
1553
1553
1553
-1
1554
1554
1554
1555
1555
1555
1555
1556
1556
1556
1557
1557
1558
1558
1558
1558
1558
1558
1558
1558
1559
1559
1559
1559
-1
1560
1560
1560
-1
1561
1561
1561
1562
1563
1563
1563
-1
1564
1564
1564
1565
1565
1565
1565
1565
1565
1565
1566
1566
1566
1566
1567
497
497
497
-1
1568
1568
1568
1569
1569
1569
1569
1569
1569
-1
1570
1570
-1
1571
1571
1571
-1
1572
1572
1572
1573
1573
1573
1573
1573
1573
1573
-1
1574
1574
1574
-1
-1
1575
1575
1575
1576
1576
1576
1576
1576
1577
1577
1577
1577
1577
1577
1577
-1
1578
1578
1578
-1
1579
1579
1579
1580
1580
1580
1580
1580
1580
1580
1581
1581
1581
1581
1581
1582
1581
1581
1581
1581
1583
1583
1583
1583
1583
-1
-1
1584
1584
1584
-1
1585
1585
1585
1585
1585
1586
1586
1586
1586
1586
1586
1586
1586
1587
1587
1587
1587
1587
1587
1587
-1
1588
1588
1588
1589
1415
1415
1415
1415
1590
1590
1590
1590
1591
1591
1591
1591
-1
1592
1592
1592
1593
1593
1593
1593
1593
1593
1593
1594
1594
1594
1594
1594
-1
1595
1595
1595
1596
1596
1596
1596
1597
1597
1597
1597
1598
1598
1598
1598
1599
1599
1599
1599
1600
1600
1600
1600
1600
1600
1601
1601
1602
1602
1602
1602
1603
1603
1603
1603
1604
1042
1042
1042
1605
1605
1605
1605
1606
1606
1606
1606
1607
1607
1014
1014
1014
1608
1608
1608
1608
1608
-1
1609
1609
1609
1610
1610
1610
1610
1610
1611
1611
1611
1611
1611
-1
1612
1612
1612
1612
1612
1612
1612
-1
1613
1505
1505
1505
-1
1614
1614
1614
-1
1615
877
422
1616
1616
1617
1618
1618
1618
-1
1619
163
-1
1620
1620
1620
1621
1621
1621
1621
1622
1622
1622
1622
1622
1623
1623
1623
1623
1623
1624
1624
1624
1624
1624
1624
1624
1625
1625
1625
1625
1625
1625
-1
1626
1626
1626
1627
1628
1628
1628
1629
1629
1630
1630
1631
1631
1631
-1
-1
-1
-1
1632
-1
1633
1633
1634
1634
1634
1634
1634
1634
-1
1635
1635
1635
1636
1636
1636
1636
1636
1636
1636
1636
1637
1638
1638
1638
1639
1639
1639
1639
1639
1639
1639
1640
1640
1640
1640
1640
1640
1640
1641
1641
1641
1641
1642
1642
1642
-1
1643
1643
1643
1644
1644
1644
1644
-1
-1
-1
1645
1645
1645
1646
-1
1539
1647
1647
1647
1647
1648
1648
1648
1648
1649
1649
1649
1649
1650
1650
1650
1650
1651
1651
1651
1651
1651
1651
1651
1652
1652
1652
1652
1652
-1
1653
1653
1653
-1
1654
1654
1654
1655
743
-1
1656
1656
1656
1657
1657
1657
1657
1657
1658
1658
1658
1658
1658
1658
1658
1659
1660
1660
1660
-1
-1
1661
1661
-1
1662
1662
1662
-1
150
150
150
-1
-1
1663
1663
-1
-1
1664
1664
1665
1665
1665
1665
1665
1665
-1
1259
1259
1259
1259
-1
-1
1666
1666
-1
1667
1649
1649
-1
1668
1668
1668
1669
1669
1669
1669
1669
1669
1669
-1
1670
1670
1670
1671
1671
1671
1671
1671
1671
1671
-1
1637
735
735
-1
-1
1672
1672
1673
1674
1674
1674
1675
1675
1675
1675
1675
1675
1675
-1
1676
1677
1677
1677
-1
-1
1678
1678
-1
1679
1679
-1
-1
1680
1680
-1
291
1681
1681
-1
-1
-1
-1
-1
-1
1682
1682
-1
1683
1684
1684
1685
1685
1685
1685
1685
1685
1685
-1
1686
1687
1687
-1
-1
1688
1688
-1
-1
1689
1689
-1
-1
1690
1690
-1
-1
-1
-1
-1
-1
-1
-1
-1
-1
1691
1691
-1
1692
1692
1692
850
-1
1693
1693
1693
1693
1693
1693
-1
1694
1694
1694
1694
1694
-1
-1
1695
1695
-1
1696
1696
1696
1697
1697
1697
1697
1697
1697
1698
1698
1698
1698
-1
1699
1699
1699
-1
1700
1700
1700
-1
1701
1701
1701
1702
1702
1702
1702
1702
1702
1703
1703
1703
1703
1703
1703
1703
-1
1704
1704
1704
-1
1705
1705
1705
-1
1706
1706
1706
1707
1707
1707
1707
-1
1708
1708
1708
1709
1709
1709
1709
1709
1710
722
722
722
1711
1711
1711
1711
1711
1712
1712
1712
1712
1712
1712
-1
1713
1713
1713
1714
1714
1714
1714
1715
1715
1715
1716
1716
1717
1717
1717
1718
1718
1718
1719
1719
1719
1719
1719
1719
1719
1720
1720
1720
1720
1720
1720
1720
1721
1721
1721
1721
1721
-1
1722
1722
1722
-1
1723
1723
1723
1724
1724
1724
1724
1724
1724
1725
1725
1725
1725
1725
1725
1725
1726
1726
1726
1726
1726
1726
1726
1727
1727
1727
1727
1727
1727
-1
1728
1728
1728
-1
1729
1729
1729
-1
1730
1730
1730
1731
1731
1731
1731
1731
1732
1732
1732
1732
1733
1734
1734
1734
-1
1735
1735
1735
1736
1736
1736
1736
1736
1736
-1
1737
1737
1127
1738
1738
1738
1738
1738
1739
1739
1739
1739
1739
1740
1740
1740
1740
1740
1740
1740
-1
1741
1741
1741
1742
1742
1742
1742
1742
1742
1742
1743
1743
1743
1743
1743
1744
1744
1744
1744
1744
1744
1744
1745
1745
1745
1745
1746
1746
1747
1747
1747
1747
1747
-1
1748
1748
1748
1749
1749
1749
1750
1750
1750
896
1751
1751
1751
1751
1752
1752
1752
1752
1752
1752
1752
1753
1312
1312
1754
1754
1754
1754
1754
1754
1754
1755
1755
1756
1756
1756
1756
1757
1757
1757
1757
1758
1758
1758
1758
1758
1759
1759
1759
1759
1760
1760
1760
1761
1761
1761
1761
1762
1762
1762
1762
1762
1762
1763
1763
1763
1763
1763
1763
-1
1764
1764
1764
1765
1765
1765
1765
1766
1766
1766
1767
1767
1767
1767
1767
1767
1767
1768
1768
1768
1769
1769
1769
1770
1770
1770
1770
1770
1770
1771
1771
1771
1771
-1
1772
1772
1772
1773
1773
1773
1773
1774
1774
1774
1774
1774
1775
1775
1775
1775
1775
-1
1776
1776
1776
1777
1777
1777
1777
1777
1777
1777
1777
1778
1778
1778
1778
1778
1779
1779
1779
1780
1781
1781
1781
1781
1781
1781
1781
1782
1782
1782
1782
1782
1782
1782
1783
1783
1783
1783
1784
1784
1784
1784
1785
1785
1785
1785
1786
1786
1786
1764
-1
1787
1787
1787
1788
1788
1788
1788
1788
1788
1788
1789
224
224
1790
1790
1790
1790
1791
1791
1791
1791
1792
1792
1792
1792
1793
1793
1793
1793
1793
1793
1793
1794
1794
1794
1794
1794
1795
1795
1795
1795
1795
1795
1796
1796
1796
1796
1796
1796
1796
1797
1797
1797
1798
1798
1798
1799
1799
1799
1799
1799
1799
1800
1801
728
728
1802
1802
1802
1802
1802
1802
1802
1803
1803
1803
-1
1804
1804
1804
1805
1805
1805
1805
1806
1806
1806
1806
1806
1806
1807
1807
1807
1807
1807
1807
1807
-1
1808
1808
669
-1
1809
1809
1809
-1
1810
1810
1810
1811
1811
1811
1811
1811
1812
1812
1812
1812
1813
1813
1813
1813
1813
1814
1814
1814
-1
1815
1815
1815
-1
1816
1816
1816
1817
1817
1817
1817
1817
1817
1817
1818
1818
1818
1818
1818
1819
1819
1819
-1
-1
1820
1820
1821
1821
1821
1821
1821
1821
1821
-1
1822
1822
1822
1823
1823
1823
1823
1823
-1
1824
1824
1824
1824
1824
1824
1824
1825
1825
1825
1825
1825
1825
1825
-1
1826
1826
1826
1827
1827
1827
1827
1827
1827
1828
1828
1828
1828
1828
1828
1829
1829
1829
1829
1829
1829
1829
1830
1830
1830
1830
1831
1831
1831
1831
1831
1832
1832
1832
1832
1833
1833
1833
1833
1834
1834
1834
1834
1834
1834
1835
1835
1835
1835
1835
1835
1836
1836
1836
-1
1837
961
-1
1838
1838
1321
-1
1839
1839
1839
-1
1840
1840
1840
-1
1841
1841
1841
-1
1842
1842
1596
-1
1843
1843
1843
-1
402
1291
1291
-1
1844
1844
1844
-1
1845
1845
1845
-1
-1
1846
1846
1846
-1
1847
1847
1847
-1
1848
1848
1476
1849
1849
1849
1849
1849
1849
1849
1849
-1
-1
1850
1850
-1
1851
1851
1851
1852
1852
1852
1852
1853
1853
1853
1853
1853
1853
1853
1853
-1
1854
1854
1854
1855
1140
1140
1140
1140
1140
1140
1140
1856
1856
1856
1856
1856
1856
1856
-1
1857
1791
1791
1858
1858
1858
1858
1859
1859
1859
1859
1860
1860
1860
1860
1861
1861
1861
1862
1862
1862
1863
1863
1863
1863
1863
1863
1863
1864
1864
1864
1864
1864
1864
1864
1865
1865
1865
1865
1865
1865
1865
1866
1866
1866
1866
1866
1866
1866
1867
1867
1867
1867
1867
1867
1867
1867
1868
1164
1164
1164
1869
1869
1869
1869
1870
1870
1870
1870
1870
1870
1870
-1
1871
1871
1871
1872
1873
1873
1616
1874
1874
1874
1874
1874
1874
1875
1875
1875
1875
1875
1875
1875
1876
856
856
856
-1
1877
1877
1877
-1
1878
1878
1878
1879
1879
1879
1879
1880
1880
1880
1880
1880
1880
1880
-1
-1
-1
-1
-1
-1
-1
-1
-1
1881
1881
1881
-1
1882
1882
1882
1882
1883
1883
1884
1884
1884
1884
1884
1884
1884
-1
1885
1208
1208
-1
1886
1886
1886
-1
1887
1887
1887
-1
-1
1888
1352
-1
1889
1889
1889
-1
1890
1890
1890
-1
-1
1891
1891
-1
1892
1892
1893
1893
1893
1893
1893
1893
1894
1894
1894
1894
1894
1894
1894
1895
1895
1895
1895
1895
1895
1895
-1
1896
1646
1646
-1
1897
1897
665
-1
-1
1898
1898
1898
-1
1899
1899
1899
1900
1900
1900
1900
1900
1901
1901
1902
1902
1902
1902
1902
1902
1902
1903
1903
1903
1903
1903
1903
1903
1904
1904
1904
1904
1904
1904
1904
1905
1905
1905
1905
1905
1906
1906
1906
1906
1907
1907
1907
1907
1907
1908
1908
1908
1908
1909
1909
1909
1909
-1
1910
1910
1910
1911
1911
1911
1911
1911
1911
1911
1912
1912
1912
1912
1912
1912
1913
1913
1913
1913
1914
1914
1914
1914
1915
1915
1915
1915
1916
1916
1916
1916
1916
1916
1917
1917
1917
1917
1918
1918
1918
1918
1919
1919
1919
1919
1920
1920
1920
1920
1920
1921
1921
1921
1921
1922
1922
1922
1922
1923
1923
1923
1923
-1
-1
1924
1924
1924
1925
1925
1925
1925
1925
1925
1925
1926
1926
111
111
1927
1927
1927
1927
1928
1928
1928
1928
-1
1929
1552
1552
1552
1930
1930
1930
1930
1931
1931
1931
1932
1932
1932
1932
1933
1933
1933
1933
1934
1934
1934
1935
472
472
472
1936
1936
1936
1936
1937
1937
1937
1937
1937
1938
1938
1938
1938
1938
1938
1938
1939
1939
1939
1940
1940
1940
1940
1941
1941
1941
1941
1942
1942
1942
1942
1943
1943
1943
1943
1944
1944
1944
1944
1945
1945
1945
1945
1945
1945
1946
1946
1946
1946
1946
1946
-1
1947
1947
1947
1947
1948
1948
1948
1948
1948
1948
1948
1949
1949
1949
1949
1950
1950
1950
1951
1951
1951
1951
1952
1952
1314
1314
1953
1953
1953
1953
1953
1953
1953
1954
1954
1954
1954
1955
1955
1955
1955
1956
1956
1956
1956
1956
1956
-1
1957
1957
1957
-1
1958
1958
-1
1959
1959
1959
1960
1960
1960
1960
1960
1960
1960
-1
1961
1961
1961
-1
1962
1962
1962
-1
1963
1963
1963
1964
1964
1964
1964
1964
1964
1964
1965
1965
1965
1965
-1
1966
1966
-1
1967
1967
1967
-1
1968
1968
1968
1969
1969
1969
1969
1969
1970
1970
1970
1971
1971
1971
1972
1972
1972
1973
1974
1974
1974
-1
1975
670
670
1976
1976
1976
1976
1976
1976
1976
1976
1977
1977
1977
1977
1977
1977
1978
1978
1978
1978
1978
1979
1979
1979
1979
1979
1979
1979
1980
1980
1980
1980
1980
1980
1980
1980
1981
1981
1981
1981
1981
1981
1982
1982
1982
1982
1983
1983
1983
1983
1983
1983
1983
-1
-1
-1
-1
-1
1984
1984
1984
1984
1984
1984
1984
1985
1985
1985
1985
1985
1985
1986
1986
1986
1986
1986
1986
1986
1987
1987
-1
-1
1988
1988
-1
1203
1203
1203
1989
1989
1989
1989
1989
1989
1989
1990
1990
1990
1990
1990
1990
1990
1991
1991
1991
1991
1991
1991
1992
1992
1992
1992
-1
1993
1993
1993
-1
-1
-1
1994
1461
1995
1995
-1
1996
1996
1996
1997
1997
1997
1997
1997
1998
1998
1998
1998
1998
1998
1998
-1
1999
1999
-1
2000
2000
2000
-1
2001
2001
2001
-1
2002
2003
2003
-1
2004
2004
2004
2005
2005
2005
2005
2005
2005
2005
2006
2006
2006
2006
2006
2006
2006
2007
2007
2007
2007
2007
2007
2008
-1
2009
1436
-1
-1
2010
2010
-1
-1
2011
2011
-1
-1
2012
407
-1
2013
2013
1491
-1
1481
1481
-1
2014
2014
2014
2015
2015
2015
2015
2015
-1
2016
2016
-1
2017
2017
1966
-1
2018
809
-1
-1
2019
2019
2019
2019
2019
2019
2019
2020
2020
2020
2020
2020
2020
2020
2021
2021
2021
2022
2022
2022
2022
2023
-1
2024
2024
-1
2025
2026
2026
-1
2027
2027
2027
2027
2027
2028
2028
2028
2028
2028
-1
2029
2029
-1
2030
2030
2030
2031
2032
2032
2033
2033
2033
2033
2033
2033
2034
2034
2034
2034
2034
2034
2034
2034
2035
2036
2036
-1
2037
2037
2037
-1
-1
2038
2038
-1
2039
2039
2039
-1
2040
-1
2041
2041
2041
2041
-1
-1
2042
2042
2043
2043
2043
2043
2043
2043
-1
2044
1817
1817
1817
1817
1817
1817
2045
2045
2045
2045
2045
-1
-1
673
673
-1
-1
2046
-1
2047
2047
2047
2047
2047
2047
2047
-1
2048
2048
2049
2049
2049
2049
2050
2050
2050
1096
2051
2051
2052
1879
1879
1879
-1
2053
306
306
2054
2054
2054
2054
2054
2054
2054
2055
2055
2055
2055
2055
2055
2055
2055
2056
2056
2056
2056
2056
2056
2056
2057
2057
2057
366
2058
2058
2058
2058
2059
2059
2059
2059
2060
2060
2060
2060
2060
2060
2060
2060
2061
2061
2061
2061
2061
2061
2061
2062
2062
2062
2062
2062
2062
2063
2063
2063
2063
2063
2063
2064
2064
2064
2064
2064
2064
2065
2065
2065
2065
2066
1518
1518
1518
1518
1518
1518
2067
2067
2067
2067
2068
2068
2068
2068
2069
2069
2069
2069
2070
2070
2070
2070
2071
2071
2071
2071
2072
2072
2072
2072
2072
2072
2072
-1
2073
2073
2073
2074
2074
2074
2074
2075
2075
2075
2075
2076
2076
2076
2076
-1
2077
2077
-1
2078
2078
2078
-1
2079
2079
2079
-1
2080
2080
2080
-1
2081
2081
2081
2082
2082
2082
2082
2082
2082
2082
-1
-1
-1
-1
-1
2083
2083
2083
2084
2084
2084
2085
2085
2085
2085
-1
2086
2086
2086
2087
2087
2087
2087
2087
2087
2087
2088
2088
2088
2088
2088
2088
2088
2089
2089
2089
2089
2089
2089
2089
2090
2090
2090
2090
2090
2090
-1
2091
2091
2091
2091
2091
2091
2092
2092
2092
2092
2092
2092
2092
2093
2093
2093
2093
2094
2094
2094
2094
2095
2095
2095
2095
2095
2095
2095
2096
2096
2096
2096
2096
2096
2097
2097
2097
2098
2098
2098
2098
2099
2099
2099
2099
2099
2099
2100
2100
2100
2100
2101
2101
2101
2101
2101
2101
2101
2102
2102
2102
2102
2102
2102
2103
2103
2103
2103
2103
2103
2103
2104
2104
2104
2104
2104
2104
2105
2105
2105
1466
2106
2106
2106
2106
2107
2108
2108
2108
-1
-1
-1
2109
2109
1664
2110
2110
2110
2110
2110
2110
2111
2111
2111
2111
2111
2111
2111
2112
2112
2112
2112
2112
2112
2112
-1
2113
2113
2113
2113
2113
2114
2114
2114
2114
2114
2114
2114
2115
2115
2115
2115
2116
2116
2116
2116
2117
2117
2117
2117
2118
2118
2118
2118
2119
2119
2119
2119
2120
2120
2120
2120
2121
2121
2121
2121
2122
1405
1405
1405
1405
1405
2123
2123
2123
2123
2123
2123
2123
2124
2124
2125
2125
2125
2125
2126
2126
2126
2126
2127
2127
2127
2127
2128
1562
1562
1562
2129
2129
2129
2129
2129
2129
2130
2130
2130
2130
2130
2131
2131
2131
2131
2132
2132
2132
2132
2132
2133
2133
2133
2133
2133
2133
2133
-1
2134
2134
2134
81
2135
2135
2135
2135
2136
2136
2136
2137
2137
2137
2138
2138
2138
2139
2139
2139
2139
2139
2139
2139
2140
2140
2140
2140
2140
2140
2140
2141
2141
2141
2141
2141
-1
-1
2142
2142
2142
2142
2142
2143
2143
2143
2143
2143
2143
2143
2144
2144
2144
2145
2145
2145
2145
2146
2146
2146
2146
2146
2146
2147
2147
2147
2147
2147
2147
2147
2148
2148
2149
2149
2149
255
2150
2150
2150
2151
2151
2151
2151
2151
2151
2152
2152
2152
2152
2153
2153
2153
2153
-1
2154
2154
2154
2155
2155
2155
2155
2155
2155
2156
2156
2156
2156
2156
2156
2156
2157
2157
2157
2157
2158
2158
2158
2158
2158
2158
2158
2159
2159
2159
2159
2160
2160
2161
2161
2162
2162
2162
2162
2163
2163
2163
2163
2163
2164
2164
2164
2165
2165
2165
2166
2166
2166
2166
2167
2167
2167
2167
2167
2167
2168
2168
2168
2168
2168
2168
2168
2169
2169
367
367
-1
2170
2170
2170
2170
2170
2171
2171
2172
2172
2172
2173
2173
2173
2173
2173
2173
2173
2174
2174
2174
2174
2174
2174
2174
2175
2175
2175
2175
2175
2175
2175
2176
2176
2176
2176
2177
2177
2177
2177
2177
2177
2178
2178
2178
2178
2178
2178
2179
2179
2179
2179
2180
2180
2180
2180
2181
1172
1172
1172
2182
2182
2182
2182
2183
2183
2183
2183
2184
2184
2184
2184
2185
2185
2185
2185
2186
2186
2186
2186
2186
2186
2186
2187
2187
2187
2187
2187
2188
2188
2188
2188
2189
2189
2189
2189
2190
2190
2190
2190
2190
2190
2191
2191
2191
2192
2192
2192
-1
2193
2193
2193
2193
-1
2194
2194
2194
2194
2195
2195
2195
2195
2195
2195
2195
2196
2196
2196
2196
-1
2197
2197
2197
-1
2198
2198
2198
2199
2199
2199
2199
2199
2199
-1
2200
2200
2200
2201
2201
2201
2202
2202
2202
2202
2202
2202
2202
2203
2203
2203
2203
2203
2203
2203
2204
2204
2204
2205
2205
-1
-1
-1
2206
2206
2206
2206
2206
2207
2207
2207
2207
2208
2208
2208
2208
2208
2208
2208
2208
-1
2209
2209
1300
-1
2210
2210
2210
-1
688
2211
2211
-1
2212
2212
1993
-1
2213
2213
2213
-1
2214
2214
2214
1288
1288
1288
1288
2215
2215
2215
2216
2216
2216
2216
2217
2217
2217
2217
2218
2218
2218
2218
2219
2219
2219
2219
2219
2219
2219
2220
138
138
138
2221
2221
2221
571
2222
2222
2222
2222
2223
2223
2223
2223
2224
792
792
792
2225
2225
2225
2225
2225
2225
2225
2226
2226
2226
2226
2226
2226
2226
2227
2227
2227
2227
2227
2227
2227
2228
959
959
2229
2229
2229
2229
2230
2230
2230
2230
2230
2230
2230
2231
2231
2231
2231
2232
2232
2232
2232
2232
2232
2233
2233
2233
2233
2234
2234
2234
2234
2235
2235
2235
2235
2236
2236
2236
2237
2237
2237
2238
2238
2238
2238
2239
2239
2239
-1
2240
2240
2240
2241
2241
2241
-1
2242
2242
2242
2242
2242
2242
2243
2243
2243
2243
2243
2243
2243
2244
2105
2105
2105
2245
2245
2245
2245
2246
2246
2246
2246
2247
2247
2247
2247
2248
2248
2248
2249
2249
2249
2249
2250
2250
2250
2250
2250
2250
2250
2251
2251
2251
2251
2251
2251
2251
2252
2252
2252
2252
2252
2252
2252
2253
2253
2253
2253
2253
2254
2254
2254
2254
-1
-1
-1
-1
2255
2255
2255
2255
2255
2256
2256
2256
2256
2256
-1
2257
2257
2257
2257
2257
2257
2257
2258
2258
2258
2258
2258
2258
2258
-1
2259
2259
2259
2260
2260
-1
2261
2261
2261
2262
2262
2262
2262
2263
2263
2263
2263
2263
2264
2264
2264
2264
2265
2265
2265
2265
2265
2265
2265
2265
-1
2266
2266
2266
2267
2267
2267
2267
2267
2267
2267
-1
2268
2268
2268
2269
2269
2269
-1
2270
2270
2270
2271
2271
2271
2271
2271
2271
2272
2272
2272
2272
2272
2272
2272
2272
-1
2273
2273
2273
2274
2274
2274
-1
2275
2275
2275
-1
2276
178
178
-1
2277
2277
2277
2278
2278
2278
2278
-1
2279
2279
2279
2280
2280
2280
2280
2280
2280
2281
2281
2281
2281
2281
2281
2282
2282
2282
2282
2282
2282
2282
-1
2283
2283
9
2284
2284
2284
-1
2285
2285
2285
2286
2286
2286
2286
2286
2286
2286
-1
2287
2287
2287
-1
2288
2288
2288
-1
2289
2289
2289
-1
2290
2290
2290
-1
2291
2291
2291
2292
2292
2292
2293
2293
2293
2293
2293
2293
2293
2293
2294
2294
2294
2294
2294
2294
-1
2295
2295
2295
-1
-1
2296
2296
-1
2297
728
728
2298
2298
2298
2298
2298
2298
2299
2299
2299
2299
2299
2300
2300
2300
2300
2300
2300
2301
1395
1395
1395
1395
2302
2303
2303
2303
2304
2304
2304
2304
-1
2305
2305
2305
2306
2306
2306
2306
-1
2307
2307
2307
2308
2308
2308
2308
-1
2309
2309
2309
2310
2310
2310
2310
-1
2311
2311
2311
-1
2312
2312
2312
2313
2313
2313
2313
2313
2313
2313
-1
2314
2314
2314
2315
2315
2315
2315
2316
2316
2316
2316
2317
2317
2317
2317
-1
2318
2318
2318
-1
2319
2319
2319
-1
2320
2320
2320
2321
2321
2321
2321
2322
2322
2322
2322
2323
2323
2323
2323
2324
2324
2324
-1
2325
831
831
-1
2326
2326
2326
2327
2327
2327
2327
-1
2328
2328
2328
-1
2329
2329
2329
-1
2330
2330
2330
-1
2331
2331
2331
2332
2332
2332
2332
2332
2332
2333
2333
2333
2333
2333
-1
2334
2334
2334
-1
2335
2335
2335
-1
2336
2336
2336
-1
-1
-1
2337
2337
2337
2337
-1
2338
2338
2338
-1
2339
2339
2339
-1
2340
2340
2340
-1
2341
2341
2341
2342
2342
2342
2342
-1
2343
2343
2344
1676
-1
2345
2345
2345
2345
2346
2346
2346
2346
2346
-1
-1
2347
2347
2347
2348
2348
2348
2348
2349
2349
2349
2349
2349
2349
2349
-1
2350
2350
2350
-1
2351
2351
2351
2352
-1
2353
2353
-1
2354
2354
2354
2354
2354
-1
-1
1686
1686
2355
2356
2356
2356
-1
2357
2357
2357
-1
2358
2358
2358
2359
2359
-1
2360
2360
2360
-1
2361
2361
-1
2362
2362
-1
2363
2363
2363
-1
2364
2364
2364
-1
2365
2365
2365
-1
-1
-1
2366
2366
2366
2366
2366
2366
2366
2367
2367
2367
2367
-1
2368
2368
2368
2368
2368
2368
-1
2369
2369
1815
-1
2370
2370
2370
1508
1508
1508
1508
1508
1508
1508
-1
2371
2371
2371
-1
2372
2372
2372
-1
2373
-1
2374
2374
2374
2375
2375
2375
2375
2375
2375
2375
2376
2376
2376
2376
2376
2376
2376
-1
-1
2355
2355
2355
-1
2377
2378
2378
-1
-1
2379
2379
-1
2380
2380
2380
2381
2381
2381
2381
2381
2381
2382
2382
2382
2382
2382
2382
2382
2383
2383
2383
2383
2383
-1
-1
2384
2384
2385
2385
2385
2385
2385
2385
2385
-1
2386
2386
1243
-1
2387
2387
2387
-1
2388
2388
2389
2389
2389
2389
2389
2389
2389
2390
2390
2390
2390
2391
1452
1452
1452
2392
2392
2392
2392
2393
2393
2393
2393
2394
2394
2394
2394
2395
2395
2396
2396
2396
2397
2397
2397
2397
2397
2397
2398
2398
2398
2398
2398
2398
2398
2399
376
376
2400
2400
2401
2401
2401
2401
2402
2402
2402
2402
2402
2402
2402
2403
2403
1723
1723
2404
2404
2404
2404
2404
2404
2405
2405
2405
2405
2405
2405
2406
2406
2406
2406
2406
2406
2406
-1
2407
2407
2407
2408
2408
2408
2408
2408
2408
2408
-1
-1
2409
2409
-1
2410
2410
2410
-1
2411
2411
2411
2412
2412
2412
2412
2412
2412
2412
-1
2413
2413
2413
-1
2414
52
52
2415
2415
2415
2415
2415
2415
2415
2416
2416
2416
2417
2417
2417
2417
2417
2417
2418
2418
2418
2418
2418
2418
2418
2419
2419
2419
2420
2420
2420
2420
2420
2420
2420
2421
2421
2421
2421
2421
2422
2422
2422
2422
2422
2422
2423
2424
2424
2424
2425
2425
2425
2425
-1
2426
2426
2426
-1
2427
2427
2427
2428
2428
2428
2428
2429
2429
2429
2434
2430
2430
2430
2430
2430
2430
2431
2431
2431
2431
2431
2432
2432
2432
2432
2432
2433
2433
2433
2433
2433
2433
2434
2434
2434
2429
2435
2435
2435
2435
2435
2436
2436
2436
2437
2437
2437
2437
-1
876
876
-1
2438
2438
2438
-1
2439
2439
2439
-1
2440
2440
2440
-1
2441
2441
2441
-1
2442
2442
-1
2443
2261
2261
2444
2444
69
2445
2445
2445
2445
2445
2446
2446
2446
2446
2446
2446
2446
2446
2447
2447
2447
2447
2447
2447
2447
2448
2448
2448
2448
2448
-1
2449
2449
2449
2450
2450
2450
2450
2451
2451
2451
194
2452
2452
2452
2452
2452
2452
2453
2453
2453
2453
2453
2454
2454
2454
2454
2454
2454
2454
2455
977
977
977
2456
2456
2456
2456
2456
2456
2456
2457
2457
2457
2457
2457
2457
2457
2458
2458
2458
2458
2458
2458
2459
2459
2459
2459
2459
2459
2459
2460
2460
2460
2460
2460
2460
2460
2461
2461
2461
2461
2461
2461
2461
2462
2462
2462
2462
2463
2463
2463
2463
2463
2463
2463
2464
2464
2464
2464
2464
2464
2464
2465
2465
2465
2465
2465
2465
2465
2466
2466
2466
2466
2467
2467
2467
2467
2467
2467
2467
2468
2468
2468
2468
2468
2468
2468
2247
1828
1828
1828
2469
1132
1132
1132
1132
1132
1132
1132
2470
132
132
132
2471
2471
2471
2471
-1
2472
1614
1614
-1
2473
2474
2474
-1
2475
2475
2475
-1
2476
2476
2477
2477
2477
-1
2478
2478
2478
-1
2479
2479
2479
-1
2480
2480
2480
2481
2482
2482
1171
-1
2483
2483
2483
-1
2484
2484
2484
-1
2485
2485
2485
-1
1567
1567
1567
2486
2486
2486
2486
2486
2487
2487
2487
2487
2488
2488
2488
2488
2488
2489
2489
2489
2489
2489
2489
2489
2490
2490
2491
2491
2491
2491
2491
2491
2492
2492
2492
2492
2492
-1
2493
2493
2493
2494
2494
2494
2494
-1
2495
2495
2495
-1
2496
2496
2496
2497
-1
2498
2498
2499
2500
2500
2500
-1
2501
2501
2501
-1
2502
2502
2502
2503
2503
2503
2503
2503
2503
2504
2504
2504
2504
2504
2504
2504
2505
2506
2506
2506
-1
2507
2507
-1
2508
2508
2508
-1
2509
2509
2509
-1
2510
2510
2510
2511
2511
2511
2511
2511
2512
2512
2512
2512
2512
-1
2513
2513
2513
-1
2514
2514
2514
2515
-1
2516
2516
2517
2517
2517
2517
2517
2517
2517
2518
2518
2518
2518
2518
2518
2518
-1
2519
2198
2520
2521
2521
2521
2522
2523
2523
2523
-1
190
2524
2524
-1
2525
2525
2525
2526
2526
2526
2526
2526
2526
2526
-1
2527
2527
2527
-1
2528
2528
2528
-1
2529
2529
2529
-1
-1
2530
807
-1
2531
2531
2531
-1
2532
2532
2532
-1
2352
2352
2352
-1
2533
2533
2533
415
-1
-1
-1
2534
2534
2534
2534
-1
-1
2535
2535
2536
2536
2536
2536
2536
2536
-1
-1
-1
-1
-1
2537
2537
2537
-1
2538
2538
2538
-1
2539
2539
2539
2540
43
43
43
43
43
43
43
-1
-1
2541
2541
-1
-1
-1
1544
2542
2542
2542
2542
2542
2542
2542
2543
2544
2544
2544
2544
2544
-1
-1
-1
-1
-1
2545
2545
2545
-1
-1
1061
-1
-1
-1
2546
2546
-1
2547
2547
2547
2548
2548
2548
2548
2549
2549
2550
2550
2550
2550
2551
2551
2551
2552
2552
2552
2552
2553
2553
2553
2553
2554
2554
2554
2554
2555
2555
2555
2555
2556
2556
2556
2556
2557
2557
2557
2557
2557
2557
2558
2558
2558
2558
2559
2559
2559
2559
2559
2559
2559
2560
2560
671
671
2561
2561
2561
2561
2562
2562
2562
2562
2563
2563
2563
2563
