-1
0
0
0
-1
1
1
1
-1
2
2
2
-1
3
3
3
4
4
4
4
-1
5
5
6
6
6
6
-1
7
7
7
8
8
8
8
9
9
9
9
-1
10
10
10
-1
11
11
11
-1
12
12
12
13
13
14
14
14
14
14
14
14
-1
15
15
15
15
-1
16
16
16
-1
17
17
17
-1
18
18
18
-1
19
19
19
20
20
20
20
21
21
21
21
21
-1
22
22
22
23
23
23
23
-1
24
24
24
25
25
25
25
26
26
26
26
27
27
27
27
28
28
28
28
-1
29
29
29
-1
30
30
30
-1
31
31
31
-1
32
32
32
-1
33
33
33
34
34
34
34
35
35
20
20
36
36
36
36
37
37
37
37
38
38
38
38
39
39
39
39
40
40
40
40
41
41
41
41
42
42
42
42
43
34
34
34
44
44
44
44
45
45
45
45
46
46
46
46
-1
-1
-1
47
47
47
48
48
48
48
49
49
49
49
50
50
50
50
-1
-1
-1
51
51
51
52
52
52
52
53
-1
54
50
55
55
55
55
56
56
56
56
57
57
57
57
58
58
58
58
58
58
59
59
59
59
59
59
60
60
60
60
60
60
-1
61
61
61
-1
62
62
62
-1
63
63
63
-1
64
64
64
-1
65
65
65
-1
66
66
66
67
67
67
67
67
67
67
68
68
68
68
-1
69
69
69
-1
70
70
70
71
71
71
71
71
72
72
72
72
72
73
73
73
73
74
74
74
74
74
74
74
75
75
75
75
76
76
76
76
77
77
77
78
78
78
78
78
78
78
79
79
79
79
79
79
79
79
80
80
80
80
81
81
81
81
82
82
82
82
83
83
83
83
84
84
84
84
84
-1
85
85
85
86
86
86
86
86
86
86
-1
87
87
87
88
88
88
88
88
88
89
89
89
89
89
89
89
90
90
90
90
91
91
91
91
92
92
92
93
93
93
94
94
94
94
95
95
95
95
95
95
95
-1
96
96
96
97
97
97
97
98
98
98
98
98
98
98
-1
99
99
99
-1
100
100
100
-1
101
101
101
-1
102
102
102
-1
103
103
103
-1
104
104
104
-1
105
105
105
-1
106
106
106
-1
-1
107
107
108
108
-1
109
109
-1
110
110
110
-1
111
111
111
112
112
112
112
112
112
112
-1
113
113
113
-1
114
114
114
-1
115
115
115
116
116
116
116
116
116
117
117
117
117
117
118
118
118
118
118
-1
119
119
119
-1
120
120
120
121
121
121
121
121
122
122
122
122
122
-1
123
123
123
-1
124
124
124
-1
-1
-1
-1
125
125
-1
126
126
126
-1
127
127
127
128
128
128
128
128
128
129
129
129
129
129
129
129
129
130
130
130
130
130
130
131
131
131
131
131
131
131
132
132
132
132
132
132
133
133
133
133
133
133
134
134
134
134
134
-1
135
135
-1
136
136
136
-1
137
137
137
-1
-1
138
138
-1
139
139
139
-1
140
140
140
-1
-1
141
141
-1
-1
142
142
-1
143
143
143
-1
144
144
144
-1
145
145
145
-1
146
147
115
-1
-1
-1
-1
-1
148
148
-1
-1
149
149
-1
150
150
150
151
151
151
151
151
-1
152
152
152
-1
153
153
153
154
154
154
154
154
154
155
155
155
155
155
155
156
156
156
157
157
157
158
158
158
158
158
158
158
159
159
159
159
159
159
160
160
160
160
-1
161
161
161
-1
-1
162
162
-1
-1
163
163
-1
-1
164
164
-1
165
165
165
-1
166
166
167
167
167
167
167
167
167
167
168
168
168
168
168
168
169
169
169
169
169
169
170
170
170
170
170
170
-1
-1
171
171
-1
-1
-1
172
172
172
173
173
173
173
173
-1
-1
-1
-1
174
174
174
-1
175
175
175
-1
176
176
176
-1
177
177
178
178
178
178
178
178
178
179
179
179
179
179
179
180
180
180
180
180
180
181
181
181
182
182
182
182
182
182
-1
-1
183
183
184
184
184
184
184
184
184
185
185
185
185
185
186
186
186
186
186
186
187
187
187
187
188
188
188
188
188
188
188
188
189
189
189
189
190
190
190
190
190
190
190
191
191
191
191
192
192
192
193
193
193
194
194
194
194
194
194
194
195
195
195
195
196
196
196
196
197
197
197
197
198
198
198
198
-1
199
199
199
200
200
200
-1
201
201
201
202
202
202
202
202
-1
203
203
203
-1
204
204
204
-1
205
205
205
-1
206
206
206
-1
-1
-1
207
207
207
207
207
207
207
208
208
208
208
208
208
208
209
209
209
209
209
209
-1
210
210
210
210
210
210
210
211
211
211
211
211
211
211
212
212
212
212
-1
213
213
213
-1
214
214
214
215
215
215
216
216
217
217
217
218
218
218
218
218
218
218
-1
-1
219
219
220
220
220
220
220
220
221
221
221
221
221
222
222
222
222
222
222
222
223
223
223
223
224
224
224
224
224
224
224
225
225
225
225
226
226
226
226
226
226
226
227
227
227
227
-1
228
228
228
-1
229
229
229
230
230
230
230
230
230
230
230
231
231
231
232
232
232
233
233
233
233
233
234
234
234
234
234
234
235
235
235
-1
236
236
236
-1
237
237
238
238
238
238
238
239
239
239
239
240
240
240
241
241
241
241
241
242
242
242
242
242
243
243
243
243
244
244
244
244
245
245
245
246
246
246
246
246
246
-1
247
247
247
248
248
248
248
-1
249
249
249
-1
250
250
250
251
251
251
251
-1
252
252
252
253
253
253
253
254
254
254
254
254
254
254
255
255
255
255
256
256
256
257
257
257
257
257
257
257
257
258
258
258
258
259
259
259
260
260
260
-1
261
261
261
262
262
262
262
262
262
-1
263
263
263
263
263
263
263
-1
264
264
264
264
265
265
265
265
266
266
266
266
-1
267
267
267
267
267
268
268
268
268
268
269
269
269
269
269
269
269
270
270
270
270
270
270
270
270
271
271
271
271
271
-1
272
272
273
273
273
273
273
273
273
274
274
274
274
275
275
275
275
276
276
276
276
276
276
276
-1
277
277
277
278
278
278
278
278
278
278
279
279
279
279
279
279
279
280
280
280
280
281
281
281
281
282
282
282
282
283
283
283
284
284
284
284
284
285
285
285
286
286
286
286
287
287
287
287
288
288
288
288
288
288
289
289
289
289
289
289
289
290
290
290
290
291
291
291
291
292
292
292
293
293
293
293
294
294
294
294
295
295
295
295
295
295
295
295
296
296
296
296
297
297
297
297
297
298
298
298
298
298
299
299
299
299
300
300
300
300
301
301
301
301
301
302
302
302
302
303
303
303
303
304
304
304
304
305
305
305
305
306
306
306
307
307
307
308
308
308
308
309
309
309
309
-1
-1
310
310
-1
-1
311
311
312
312
312
312
313
313
313
313
313
313
313
-1
-1
314
314
314
314
314
-1
315
315
315
315
315
315
315
316
316
316
316
-1
317
317
317
-1
318
318
318
-1
319
319
319
320
320
320
320
-1
321
321
321
322
322
322
322
323
323
323
323
324
324
324
324
324
324
324
325
325
325
325
325
326
326
326
326
326
327
327
327
327
327
327
-1
328
328
328
-1
329
329
329
330
330
330
330
331
331
331
331
332
332
332
333
333
333
333
333
334
334
334
334
334
334
334
-1
335
335
335
336
336
337
337
337
337
337
337
337
338
338
338
338
338
339
339
339
339
340
340
340
340
341
341
341
341
342
342
342
342
343
343
343
344
344
344
345
345
345
346
346
346
346
347
347
347
347
348
348
348
348
348
348
348
349
349
349
349
349
349
349
350
350
350
350
351
351
351
351
352
352
352
352
353
353
353
353
353
353
353
354
354
354
354
354
354
354
355
355
355
355
356
356
356
356
357
357
357
357
358
358
358
358
358
358
358
359
359
359
359
359
359
360
360
360
361
361
361
-1
362
362
362
-1
363
363
363
-1
364
364
64
365
365
365
365
365
366
366
367
367
367
367
367
368
368
368
368
368
368
368
369
369
369
369
369
369
369
369
370
370
370
370
370
370
370
371
371
371
372
372
372
372
-1
373
373
373
-1
-1
-1
-1
-1
-1
-1
-1
-1
-1
-1
-1
-1
-1
-1
374
374
374
375
375
375
375
376
376
376
376
377
377
377
377
-1
-1
-1
-1
-1
-1
-1
-1
-1
378
378
378
378
378
378
379
379
-1
380
380
380
-1
381
381
381
381
381
381
382
382
382
382
382
382
382
383
383
383
383
383
383
384
384
384
384
385
385
385
385
386
386
-1
-1
387
387
387
388
388
388
388
388
388
388
389
389
389
390
390
390
-1
391
391
391
392
392
392
392
392
392
392
393
393
393
393
393
393
393
393
-1
394
394
394
-1
395
395
395
-1
396
396
396
397
397
397
-1
398
398
398
-1
399
399
399
-1
400
400
400
-1
401
401
401
-1
402
402
402
-1
403
403
403
404
404
404
404
404
404
405
405
405
405
406
406
406
406
406
406
406
407
407
407
407
407
-1
408
408
408
409
409
409
409
409
410
410
410
410
410
410
410
411
411
411
411
411
411
412
412
412
413
413
413
413
-1
414
414
414
415
415
415
415
415
415
415
415
416
416
416
416
416
417
417
417
-1
418
418
418
-1
419
419
419
-1
420
420
420
-1
421
421
421
-1
422
422
422
-1
423
423
423
424
424
424
424
424
424
424
425
425
425
425
425
425
425
425
426
426
426
426
426
-1
427
427
427
-1
428
428
428
-1
429
146
146
-1
430
430
430
431
431
431
-1
-1
-1
-1
-1
432
432
432
-1
433
433
433
-1
434
434
434
-1
-1
435
435
436
436
437
437
437
437
438
438
439
439
439
440
440
440
441
441
441
441
442
442
442
443
443
443
443
444
444
444
444
445
445
445
445
445
445
445
445
-1
446
446
447
447
447
447
447
447
447
448
448
448
448
448
448
448
449
449
449
449
450
450
450
450
450
451
451
451
451
452
452
452
452
452
452
452
453
453
453
453
453
454
454
454
454
455
455
455
455
456
456
456
457
457
457
457
458
458
458
458
459
459
459
459
459
459
459
460
460
460
460
461
461
-1
-1
-1
462
462
462
463
463
463
463
463
463
464
464
464
464
464
464
465
465
465
465
465
465
465
466
466
466
466
466
466
467
467
467
467
467
467
-1
-1
468
468
468
468
468
468
468
-1
469
469
469
470
470
470
470
-1
471
471
471
471
471
471
472
472
472
472
473
473
473
473
474
474
474
474
474
475
475
475
475
476
476
476
476
477
477
477
477
478
478
478
478
478
478
479
479
479
479
479
479
479
480
480
480
480
480
481
481
481
481
482
482
482
482
482
483
483
483
483
484
484
485
485
486
486
486
486
487
487
487
487
487
487
487
488
488
488
488
488
488
-1
-1
-1
489
489
489
-1
490
490
490
491
491
491
491
491
-1
492
492
492
492
493
493
493
493
494
494
494
494
495
495
495
-1
496
496
496
-1
-1
497
497
-1
-1
-1
498
498
498
499
499
499
499
499
499
500
500
500
500
500
500
500
501
501
501
501
501
501
501
-1
502
502
502
503
503
503
503
503
503
-1
504
504
504
-1
505
505
505
-1
506
506
506
-1
507
507
507
-1
508
508
509
509
510
510
510
510
510
510
510
511
511
511
511
512
512
512
512
512
512
513
513
513
514
514
514
514
515
515
515
515
516
516
517
517
517
517
517
517
517
518
518
518
519
519
519
519
520
520
520
520
521
521
521
521
521
521
-1
522
522
522
522
522
522
522
523
523
523
523
523
523
523
523
524
524
524
524
524
524
524
525
525
525
525
525
525
525
526
526
526
526
527
527
527
527
527
528
528
528
528
-1
529
529
529
530
530
530
530
531
531
531
531
532
532
533
533
533
533
534
534
535
535
535
535
535
535
535
536
536
536
536
536
536
536
537
537
537
537
537
537
538
538
538
538
538
539
539
539
539
-1
540
540
540
541
541
541
541
541
541
541
-1
-1
542
542
542
-1
543
543
543
-1
544
544
544
-1
-1
-1
-1
545
545
546
546
546
546
546
546
546
-1
547
547
547
-1
548
548
548
549
549
549
549
549
550
550
550
550
551
551
551
551
552
552
552
552
552
552
552
553
553
553
553
554
554
554
554
555
555
555
555
556
556
556
556
557
557
557
557
557
558
558
115
115
559
559
559
559
560
560
560
560
561
561
561
561
562
562
-1
563
563
563
563
564
564
564
564
-1
-1
-1
565
565
565
565
566
566
566
566
567
567
567
567
568
568
568
568
569
569
569
569
570
570
570
570
571
571
571
571
571
571
571
571
572
572
572
572
573
573
573
573
574
302
575
575
575
575
576
576
576
576
577
577
577
577
578
578
578
578
579
579
579
579
580
580
580
580
581
581
581
581
582
582
582
583
583
583
583
583
583
583
584
584
584
584
584
584
584
585
585
585
585
585
585
585
586
586
586
586
586
-1
587
587
587
587
587
587
587
587
588
588
588
588
-1
589
589
589
589
590
590
590
590
590
590
590
590
591
591
591
591
592
592
592
592
592
-1
593
593
593
594
594
594
594
594
594
594
595
595
595
595
595
595
595
-1
596
596
596
-1
597
597
597
597
597
-1
-1
598
598
-1
-1
599
599
-1
600
600
600
600
601
601
601
601
601
602
602
602
602
602
602
-1
603
603
603
-1
604
604
604
-1
605
605
605
606
606
606
606
606
606
606
606
607
607
607
607
607
607
607
608
608
609
609
609
609
-1
610
610
610
-1
611
611
611
-1
612
612
-1
613
613
613
-1
614
614
614
-1
615
615
615
616
616
616
616
616
-1
617
617
-1
618
618
618
-1
619
619
619
620
620
620
621
621
621
621
621
621
621
-1
-1
622
622
622
-1
-1
623
623
624
624
624
624
624
624
624
625
625
625
625
625
625
625
-1
626
626
626
-1
627
627
628
628
628
628
628
628
629
629
629
629
629
629
629
-1
-1
-1
-1
630
630
-1
631
631
631
-1
632
632
632
-1
633
633
633
-1
634
634
634
-1
635
635
635
-1
-1
636
636
-1
637
637
637
638
638
638
638
638
638
638
-1
639
639
639
640
640
640
640
640
-1
641
641
641
642
642
642
642
642
642
643
643
643
643
643
644
644
644
644
645
645
645
645
645
645
645
646
646
646
-1
647
647
647
-1
648
648
648
649
649
649
649
649
-1
650
650
650
651
651
651
651
651
651
651
652
652
652
652
652
652
652
-1
653
653
653
654
654
654
654
654
654
654
-1
655
655
655
656
656
656
657
657
657
657
657
657
657
658
658
658
658
658
658
659
659
659
659
659
659
659
-1
-1
-1
660
660
660
-1
661
661
661
662
663
663
663
-1
664
664
664
665
665
665
665
666
666
666
666
-1
-1
667
667
-1
668
668
668
-1
669
669
669
670
670
670
670
-1
671
671
671
-1
672
672
673
673
673
673
674
674
674
674
674
674
675
675
675
675
675
675
675
-1
-1
676
676
677
677
677
677
677
677
677
678
678
678
678
678
678
678
-1
679
679
679
680
680
680
680
680
680
680
681
681
681
681
681
681
681
682
682
682
682
682
682
683
683
683
683
683
684
684
684
684
684
685
685
685
685
685
685
685
685
686
686
686
686
687
687
687
687
687
687
687
688
688
688
688
689
689
689
689
690
690
690
690
690
690
690
691
691
691
691
692
692
692
692
692
692
693
693
693
693
694
694
694
694
695
695
695
695
696
696
696
697
697
697
697
697
698
698
699
699
699
699
699
699
699
699
-1
700
700
700
701
701
701
701
-1
702
702
702
703
703
703
703
703
703
-1
704
704
704
704
704
-1
705
705
705
706
706
706
706
706
706
706
707
707
707
707
707
-1
708
708
708
708
708
708
708
708
-1
709
709
709
710
710
710
710
711
711
711
711
712
712
712
712
712
712
713
713
714
714
714
714
715
715
715
715
-1
716
716
716
716
716
716
716
-1
-1
717
717
717
-1
718
718
718
-1
719
719
-1
720
720
720
721
721
721
721
721
722
722
722
722
722
722
722
723
723
723
-1
724
724
724
724
724
724
724
724
725
725
725
725
726
726
726
726
727
727
727
727
727
727
727
-1
728
728
728
729
729
729
729
729
729
729
-1
-1
730
730
-1
731
731
731
-1
732
732
732
-1
-1
733
733
734
734
734
734
734
734
-1
-1
735
735
-1
736
736
736
-1
737
737
737
738
738
738
738
738
738
738
-1
739
739
739
-1
-1
740
740
-1
741
741
741
-1
742
742
742
-1
-1
743
743
-1
744
744
-1
-1
745
745
-1
-1
746
746
-1
-1
747
747
-1
-1
748
748
-1
-1
749
749
-1
-1
-1
-1
750
750
750
750
750
750
751
751
751
751
751
751
751
-1
752
752
752
753
753
753
753
754
754
754
755
755
755
755
755
755
755
756
756
756
756
756
756
756
-1
757
757
757
758
758
758
758
758
-1
759
759
759
760
760
760
760
760
761
761
761
761
761
762
762
762
762
762
762
762
763
763
763
763
763
763
763
764
764
764
764
765
765
765
765
765
765
765
766
766
766
767
767
767
767
768
768
768
768
769
769
769
770
770
770
770
770
770
770
771
771
771
771
771
-1
772
772
772
772
772
772
772
773
773
773
773
774
774
774
774
774
774
774
775
775
775
775
776
776
776
776
-1
777
777
777
778
778
778
778
778
778
778
-1
779
779
779
780
780
780
780
-1
781
781
781
782
782
782
782
783
783
783
783
783
783
784
784
784
784
784
784
-1
785
785
-1
786
786
786
-1
787
787
787
-1
788
788
788
-1
789
789
789
-1
-1
790
598
-1
791
791
791
-1
792
792
792
-1
-1
793
793
793
-1
794
794
794
-1
795
795
795
796
796
796
796
797
797
797
797
797
797
797
798
798
798
798
799
799
799
800
800
800
801
801
801
801
801
801
801
802
802
802
802
802
802
802
803
803
803
803
804
804
804
804
-1
-1
-1
805
805
-1
806
806
806
-1
807
807
807
-1
808
808
808
-1
809
809
809
810
810
810
810
810
810
810
-1
811
811
316
-1
812
812
812
-1
813
813
813
814
814
814
814
814
815
815
815
815
815
815
815
816
816
816
816
816
817
817
817
817
818
818
818
818
818
819
819
819
819
820
820
820
820
821
821
821
821
822
822
822
822
-1
-1
823
823
823
824
824
824
824
824
824
824
825
825
825
825
826
826
826
827
827
827
827
828
828
828
829
829
829
829
830
830
830
830
830
831
831
831
831
831
831
831
832
832
832
832
833
833
833
833
834
834
834
834
834
834
-1
835
835
835
835
836
836
836
-1
837
837
837
-1
838
838
838
-1
839
839
839
840
840
840
840
840
840
840
841
842
842
842
843
843
843
843
843
843
843
843
844
844
844
844
844
844
845
845
845
845
845
845
845
845
-1
-1
-1
-1
846
846
846
846
846
846
846
847
847
-1
-1
848
848
-1
-1
849
849
-1
850
850
850
851
851
851
851
851
852
852
852
852
852
852
852
-1
853
853
-1
854
854
854
-1
855
855
855
856
856
856
856
856
856
856
-1
857
857
857
-1
858
858
858
859
859
859
859
859
859
859
-1
-1
860
860
-1
861
861
862
-1
863
863
863
-1
864
864
864
864
-1
865
865
865
865
865
-1
-1
-1
-1
866
866
867
867
867
867
867
867
867
868
868
868
868
868
868
869
869
869
869
870
870
870
870
871
871
871
871
872
872
872
872
-1
873
873
-1
874
874
874
-1
875
875
875
876
876
876
876
876
876
876
-1
877
877
877
878
878
878
879
879
879
879
879
879
879
880
880
880
880
880
880
880
-1
881
881
881
881
881
881
882
882
882
882
883
883
883
884
884
884
884
884
884
885
885
885
885
886
886
886
886
886
886
886
887
887
887
887
887
887
888
888
888
888
888
888
888
-1
889
889
889
-1
890
890
890
891
891
891
891
891
891
892
892
892
892
893
893
893
893
894
894
894
894
895
895
895
895
896
896
896
896
897
897
897
897
898
898
898
898
899
899
899
899
900
900
900
900
900
-1
901
901
901
901
902
902
902
903
903
903
904
904
904
-1
905
905
905
905
905
906
906
906
906
906
906
906
907
907
907
908
908
908
908
908
908
909
909
909
909
909
909
909
910
910
910
910
911
911
911
911
912
912
912
912
912
912
912
913
913
913
913
914
914
914
914
915
915
915
915
915
916
916
916
917
917
917
917
917
917
918
918
918
918
918
918
918
-1
919
919
920
920
920
921
921
921
921
921
921
921
922
922
922
922
922
922
922
923
923
923
923
924
924
924
924
924
924
925
925
925
925
926
926
926
926
927
927
927
927
928
928
928
928
929
929
929
929
930
930
930
930
930
930
930
931
931
931
931
931
931
932
932
932
933
933
933
-1
934
934
934
934
-1
935
935
935
-1
936
936
936
937
937
938
938
938
938
938
939
939
939
939
940
940
940
940
941
941
941
941
942
942
942
942
943
943
943
943
943
943
943
944
944
944
944
944
944
944
945
945
945
945
945
945
945
946
456
456
947
947
947
947
947
947
947
948
948
948
948
948
948
949
949
949
949
950
950
950
950
951
951
951
951
952
952
952
953
953
953
954
954
954
955
955
955
955
955
955
955
956
956
956
956
957
957
957
957
958
958
958
959
959
959
959
959
960
960
960
960
961
961
961
961
961
961
961
962
962
962
962
963
963
963
963
963
963
963
963
-1
964
964
964
965
965
965
-1
966
966
966
-1
967
967
967
968
968
968
968
969
969
969
969
969
969
970
970
970
971
971
971
971
971
971
971
971
972
972
972
972
972
972
973
973
973
973
973
974
640
640
640
640
975
975
975
975
-1
976
976
976
977
977
977
977
978
978
978
978
-1
979
979
979
-1
980
980
980
-1
981
981
981
982
982
982
982
-1
983
983
983
-1
984
984
984
-1
985
985
985
986
986
986
986
987
987
987
987
-1
988
542
542
-1
989
989
989
990
990
990
990
-1
991
991
991
-1
992
992
992
993
993
993
993
994
-1
995
995
-1
996
996
996
996
996
-1
997
997
997
-1
998
998
998
-1
999
999
-1
1000
1000
1000
-1
1001
1001
1001
-1
1002
1002
1002
1002
1002
1002
-1
1003
1003
1003
1004
1004
1004
1004
1004
1004
1004
1005
1005
1005
1005
1005
1005
1005
-1
-1
1006
1006
-1
1007
1007
581
-1
1008
1008
1009
1009
1009
1009
1010
1010
1010
1010
1011
1011
1011
1011
1012
1012
1013
1013
1013
1014
1014
1014
1014
1014
1014
1015
1015
1015
1015
-1
1016
1016
1016
1017
1017
1017
1017
1017
1017
1017
1018
1018
1018
1019
1019
1019
1019
1019
1019
1020
1020
1020
1020
1020
1020
1020
1021
1021
1021
1022
1022
1022
1022
1023
1023
1023
1023
1024
1024
1024
1025
1025
1025
1025
-1
421
421
-1
1026
1026
1026
1027
1027
1027
1027
1027
1027
1027
1027
1028
1028
1028
1028
1028
1028
1029
1029
1029
1029
1029
1029
1029
1030
1030
1030
1030
1030
1030
1030
1031
1031
1031
1031
1031
1031
1031
1032
1032
1032
1032
1032
1032
1032
1033
1033
1033
1033
1033
1033
1033
1034
1034
1034
1034
1034
1034
1034
1035
1035
1035
1035
1035
1035
1035
1036
1036
1036
-1
1037
1037
1037
1038
1038
1038
-1
1039
1039
1039
-1
1040
544
544
-1
1041
1041
1041
-1
1042
1042
1042
-1
1043
1043
1043
-1
1044
1044
1044
1045
1045
1045
1045
1045
1046
1046
1046
1046
1047
1047
1047
1047
1047
1048
1048
1048
1048
1048
1048
-1
-1
1049
1049
-1
1050
1050
1050
-1
1051
1051
1051
1052
1052
1052
1052
1052
1052
1053
1053
1053
1053
1053
1053
1053
-1
1054
1054
1054
-1
1055
1055
1055
1056
1056
1056
1056
1056
1057
1057
1057
1057
1057
-1
1058
1058
1058
-1
1059
1059
1059
-1
1060
387
-1
-1
1061
1061
1062
1062
1062
1062
1062
1062
1062
-1
1063
1063
1063
-1
994
994
994
-1
1064
1064
1064
-1
1065
1065
1065
1066
1066
1066
1066
1066
1066
1066
-1
1067
1067
1067
1067
1067
-1
1068
1068
1068
1069
1069
1069
1070
1070
1070
1070
1070
1070
1070
1071
1071
1071
1071
