-1
0
0
-1
1
1
1
1
2
2
2
2
-1
3
3
3
-1
4
4
-1
5
5
5
-1
6
6
6
7
7
7
7
7
7
7
8
8
8
8
8
8
8
-1
9
9
9
-1
-1
10
10
10
-1
-1
11
11
11
-1
12
12
12
13
13
13
13
13
13
13
13
14
14
14
14
15
15
-1
16
16
16
-1
17
17
17
18
18
18
-1
19
19
19
-1
20
20
20
21
21
21
-1
22
22
22
-1
23
23
-1
24
24
24
-1
25
25
25
-1
26
26
26
26
-1
27
27
27
-1
28
28
28
29
29
29
29
29
29
29
30
30
30
30
-1
31
31
-1
32
32
32
33
33
33
33
-1
34
34
34
-1
35
35
35
-1
36
36
36
-1
37
37
37
-1
38
38
38
39
39
39
39
39
39
39
40
40
40
40
40
40
40
41
41
41
41
42
42
42
42
43
43
43
43
43
43
44
44
44
44
45
45
45
45
45
45
45
46
46
46
46
47
47
48
48
48
48
48
49
49
49
49
49
49
49
50
50
50
50
50
50
50
-1
51
51
51
52
52
52
52
-1
53
53
53
54
54
54
-1
55
55
55
-1
56
56
56
57
57
57
57
57
57
58
58
58
58
59
59
59
59
60
60
60
60
60
60
60
61
61
61
61
-1
62
62
62
-1
-1
63
63
63
-1
64
64
64
65
65
65
65
65
65
65
66
66
66
66
66
66
67
67
67
67
67
67
67
68
68
68
68
68
68
-1
69
69
69
69
70
70
70
70
71
71
71
72
72
72
72
73
73
74
74
74
75
75
75
75
-1
76
76
76
77
77
77
77
78
78
78
78
-1
79
79
79
-1
-1
80
80
80
81
81
81
81
82
82
82
82
82
-1
83
83
84
84
84
84
85
85
85
86
86
86
86
86
86
86
87
87
87
87
88
88
88
88
89
89
89
89
90
90
90
90
91
91
91
91
92
92
92
93
93
94
94
94
94
95
95
95
95
96
96
96
96
97
97
97
97
98
98
98
98
99
99
99
99
99
99
99
100
100
100
100
101
101
101
101
102
102
102
102
-1
103
103
103
104
104
104
104
-1
-1
105
105
-1
106
106
106
107
107
107
107
107
107
108
108
108
108
108
108
108
-1
109
109
109
110
110
110
110
110
110
-1
111
111
111
-1
112
112
112
113
113
113
113
113
113
114
114
114
114
114
114
115
115
115
115
115
115
115
116
116
116
116
116
116
116
-1
117
117
117
118
118
118
118
118
118
118
119
119
119
119
119
119
-1
-1
-1
-1
120
120
120
121
121
121
121
121
121
122
122
122
122
122
-1
123
123
123
123
123
123
123
124
124
124
124
-1
-1
125
125
-1
126
126
126
-1
127
127
127
-1
128
128
128
-1
129
129
129
-1
130
130
130
131
131
131
131
131
131
132
132
132
132
132
132
-1
133
133
133
-1
-1
134
134
-1
135
135
135
136
136
136
136
136
137
137
137
137
138
138
138
138
139
139
139
139
139
140
140
140
140
140
141
141
141
141
141
141
141
142
142
142
142
142
142
142
143
143
143
143
143
143
143
144
144
144
144
144
144
144
-1
145
145
145
145
145
145
145
146
146
146
146
146
146
146
146
147
147
147
147
147
148
148
148
-1
149
149
150
150
150
150
151
151
151
151
151
151
151
152
152
152
152
152
152
152
152
153
153
153
154
154
154
154
155
155
155
155
155
156
156
156
156
157
157
157
157
157
157
157
158
158
158
158
158
159
159
159
160
160
160
160
161
161
161
161
161
162
162
162
162
162
-1
163
163
163
164
164
164
165
165
165
166
166
166
166
167
167
167
167
167
167
168
168
168
168
168
168
168
169
169
169
169
169
169
169
-1
170
170
170
-1
171
171
171
-1
172
172
-1
-1
173
173
-1
-1
174
174
-1
-1
175
175
176
176
176
176
177
177
177
177
177
177
178
178
178
178
178
178
179
179
179
179
179
179
-1
180
180
180
181
181
181
181
181
181
181
182
182
182
182
182
182
183
183
183
183
183
183
183
184
184
184
184
185
185
185
185
185
185
185
185
-1
186
186
-1
-1
187
187
-1
-1
188
188
189
189
189
189
190
190
190
191
191
191
191
191
192
192
192
192
192
192
192
193
193
193
193
193
194
194
194
194
195
195
195
195
195
195
195
196
196
196
196
197
197
197
197
198
198
198
198
199
199
199
199
199
199
199
200
200
200
200
200
200
200
201
201
201
201
202
202
202
202
203
203
203
204
204
204
204
205
205
205
205
-1
206
206
206
-1
207
207
-1
208
208
208
-1
209
209
-1
210
210
210
211
211
211
211
212
212
212
212
212
212
212
213
213
213
213
214
214
-1
215
215
215
215
-1
216
216
216
-1
217
217
217
-1
218
218
218
-1
219
219
219
220
220
220
220
220
220
-1
221
221
221
-1
-1
222
222
222
-1
223
223
223
-1
224
224
224
225
225
225
225
225
225
226
226
226
226
-1
227
227
227
228
228
228
228
228
228
228
229
229
229
229
229
230
230
230
230
230
231
231
231
231
231
231
231
232
232
232
232
232
233
233
233
233
234
234
234
234
235
235
235
235
235
235
235
236
236
236
236
236
237
237
237
237
238
238
238
238
239
239
239
239
239
240
240
241
241
241
241
241
241
241
242
242
242
242
243
243
243
244
244
244
244
244
244
245
245
245
245
246
246
246
246
246
246
246
-1
247
247
247
247
248
248
248
248
-1
-1
249
249
250
250
250
250
250
250
250
250
251
251
251
251
251
251
251
-1
252
252
252
253
253
253
253
253
253
253
254
254
254
254
254
254
254
-1
-1
255
255
-1
-1
256
256
-1
-1
257
257
-1
258
258
258
-1
259
259
259
260
260
260
-1
261
261
261
-1
262
262
262
263
263
263
263
263
263
-1
264
264
264
-1
265
265
265
266
266
266
266
266
266
267
267
267
-1
268
268
268
-1
269
269
269
-1
270
270
271
271
271
271
271
272
272
272
272
272
272
-1
273
273
273
273
273
273
273
274
274
-1
275
275
275
276
276
276
277
277
277
277
277
277
277
-1
278
278
278
279
279
279
279
-1
280
280
280
-1
281
281
281
-1
282
282
-1
283
283
283
-1
-1
-1
-1
-1
284
284
-1
-1
285
285
286
286
286
286
286
-1
287
287
287
288
288
288
288
288
288
289
289
289
289
289
289
289
290
290
290
290
290
290
-1
291
291
291
292
292
292
292
292
292
292
293
293
293
293
293
293
293
-1
294
294
294
295
295
295
295
295
296
296
296
-1
297
297
297
298
298
298
298
298
298
298
299
299
299
299
300
300
300
300
300
300
300
301
301
301
301
301
301
301
301
-1
302
302
302
302
303
303
303
303
303
303
-1
-1
304
304
-1
305
305
305
306
306
306
306
306
306
306
-1
-1
307
307
-1
-1
308
308
-1
309
309
309
-1
-1
310
310
-1
311
311
311
-1
312
312
312
-1
313
313
313
314
314
314
314
314
314
314
315
315
315
315
315
315
315
316
316
317
317
318
318
318
318
319
319
319
320
320
320
320
321
321
321
321
322
322
322
322
323
1
1
1
324
324
324
324
-1
160
160
160
325
325
325
325
326
326
326
326
327
327
327
327
327
327
327
328
328
328
328
328
328
329
329
329
329
329
329
329
330
330
330
330
330
330
331
331
331
331
332
332
332
332
332
332
332
333
333
333
333
333
333
333
334
334
334
334
334
335
335
335
335
336
336
336
336
336
336
336
-1
337
337
-1
338
338
338
-1
-1
339
339
340
340
340
341
341
341
342
342
342
342
342
342
342
343
343
343
343
344
344
344
344
345
345
345
345
-1
346
346
346
347
347
347
347
348
348
348
348
349
349
349
350
350
350
-1
351
351
-1
352
352
352
-1
353
353
353
354
354
354
354
354
354
354
-1
355
355
355
356
356
356
356
356
356
357
357
357
357
358
358
359
359
359
359
359
359
359
359
360
360
360
360
360
-1
361
361
361
-1
362
362
362
363
363
363
363
-1
364
364
364
-1
-1
-1
-1
-1
365
365
-1
366
366
366
366
366
366
367
367
367
367
367
367
367
368
368
368
368
369
369
369
369
370
370
370
370
371
371
371
371
-1
372
372
372
-1
373
373
373
374
374
374
374
-1
375
375
375
376
376
376
376
377
377
377
377
378
378
378
-1
379
379
379
380
380
380
380
381
381
381
381
-1
382
382
382
-1
383
383
383
-1
384
384
384
385
385
385
385
-1
386
386
386
387
387
387
387
387
387
387
388
388
388
388
389
389
389
390
390
390
390
390
390
390
391
391
391
391
391
391
392
392
392
392
392
392
392
393
393
393
393
393
393
394
394
394
394
394
394
394
395
395
395
395
396
396
396
396
397
397
397
397
398
398
398
398
399
399
399
399
400
400
400
400
401
401
401
401
401
-1
402
402
402
402
402
403
403
403
403
403
404
404
404
404
404
404
404
404
-1
-1
-1
405
405
405
405
406
406
406
406
406
406
407
407
407
407
407
407
407
408
408
408
408
409
409
409
409
410
410
410
410
411
411
411
411
412
412
412
412
413
413
413
413
414
414
414
414
415
415
415
415
415
415
416
416
416
417
417
417
417
418
418
418
418
418
