-1
0
0
0
-1
1
1
1
-1
2
2
2
-1
3
3
3
4
4
4
4
-1
5
5
6
6
6
6
-1
7
7
7
8
8
8
8
9
9
9
9
-1
10
10
10
-1
11
11
11
-1
12
12
12
13
13
14
14
14
14
14
14
14
-1
15
15
15
15
-1
16
16
16
-1
17
17
17
-1
18
18
18
-1
19
19
19
20
20
20
20
21
21
21
21
21
-1
22
22
22
23
23
23
23
-1
24
24
24
25
25
25
25
26
26
26
26
27
27
27
27
28
28
28
28
-1
29
29
29
-1
30
30
30
-1
31
31
31
32
32
32
32
32
32
32
33
33
33
33
34
34
34
-1
35
35
35
-1
36
36
36
37
37
37
37
38
38
20
20
39
39
39
39
40
40
40
40
41
41
41
41
42
42
42
42
43
43
43
43
44
44
44
44
45
45
45
45
46
46
37
37
47
47
37
37
48
48
48
48
49
49
49
49
-1
50
-1
51
51
51
-1
52
52
52
53
53
53
53
54
54
54
54
55
55
55
55
-1
-1
-1
56
56
56
57
57
57
57
58
-1
59
55
60
60
60
60
61
61
61
61
62
62
62
62
63
63
63
63
63
63
64
64
64
64
64
64
65
65
65
65
65
65
-1
66
66
66
-1
67
67
67
-1
68
68
68
-1
69
69
69
-1
70
70
70
-1
71
71
71
72
72
72
72
72
72
72
73
73
73
73
73
73
74
74
74
74
-1
75
75
75
-1
76
76
76
77
77
77
77
77
78
78
78
78
78
-1
79
79
79
-1
80
80
80
81
81
81
81
82
82
82
82
82
82
82
83
83
83
83
84
84
84
84
85
85
85
86
86
86
86
86
86
86
87
87
87
87
87
87
87
87
88
88
88
88
89
89
89
89
90
90
90
90
91
91
91
91
92
92
92
92
92
-1
93
93
93
94
94
94
94
94
94
95
95
95
95
95
95
95
-1
96
96
96
97
97
97
97
97
97
98
98
98
98
99
99
99
99
99
99
99
100
100
100
100
101
101
101
101
102
102
102
103
103
103
104
104
104
104
105
105
105
105
105
105
105
105
-1
106
106
106
106
106
106
106
-1
107
107
107
108
108
108
108
109
109
109
109
109
109
109
-1
110
110
110
-1
111
111
111
-1
112
112
112
-1
113
113
113
114
114
114
114
114
115
115
115
115
115
-1
116
116
116
-1
117
117
117
-1
118
118
118
-1
119
119
119
-1
-1
120
120
121
121
-1
122
122
-1
123
123
123
-1
124
124
124
125
125
125
125
125
125
125
-1
126
126
126
-1
127
127
127
-1
128
128
128
129
129
129
129
129
129
130
130
130
130
130
131
131
131
131
131
-1
132
132
132
-1
133
133
133
-1
134
134
134
135
135
135
135
135
136
136
136
136
136
-1
137
137
137
-1
138
138
138
-1
-1
-1
-1
139
139
-1
140
140
140
-1
141
141
141
142
142
142
142
142
142
143
143
143
143
143
143
143
143
144
144
144
144
144
144
145
145
145
145
145
145
145
146
146
146
146
146
146
147
147
147
147
147
147
148
148
148
148
148
-1
149
149
-1
150
150
150
-1
151
151
151
-1
-1
152
152
-1
153
153
153
154
154
154
154
154
154
154
-1
155
155
155
-1
-1
156
156
-1
-1
157
157
-1
158
158
158
-1
159
159
159
-1
160
160
160
-1
161
161
128
-1
-1
-1
-1
-1
162
162
-1
-1
163
163
-1
164
164
164
165
165
165
165
165
-1
166
166
166
-1
-1
167
167
-1
168
168
168
169
169
169
169
169
169
170
170
170
170
170
170
171
171
171
172
172
172
173
173
173
173
173
173
173
174
174
174
174
174
174
175
175
175
175
-1
176
176
176
-1
-1
177
177
-1
-1
178
178
-1
-1
179
179
-1
180
180
180
-1
181
181
182
182
182
182
182
182
182
182
183
183
183
183
183
183
184
184
184
184
184
184
185
185
185
185
185
185
-1
-1
186
186
-1
-1
-1
187
187
187
188
188
188
188
188
-1
-1
-1
-1
189
189
189
-1
190
190
190
-1
191
191
191
-1
192
192
193
193
193
193
193
193
193
194
194
194
194
195
195
195
196
196
196
196
196
196
197
197
197
197
197
197
198
198
198
199
199
199
199
199
199
-1
-1
200
200
201
201
201
201
202
202
202
202
203
203
203
203
203
203
203
204
204
204
204
204
205
205
205
205
205
205
206
206
206
206
207
207
207
207
207
208
208
208
208
209
209
209
210
210
210
210
210
210
210
210
211
211
211
211
212
212
212
212
212
212
212
213
213
213
213
214
214
214
215
215
215
216
216
216
216
216
216
216
217
217
217
217
218
218
218
218
219
219
219
219
220
220
220
220
-1
221
221
221
222
222
222
-1
223
223
223
224
224
224
224
224
-1
225
225
225
-1
226
226
226
-1
227
227
227
-1
228
228
228
-1
-1
-1
-1
229
229
230
230
230
230
230
230
230
-1
231
231
231
232
232
232
232
232
232
232
233
233
233
233
233
233
234
234
234
234
234
234
-1
-1
235
235
235
236
236
236
236
236
236
237
237
237
237
237
237
237
238
238
238
238
239
239
239
239
240
240
240
240
240
240
240
241
241
241
242
242
242
242
-1
243
243
243
-1
244
244
244
245
245
245
246
246
246
246
247
247
248
248
248
249
249
249
249
249
249
249
-1
-1
250
250
251
251
251
251
251
251
252
252
252
252
252
253
253
253
253
253
253
253
254
254
254
254
255
255
255
255
255
255
255
256
256
256
256
257
257
257
257
257
257
257
258
258
258
258
-1
259
259
259
-1
260
260
260
261
261
261
261
261
261
261
261
-1
262
262
262
263
263
263
263
263
263
263
264
264
264
265
265
265
-1
266
266
266
-1
267
267
267
268
268
268
268
268
269
269
269
269
269
269
270
270
270
-1
271
271
271
-1
272
272
272
-1
273
273
273
-1
274
274
275
275
275
275
275
276
276
276
276
277
277
277
278
278
278
278
278
279
279
279
279
279
280
280
280
280
281
281
281
281
282
282
282
283
283
283
283
283
283
-1
284
284
284
285
285
285
285
-1
286
286
286
287
287
287
287
-1
288
288
288
289
289
289
289
290
290
290
290
291
291
291
291
-1
292
292
292
293
293
293
293
294
294
294
294
294
294
294
295
295
295
295
296
296
296
297
297
297
297
297
297
297
297
298
298
298
298
299
299
299
299
299
299
299
300
300
300
301
301
301
-1
302
302
302
303
303
303
303
303
303
-1
304
304
304
304
304
304
304
-1
305
305
305
305
306
306
306
306
307
307
307
307
-1
308
308
308
308
308
309
309
309
309
309
310
310
310
310
310
310
310
311
311
311
311
311
311
311
312
312
312
312
312
312
312
312
313
313
313
313
313
-1
314
314
315
315
315
315
315
315
316
316
316
316
316
316
316
317
317
317
317
318
318
318
318
319
319
319
319
319
320
320
320
320
320
320
320
-1
321
321
321
322
322
322
322
322
323
323
323
323
323
323
323
324
324
324
324
324
324
324
325
325
325
325
326
326
326
326
327
327
327
327
328
328
328
329
329
329
329
329
330
330
330
331
331
331
331
332
332
332
332
333
333
333
333
333
333
334
334
334
334
335
335
335
335
335
335
336
336
336
336
336
336
336
337
337
337
337
338
338
338
338
339
339
339
340
340
340
340
341
341
341
341
342
342
342
342
343
343
343
343
343
343
343
343
344
344
344
344
345
345
345
345
345
346
346
346
346
346
347
347
347
347
348
348
348
348
349
349
349
349
349
350
350
350
350
351
351
351
351
352
352
352
352
353
353
353
353
354
354
354
354
355
355
355
356
356
356
357
357
357
357
358
358
358
358
-1
359
359
359
-1
-1
360
360
-1
-1
361
361
362
362
362
362
363
363
363
363
363
363
363
-1
364
365
365
-1
366
50
50
-1
-1
-1
367
367
367
368
368
368
368
368
-1
369
369
369
369
369
369
369
370
370
370
370
370
370
370
371
371
371
371
-1
372
372
372
-1
373
373
373
-1
374
374
374
375
375
375
375
-1
376
376
376
-1
377
377
377
378
378
378
378
379
379
379
379
380
380
380
380
381
381
381
381
381
381
381
382
382
382
382
382
383
383
383
383
383
384
384
384
384
384
384
385
385
385
385
-1
386
386
386
-1
387
387
387
388
388
388
388
389
389
389
389
390
390
390
391
391
391
391
391
392
392
392
392
392
392
392
-1
393
393
393
394
394
395
395
395
395
395
395
395
396
396
396
396
396
397
397
397
397
398
398
398
398
399
399
399
399
400
400
400
400
401
401
401
402
402
402
403
403
403
404
404
404
404
405
405
405
405
406
406
406
406
406
406
406
407
407
407
407
407
407
407
408
408
408
408
409
409
409
409
410
410
410
411
411
411
411
412
412
412
412
413
413
413
413
413
413
413
414
414
414
414
414
414
414
415
415
415
415
416
416
416
416
417
417
417
417
418
418
418
418
418
418
418
419
419
419
419
419
419
420
420
420
421
421
421
-1
422
422
422
-1
423
423
423
-1
424
424
69
425
425
425
425
425
426
426
427
427
427
427
428
428
428
428
428
429
429
429
429
429
430
430
430
430
430
430
430
431
431
431
431
431
431
431
431
432
432
433
433
433
433
433
433
433
434
434
434
435
435
435
435
-1
436
436
436
-1
-1
-1
-1
-1
-1
-1
-1
-1
-1
-1
-1
-1
-1
-1
437
437
437
438
438
438
438
439
439
439
439
440
440
440
440
-1
-1
-1
-1
-1
-1
-1
-1
-1
441
441
441
441
441
441
442
442
442
442
443
443
444
444
444
444
444
-1
445
445
445
-1
446
446
446
446
446
446
447
447
447
447
447
447
447
448
448
448
448
448
448
449
449
449
449
450
450
450
450
451
451
-1
-1
452
452
452
453
453
453
453
453
453
453
454
454
454
455
455
455
-1
456
456
456
457
457
457
457
457
457
457
458
458
458
458
459
459
459
459
459
459
459
459
460
460
460
460
460
460
461
461
461
461
-1
462
462
462
-1
463
463
463
-1
464
464
464
465
465
465
-1
466
466
466
-1
467
467
467
-1
468
468
468
-1
469
469
469
-1
470
470
470
-1
471
471
471
472
472
472
472
472
472
473
473
473
473
474
474
475
475
475
476
476
476
476
476
476
476
477
477
477
477
477
-1
478
478
478
-1
479
479
479
-1
480
480
480
-1
481
481
481
482
482
482
482
482
483
483
483
483
483
484
484
484
484
485
485
485
485
485
485
485
486
486
486
486
486
486
487
487
487
488
488
488
488
-1
489
489
489
490
490
490
490
490
490
490
490
491
491
491
491
491
492
492
492
-1
493
493
493
-1
494
494
494
-1
495
495
495
-1
496
496
496
-1
497
497
497
-1
498
498
498
-1
499
499
499
500
500
500
500
500
500
500
501
501
501
501
501
501
501
501
502
502
502
502
502
-1
503
503
503
-1
504
504
504
-1
505
161
161
-1
506
506
506
507
507
507
-1
-1
-1
-1
-1
508
508
508
-1
509
509
509
510
510
510
510
510
510
510
-1
511
511
511
-1
512
512
512
-1
-1
513
513
514
514
515
515
515
515
516
516
517
517
517
518
518
518
519
519
519
519
520
520
520
521
521
521
521
522
522
522
522
523
523
524
524
524
524
524
524
524
524
525
525
525
525
525
525
525
525
-1
526
526
527
527
527
527
527
527
527
528
528
528
528
528
528
528
529
529
529
529
530
530
530
530
530
531
531
531
531
532
532
532
532
532
532
532
533
533
533
533
533
534
534
534
534
535
535
535
535
-1
536
536
536
537
537
537
538
538
538
538
539
539
539
539
540
540
540
540
540
540
540
541
541
541
541
542
542
-1
-1
-1
543
543
543
544
544
544
544
545
545
545
545
545
545
546
546
546
546
546
546
547
547
547
547
547
547
547
548
548
548
548
548
548
549
549
549
549
549
549
-1
-1
550
550
550
550
550
550
550
-1
551
551
551
552
552
552
552
-1
553
553
553
553
553
553
553
554
554
554
554
554
554
555
555
555
555
556
556
556
556
557
557
557
557
557
558
558
558
558
559
559
559
559
560
560
560
560
561
561
561
561
562
562
562
562
562
562
563
563
563
563
563
563
563
564
564
564
564
564
565
565
565
565
566
566
566
567
567
567
567
567
568
568
568
568
569
569
570
570
571
571
571
571
-1
572
572
572
-1
573
573
573
-1
-1
-1
-1
-1
574
574
574
574
574
574
574
575
575
575
575
575
575
575
576
576
576
576
576
576
-1
-1
-1
577
577
577
-1
578
578
578
579
579
579
579
580
580
580
580
580
-1
581
581
581
581
582
582
582
582
583
583
583
583
584
584
584
585
585
585
585
586
586
586
586
586
586
-1
587
587
587
-1
-1
588
588
-1
-1
-1
589
589
589
590
590
590
590
590
590
591
591
591
591
591
591
591
592
592
592
592
592
592
592
-1
593
593
593
594
594
594
594
594
594
-1
595
595
595
-1
596
596
596
-1
597
597
597
-1
598
598
598
-1
599
599
599
-1
600
600
601
601
601
601
601
601
602
602
602
602
602
603
603
-1
-1
604
604
605
605
605
605
605
605
605
606
606
606
606
607
607
607
607
607
607
608
608
608
609
609
609
609
610
610
610
610
611
611
612
612
612
612
612
612
613
613
613
613
613
613
613
614
614
614
615
615
615
615
616
616
616
572
617
617
617
617
618
618
618
618
618
618
-1
619
619
619
619
619
619
619
620
620
620
620
620
620
620
620
621
621
621
621
621
621
621
622
622
622
622
622
622
622
623
623
623
623
624
624
624
624
624
625
625
625
625
-1
626
626
626
-1
627
627
627
628
628
628
628
629
629
629
629
630
630
631
631
631
631
631
631
631
631
632
632
632
632
633
633
634
634
634
634
634
634
634
635
635
635
635
635
635
635
636
636
636
636
636
636
637
637
637
637
637
638
638
638
638
-1
639
639
639
-1
640
640
640
641
641
154
154
154
154
154
-1
642
642
642
642
642
642
642
-1
643
643
643
-1
644
644
644
-1
645
645
645
-1
646
646
646
-1
-1
-1
-1
647
647
-1
648
648
648
649
649
649
649
649
649
649
-1
650
650
650
-1
651
651
651
652
652
652
652
652
653
653
653
653
654
654
654
654
655
655
655
655
655
655
655
656
175
175
175
175
657
657
657
657
658
658
658
658
659
659
659
659
660
660
660
660
661
661
661
661
662
662
662
662
662
663
663
128
128
664
664
664
664
665
665
665
665
666
666
666
666
667
667
-1
668
668
668
668
669
669
669
669
670
670
670
670
671
671
671
671
671
671
-1
-1
-1
-1
672
672
672
672
673
673
673
673
674
674
674
674
675
675
675
675
676
676
676
676
677
677
677
677
678
678
678
678
678
678
678
678
679
679
679
679
679
680
680
680
680
681
681
681
681
682
682
682
682
683
350
684
684
364
364
685
685
685
685
686
686
686
686
687
687
687
687
688
688
688
688
689
689
689
689
690
690
690
690
691
691
691
692
692
692
692
692
692
692
693
693
693
693
693
693
693
694
694
694
694
694
694
694
695
695
695
695
695
-1
696
696
696
696
696
696
697
697
697
697
697
697
697
697
-1
698
698
698
699
699
699
699
699
699
699
700
700
700
700
701
701
701
701
-1
-1
702
702
702
702
702
702
702
703
703
703
703
704
704
704
704
705
705
705
705
705
705
705
705
706
706
706
706
707
707
707
707
707
707
707
708
708
708
708
708
-1
709
709
709
710
710
710
710
710
710
710
711
711
711
711
711
711
711
-1
712
712
712
-1
713
713
713
713
713
-1
-1
714
714
-1
-1
715
715
-1
716
716
716
716
717
717
717
717
717
-1
718
718
718
719
719
719
719
719
719
-1
720
720
720
-1
721
721
721
-1
722
722
722
723
723
723
723
723
723
723
723
724
724
724
724
724
724
724
725
725
726
726
726
726
-1
727
727
727
-1
728
728
728
-1
729
729
-1
730
730
730
-1
731
731
731
-1
732
732
732
733
733
733
733
733
-1
734
734
735
735
-1
736
736
736
-1
737
737
737
738
738
738
-1
739
739
739
740
740
740
740
740
740
741
741
741
741
741
741
741
-1
-1
742
742
742
-1
-1
743
743
744
744
744
744
744
744
744
745
745
745
745
745
745
745
-1
746
746
746
-1
747
747
748
748
748
748
748
748
749
749
749
749
749
749
749
-1
-1
-1
-1
750
750
-1
751
751
751
-1
752
752
752
-1
753
753
753
-1
754
754
754
-1
755
755
755
-1
-1
756
756
-1
757
757
757
758
758
758
758
758
758
758
-1
759
759
759
-1
760
760
760
761
761
761
761
761
-1
762
762
762
763
763
763
763
763
763
763
764
764
764
764
764
764
765
765
765
765
765
765
766
766
766
766
766
767
767
767
767
767
768
768
768
768
769
769
769
769
769
769
769
770
770
770
-1
771
771
771
-1
772
772
772
-1
773
773
773
774
774
774
774
774
-1
775
775
775
-1
776
776
776
777
777
777
777
777
777
777
778
778
778
778
778
778
778
-1
779
779
779
780
780
780
780
780
780
780
-1
781
781
781
782
782
782
783
783
783
783
783
783
783
784
784
784
784
784
784
785
785
785
785
785
785
785
-1
-1
786
787
787
787
-1
788
788
788
789
790
790
790
-1
791
791
791
792
792
792
792
792
792
792
792
793
793
793
793
794
794
794
794
-1
-1
795
795
-1
796
796
796
-1
797
797
797
798
798
798
798
-1
799
799
799
-1
800
800
801
801
801
801
802
802
802
802
802
802
803
803
803
803
803
803
803
-1
-1
804
804
805
805
805
805
-1
806
806
807
807
807
807
807
807
807
808
808
808
808
808
808
808
-1
809
809
809
810
810
810
810
810
810
810
811
811
811
811
811
811
811
812
812
812
812
812
812
813
813
813
813
813
-1
814
814
814
814
815
815
815
815
815
816
816
816
816
816
816
816
816
817
817
817
817
818
818
818
818
818
819
819
819
819
819
819
819
820
820
820
820
821
821
821
821
821
822
822
822
822
823
823
823
823
824
824
824
824
824
824
824
825
825
825
825
826
826
826
826
826
826
827
827
827
827
828
828
828
828
829
829
829
829
-1
830
830
831
831
831
831
831
832
832
832
832
833
833
834
834
834
834
834
834
834
834
-1
835
835
835
-1
836
836
836
837
837
837
837
-1
838
838
838
839
839
839
839
839
839
-1
840
840
-1
841
841
841
-1
-1
842
842
842
843
843
843
843
843
844
844
844
844
844
844
844
-1
845
845
845
846
846
846
846
846
846
846
847
847
847
847
847
-1
848
848
848
848
848
849
849
849
849
849
849
849
849
-1
850
850
850
851
851
851
851
-1
852
852
852
853
853
853
853
854
854
854
854
855
855
855
855
855
855
856
856
857
857
857
857
858
858
858
858
-1
859
859
859
859
859
859
859
-1
-1
860
860
860
861
861
-1
862
862
862
-1
863
863
-1
864
864
864
865
865
865
865
865
866
866
866
866
866
866
866
867
867
867
-1
-1
868
868
868
869
869
869
869
869
869
869
869
870
870
870
870
870
870
870
871
871
871
871
872
872
872
872
873
873
873
873
874
874
874
874
874
874
874
-1
875
875
875
876
876
876
876
876
876
876
-1
877
877
877
-1
-1
878
878
-1
879
879
879
-1
880
880
880
-1
-1
881
881
882
882
882
882
882
882
-1
-1
883
883
-1
884
884
884
-1
885
885
885
886
886
886
886
886
886
886
-1
887
887
887
-1
-1
888
888
-1
889
889
889
-1
890
891
891
891
-1
-1
892
892
-1
893
893
-1
-1
894
894
-1
-1
895
895
-1
-1
896
896
-1
-1
897
897
-1
-1
898
898
-1
-1
-1
-1
-1
-1
899
899
900
900
900
900
900
900
901
901
901
901
901
901
901
-1
902
902
902
903
903
903
903
904
904
904
904
905
905
905
906
906
906
907
907
907
908
908
908
908
908
908
908
909
909
909
909
909
909
909
-1
910
910
910
-1
911
911
911
912
912
912
912
912
-1
913
913
913
914
914
914
914
914
915
915
915
915
915
916
916
916
916
916
916
916
917
917
917
917
917
917
917
918
918
918
918
918
918
918
919
919
919
919
919
920
920
920
920
921
921
921
921
921
921
921
922
922
922
923
923
923
923
924
924
924
924
925
925
925
926
926
926
926
926
926
926
927
927
927
927
928
928
928
928
928
-1
929
929
929
929
929
929
929
930
930
930
930
931
931
931
931
931
931
931
932
932
932
932
933
933
933
933
-1
934
934
934
935
935
935
935
935
935
935
-1
936
936
936
-1
937
937
937
938
938
938
938
-1
939
939
939
940
940
940
940
940
940
940
941
941
941
941
942
942
942
942
942
942
943
943
943
943
943
943
-1
944
944
-1
945
945
945
-1
946
946
946
-1
947
947
947
-1
948
948
948
-1
-1
949
714
-1
950
950
950
-1
951
951
951
-1
-1
952
952
952
-1
953
953
953
-1
954
954
954
955
955
955
955
-1
956
956
956
957
957
957
957
957
957
631
631
958
958
958
958
958
958
958
959
959
959
959
960
960
960
960
961
961
961
962
962
962
963
963
963
963
963
963
963
964
964
964
964
964
964
964
965
965
965
965
965
965
965
965
966
966
966
966
967
967
967
967
968
968
968
968
-1
-1
-1
969
969
-1
970
970
970
-1
971
971
971
-1
972
972
972
-1
973
973
973
974
974
974
974
974
974
975
975
975
975
975
975
975
-1
976
976
976
-1
977
977
371
-1
978
978
978
-1
979
979
979
980
980
980
980
980
981
981
982
982
982
982
982
982
982
983
983
983
983
983
983
983
984
984
984
984
984
985
985
985
985
986
986
986
986
986
987
987
987
987
987
987
988
988
988
988
989
989
989
989
990
990
990
990
991
991
991
991
992
992
992
992
-1
-1
993
993
993
994
994
994
994
994
994
994
995
995
995
995
996
996
996
997
997
997
997
998
998
998
999
999
999
999
1000
1000
1000
1000
1000
1001
1001
1001
1001
1001
1001
1001
1002
1002
1002
1002
1003
1003
1003
1003
1004
1004
1004
1004
1005
1005
1005
1005
1005
1005
-1
1006
1006
1006
1006
1007
1007
1007
1007
1008
1008
1008
1009
1009
1009
1009
1009
1009
-1
1010
1010
1010
-1
1011
1011
1011
1012
1012
1012
1012
1012
1012
1012
-1
1013
1013
1013
1014
1014
1014
1014
1014
1014
1014
1015
1015
1015
1015
-1
1016
1016
1016
1017
1018
1018
1018
1019
1019
1019
1019
1019
1019
1019
1019
1020
1020
1020
1020
1020
1020
1021
1021
1021
1021
1021
1021
1021
1021
-1
-1
-1
-1
1022
1022
1022
1022
1022
1022
1022
1023
1023
-1
-1
1024
1024
-1
786
1025
1025
-1
1026
1026
1026
1027
1027
1027
1027
1027
1028
1028
1028
1028
1028
1028
1028
-1
1029
1029
-1
1030
1030
1030
-1
1031
1031
1031
1032
1032
1032
1032
1032
1032
1032
-1
-1
1033
1033
-1
1034
1034
1034
1035
1035
1035
1035
1035
-1
1036
1036
1036
-1
1037
454
-1
1038
1038
1038
1038
1038
1038
1038
-1
-1
1039
1039
-1
1040
1040
-1
1041
1041
1041
-1
1042
1042
1043
1043
1043
1043
1043
1043
1044
-1
1045
1045
1045
-1
1046
1046
1046
1046
1047
1047
1047
1047
1047
1047
-1
1048
1048
1048
1048
1048
-1
-1
-1
-1
1049
1049
1050
1050
1050
1050
1050
1050
1050
1050
1051
1051
1051
1051
1051
1051
1051
1052
1052
1052
1052
1052
1052
1053
1053
1053
1053
1053
1053
1054
1054
1054
1054
1055
1055
1055
1055
1056
1056
1056
1056
1057
1057
1057
1057
-1
1058
1058
-1
1059
1059
1059
-1
1060
1060
1060
-1
1061
1061
1061
1062
1062
1062
1062
1062
1062
1062
-1
1063
1063
1063
1064
1064
1064
1065
1065
1065
1065
1066
1066
1066
1066
1066
1066
1066
1067
1067
1067
1067
1067
1067
1067
1068
1068
1068
1068
1068
1068
1068
-1
1069
1069
1069
1069
1069
1069
1070
1070
1070
1070
1071
1071
1071
1072
1072
1072
1072
1073
1073
1073
1073
1073
1073
1074
1074
1074
1074
1075
1075
1075
1075
1075
1075
1075
1076
1076
1076
1076
1076
1076
1077
1077
1077
1077
1077
1077
1077
-1
1078
1078
1078
-1
1079
1079
1079
1080
1080
1080
1080
1080
1080
1081
1081
1081
1081
1081
1081
1081
1082
1082
1082
1082
1083
1083
1083
1083
1084
1084
1084
1084
1085
1085
1085
1085
1086
1086
1086
1086
1087
1087
1087
1087
1088
1088
1089
1089
1089
1089
1090
1090
1090
1090
1091
1091
1091
1091
1091
1092
1092
1092
1092
1092
1092
1092
-1
1093
1093
1093
1093
1094
1094
1094
1095
1095
1095
1096
1096
1096
-1
-1
1097
1097
1097
1097
1097
1098
1098
1098
1098
1098
1098
1098
1099
1099
1099
1100
1100
1100
1100
1101
1101
1101
1101
1101
1101
1102
1102
1102
1102
1102
1102
1102
1103
1103
1103
1103
1103
1103
1104
1104
1104
1104
1105
1105
1105
1105
1106
1106
1106
1106
1106
1106
1106
1107
1107
1107
1107
1108
1108
1108
1108
1109
1109
1109
1109
1109
1110
1110
1110
1111
1111
1111
1111
1111
1111
1112
1112
1112
1112
1112
1112
1112
-1
1113
1113
1114
1114
1114
1115
1115
1115
1115
1115
1115
1115
1116
1116
1116
1116
1116
1116
1116
1117
1117
1117
1117
1118
1118
1118
1118
1118
1118
1119
1119
1119
1119
1120
1120
1120
1120
1121
1121
1121
1121
1122
1122
1122
1122
1123
1123
1123
1123
1124
1124
1124
1124
1124
1124
1124
1125
1125
1125
1125
1125
1125
1126
1126
1126
1127
1127
1127
-1
1128
1128
1128
1128
-1
1129
1129
1129
-1
1130
1130
1130
1131
1131
1132
1132
1132
1132
1132
1133
1133
1133
1133
1133
1133
1133
1133
-1
1134
1134
1134
1135
1135
1135
1135
1136
1136
1136
1136
1137
1137
1137
1137
1138
1138
1138
1138
1139
1139
1139
1139
1140
1140
1140
1140
1140
1140
1140
1141
1141
1141
1141
1141
1141
1141
1142
1142
1142
1142
1142
1142
1142
1143
537
537
1144
1144
1144
1144
1145
1145
1145
1145
1145
1145
1145
1146
1146
1146
1146
1147
1147
1147
1147
1147
1147
1148
1148
1148
1148
1149
1149
1149
1149
1150
1150
1150
1150
1151
1151
1151
1152
1152
1152
1153
1153
1153
1154
1154
1154
1155
1155
1155
-1
1156
1156
1156
1156
1156
1156
1156
1157
1157
1157
1157
1158
1158
1158
1158
1159
1159
1159
1160
1160
1160
1160
1160
1160
1160
1161
1161
1161
1161
1161
1162
1162
1162
1162
1163
1163
1163
1163
1163
1163
1163
1164
1164
1164
1164
1164
1164
1164
1165
1165
1165
1165
-1
1166
1166
1166
1167
1167
1167
1168
1168
1168
1168
1168
1168
1168
1168
-1
1169
1169
1169
1170
1170
1170
-1
1171
1171
1171
-1
1172
1172
1172
1173
1173
1173
1173
1174
1174
1174
1174
1174
1174
1175
1175
1175
1175
1175
1175
1175
-1
1176
1176
1176
-1
1177
1177
1177
1178
1178
1178
1179
1179
1179
1179
1179
1179
1179
1179
-1
1180
1180
1180
1181
1181
1181
1181
1181
1181
1182
1182
1182
1182
1182
1183
761
761
761
761
1184
1184
1184
1184
-1
1185
1185
1185
1186
1186
1186
1186
-1
1187
1187
1187
1188
1188
1188
1188
-1
1189
1189
1189
1190
1190
1190
1190
-1
1191
1191
1191
-1
1192
1192
1192
1193
1193
1193
1193
1194
1194
1194
1194
-1
1195
1195
1195
-1
1196
1196
1196
-1
1197
1197
1197
1198
1198
1198
1198
1199
1199
1199
1199
-1
1200
1200
1200
-1
1201
1201
1201
1202
1202
1202
1202
-1
1203
1203
1203
-1
1204
1204
1204
1205
1205
1205
1205
-1
1206
1206
1206
-1
1207
1207
1207
1208
890
-1
-1
-1
1209
1209
-1
1210
1210
1210
1210
1210
-1
1211
1211
1211
-1
1212
1212
1212
-1
1213
1213
-1
1214
1214
1214
-1
1215
1215
1215
1216
1216
1216
1216
1216
1216
1216
1217
1217
1217
1217
-1
1218
1218
1218
1218
1218
1218
-1
1219
1219
1219
1220
1220
1220
1220
1220
1220
1220
1221
1221
1221
1221
1221
1221
1221
-1
-1
1222
1222
-1
1223
1223
1223
1224
1224
1224
1224
1224
1224
1224
-1
1225
1225
690
-1
1226
1226
1227
1227
1227
1227
1228
1228
1228
1228
1229
1229
1229
1229
1230
1230
1230
1230
1231
1231
1232
1232
1232
1233
1233
1233
1233
1233
1233
1234
1234
1234
1234
1234
1234
1234
1235
1235
1235
1235
-1
1236
1236
1236
-1
-1
1237
1237
-1
1238
1238
1238
-1
1239
1239
1239
1240
1240
1240
1240
1240
1240
1240
1241
1241
1241
1242
1242
1242
1242
1242
1242
1243
1243
1243
1243
1243
1243
1243
1244
1244
1244
-1
1245
1245
1245
-1
1246
1246
1246
1247
1247
1247
1247
1248
1248
1248
1248
1248
1249
1249
1249
1249
1250
1250
1250
1250
1250
1251
1251
1251
1252
1252
1252
1252
-1
497
497
-1
1253
1253
1253
-1
1254
1254
1254
-1
1255
1255
1255
1256
1256
1256
1256
1256
1256
1256
1256
1257
1257
1257
1257
1257
1257
1258
1258
1258
1258
1258
1258
1258
1259
1259
1259
1259
1259
1259
1259
1260
1260
1260
1260
1260
1260
1261
1261
1261
1261
1261
1261
1261
1262
1262
1262
1262
1262
1262
1262
1263
1263
1263
1263
1263
1263
1263
1264
1264
1264
1264
1264
1264
1264
1265
1265
1265
1265
1265
1265
1265
1266
1266
1266
-1
1267
1267
1267
1268
1268
1268
-1
1269
1269
1269
-1
1270
1270
1270
-1
1271
646
646
-1
1272
1272
1272
-1
1273
1273
1273
-1
1274
1274
1274
-1
1275
1275
1275
1276
1276
1276
1276
1276
1277
1277
1277
1277
1278
1278
1278
1278
1278
1279
1279
1279
1279
1279
1279
-1
1280
1280
1280
-1
-1
1281
1281
-1
1282
1282
1282
-1
1283
1283
1283
1284
1284
1284
1284
1284
1284
1285
1285
1285
1285
1285
1285
1285
-1
1286
1286
1286
-1
1287
1287
-1
1288
1288
1288
-1
1289
1289
1289
1290
1290
1290
1290
1290
1291
1291
1291
1291
1291
-1
1292
1292
1292
1293
1294
1294
1294
-1
1295
452
-1
-1
1296
1296
1297
1297
1297
1297
1297
1297
1297
-1
1298
1298
1298
-1
1299
1299
1299
-1
1300
1300
1300
1301
1301
1301
1301
-1
1302
1302
1302
-1
1303
1303
1303
1304
1304
1304
1304
1304
1304
1304
-1
1305
1305
1305
1305
1305
-1
1306
1306
1306
1307
1307
1307
1308
1308
1308
1308
1308
1308
1308
1309
1309
1309
1309
