-1
0
0
0
-1
1
1
1
-1
2
2
2
-1
3
3
3
4
4
4
4
-1
5
5
6
6
6
6
-1
7
7
7
8
8
8
8
9
9
9
9
10
10
10
10
-1
11
11
11
-1
12
12
12
-1
13
13
13
14
14
15
15
15
15
15
15
15
16
16
16
16
-1
17
17
17
17
-1
18
18
18
-1
19
19
19
-1
20
20
20
-1
21
21
21
22
22
22
22
23
23
23
24
24
24
24
25
25
25
25
25
-1
26
26
26
27
27
27
27
28
28
28
28
-1
29
29
29
30
30
30
30
31
31
31
31
32
32
32
32
33
33
33
33
34
34
34
34
-1
35
35
35
-1
36
36
36
-1
37
37
37
38
38
38
38
38
38
38
39
39
39
39
40
40
40
-1
41
41
41
42
42
42
42
-1
43
43
43
44
44
44
44
45
45
22
22
46
46
46
46
47
47
47
47
48
48
48
48
49
49
49
49
50
50
50
50
51
51
51
51
52
52
52
52
53
53
53
54
44
44
44
55
55
44
44
56
56
56
56
57
57
57
57
58
48
48
48
-1
59
-1
60
60
60
-1
61
61
61
-1
62
62
62
-1
63
63
64
64
65
65
65
65
66
66
66
66
67
67
67
67
-1
-1
-1
68
68
68
69
69
69
61
70
-1
71
67
72
72
72
72
73
73
73
73
74
74
74
74
75
75
75
75
75
75
76
76
76
76
76
76
77
77
77
77
77
77
-1
78
78
78
-1
79
79
79
80
80
80
80
-1
81
81
81
-1
82
82
82
-1
83
83
83
84
84
85
85
85
85
85
-1
86
86
86
-1
87
87
87
-1
88
88
88
89
90
90
90
91
91
91
92
92
92
92
92
92
92
93
93
93
94
94
94
94
94
94
95
95
95
95
-1
96
96
96
-1
97
-1
98
98
98
99
99
99
99
99
-1
-1
100
100
100
101
101
101
101
101
-1
102
102
102
103
103
103
103
103
103
103
104
104
104
104
104
104
104
104
105
105
105
105
105
105
105
-1
106
106
106
-1
107
107
107
108
108
108
108
109
109
109
109
110
110
110
110
110
110
110
111
111
111
111
112
112
112
112
113
113
113
113
114
114
115
115
115
116
116
116
116
116
116
116
117
117
117
117
117
117
117
117
118
118
118
118
119
119
119
119
119
119
119
120
120
120
120
121
121
121
121
122
122
122
122
123
123
123
123
123
-1
124
124
125
125
125
125
125
125
125
126
126
126
126
126
126
126
-1
127
127
127
128
129
129
129
130
130
130
130
130
130
131
131
131
131
131
131
131
132
132
132
132
132
-1
133
133
133
-1
134
134
134
134
134
134
135
135
135
135
136
136
136
136
137
137
137
137
138
138
138
138
139
139
139
139
139
139
139
140
140
140
140
141
141
141
141
142
142
142
143
143
143
144
144
144
144
145
145
145
145
145
145
145
145
-1
146
146
146
146
146
146
146
-1
147
147
147
-1
148
148
148
148
148
-1
149
149
149
-1
150
150
150
151
151
151
151
152
152
152
152
152
152
152
-1
153
153
153
-1
154
154
154
155
155
155
155
155
-1
156
156
156
-1
157
157
157
158
158
158
158
-1
-1
159
159
159
160
160
-1
-1
161
161
161
162
162
162
163
163
163
163
163
164
164
164
164
164
-1
165
165
165
-1
166
166
166
-1
167
167
167
-1
168
168
168
-1
-1
169
169
170
170
-1
171
171
-1
172
172
172
-1
173
173
173
174
174
174
174
174
174
174
175
175
175
175
175
175
175
-1
176
176
176
-1
177
177
177
-1
178
178
178
179
179
179
179
179
179
180
180
180
180
180
181
181
181
181
181
182
182
182
182
182
182
182
-1
183
183
183
-1
184
184
184
-1
185
185
185
186
187
187
187
188
188
188
188
188
189
189
189
189
189
-1
190
190
190
-1
191
191
191
-1
-1
192
-1
193
193
-1
194
194
194
-1
195
195
195
-1
196
196
197
197
197
197
197
197
198
198
198
198
198
198
198
198
199
199
199
199
199
199
199
200
200
200
200
200
200
201
201
201
201
201
201
201
202
202
202
202
202
202
203
203
203
203
203
203
-1
204
204
204
205
205
205
205
205
206
206
206
206
207
207
207
-1
208
208
-1
209
209
209
-1
210
210
210
-1
-1
211
211
-1
212
212
212
-1
213
213
213
214
214
214
214
214
214
214
-1
215
215
215
-1
-1
216
216
-1
-1
217
217
218
-1
219
219
-1
-1
220
220
-1
-1
221
102
-1
222
222
222
223
224
224
224
-1
225
225
225
-1
226
226
178
-1
1669
222
-1
-1
227
227
-1
-1
228
228
-1
229
229
229
230
230
230
230
230
231
231
231
231
231
231
231
-1
232
232
232
233
233
233
233
233
233
233
-1
-1
234
234
235
236
236
236
237
237
237
237
237
237
238
238
238
238
238
238
239
239
239
240
240
240
241
241
241
241
241
241
241
242
242
242
242
242
242
243
243
243
243
-1
-1
244
244
-1
245
245
245
-1
-1
246
246
-1
-1
247
247
-1
-1
248
248
-1
249
249
249
-1
250
250
250
-1
251
251
252
252
252
252
252
252
252
252
253
253
253
253
253
253
254
254
254
254
254
254
255
255
255
255
255
255
-1
-1
-1
97
97
-1
-1
256
256
-1
257
257
257
-1
235
-1
258
258
258
259
259
259
259
260
260
260
260
260
-1
-1
261
261
-1
-1
-1
-1
262
262
262
-1
263
263
263
264
264
264
264
-1
265
265
265
266
266
266
266
266
266
266
267
267
267
267
267
267
267
-1
268
268
268
-1
269
269
269
-1
270
270
271
271
271
271
271
271
271
272
272
272
272
273
273
273
274
274
274
274
274
274
275
275
275
275
275
275
276
276
276
277
277
277
277
277
277
-1
-1
278
278
279
279
280
280
280
280
281
281
281
281
282
282
282
282
283
283
283
283
283
283
283
284
284
285
285
285
285
285
286
286
286
286
286
286
286
287
287
287
287
287
287
288
288
288
288
288
288
288
289
289
289
289
289
289
289
289
290
290
290
290
291
291
291
291
291
292
292
292
292
293
293
293
294
294
294
294
294
294
294
294
295
295
295
295
296
296
296
296
297
297
297
297
298
298
298
298
299
299
299
299
300
300
300
300
300
300
301
301
301
301
301
301
301
302
302
302
302
303
303
303
304
304
304
305
305
305
305
306
306
306
306
306
306
306
307
307
307
307
308
308
308
308
309
309
309
309
310
310
310
307
-1
311
311
311
-1
312
312
312
-1
-1
313
-1
-1
314
314
314
315
315
315
316
316
316
316
316
316
316
-1
317
317
317
-1
318
318
318
319
319
319
319
319
319
319
320
320
320
320
320
-1
321
321
321
-1
322
322
322
-1
323
323
323
-1
324
324
324
-1
325
325
325
-1
326
326
326
-1
327
327
327
328
328
328
328
328
328
328
328
-1
329
329
329
-1
-1
324
-1
330
330
331
331
331
331
332
332
332
332
332
332
332
-1
333
333
333
-1
334
334
334
-1
335
335
335
336
336
336
336
336
336
336
337
337
337
337
337
337
338
338
338
338
338
338
-1
-1
339
339
339
-1
-1
340
340
341
341
341
341
341
341
341
342
342
342
342
342
342
343
343
343
343
343
343
343
344
344
344
344
345
345
345
345
-1
346
346
347
347
347
347
348
348
348
348
349
349
349
349
349
349
349
350
350
350
351
351
351
351
351
351
351
352
352
352
352
352
353
353
353
353
-1
354
354
354
-1
355
355
355
356
356
356
357
357
357
357
357
357
357
358
358
358
358
359
359
359
359
359
359
359
360
360
361
361
361
362
362
362
362
362
362
362
-1
1582
363
363
364
364
364
364
364
364
365
365
365
365
365
366
366
366
366
366
366
366
367
367
367
367
368
368
368
368
369
369
369
369
369
369
369
370
370
370
370
370
370
370
371
371
371
371
372
372
372
372
373
373
373
373
373
373
373
374
374
374
374
374
374
374
375
375
375
375
-1
376
376
376
377
378
378
378
379
379
379
379
379
379
379
379
-1
380
380
380
-1
381
381
381
382
382
382
382
382
382
382
383
383
383
384
384
384
385
385
385
385
385
-1
386
386
386
387
387
387
387
387
-1
388
388
388
389
389
389
389
390
390
390
390
391
391
391
391
391
392
392
392
392
392
392
393
393
393
393
393
393
393
394
394
394
394
394
394
395
395
395
396
8
8
8
397
397
397
398
398
398
398
398
-1
-1
399
399
399
399
400
400
400
400
-1
401
401
401
-1
402
402
402
-1
403
403
403
-1
404
404
404
-1
405
405
405
-1
406
406
406
-1
407
407
408
408
408
408
408
409
409
409
409
410
410
410
411
411
411
411
411
412
412
412
412
413
413
413
413
413
414
414
414
414
414
414
414
415
415
415
415
416
416
416
416
417
417
417
417
418
418
418
419
419
419
419
419
419
420
-1
421
421
421
422
422
422
422
-1
423
423
423
-1
424
424
424
425
425
425
425
-1
426
426
426
427
427
427
427
428
428
428
428
429
429
429
429
-1
430
430
430
431
431
431
431
432
432
432
432
432
432
432
433
433
433
433
434
434
434
435
435
435
435
435
436
436
436
436
436
436
436
436
437
118
118
118
-1
438
438
438
439
439
439
439
440
440
440
440
440
440
440
441
441
441
441
441
441
441
442
442
442
443
443
443
444
444
444
444
-1
445
445
445
446
446
446
446
446
446
446
447
447
447
447
447
447
-1
448
448
448
448
449
449
449
449
449
449
450
450
450
450
450
450
450
-1
451
451
451
451
452
452
452
452
453
453
453
453
-1
454
454
313
-1
455
455
455
455
455
456
456
456
456
456
456
456
-1
457
457
457
457
457
458
458
458
458
458
458
458
459
459
459
459
459
459
459
460
460
460
460
460
461
461
461
461
461
461
461
461
462
462
462
462
462
-1
463
463
464
464
464
464
464
464
465
465
465
465
465
465
465
-1
466
466
466
466
467
467
467
467
468
468
468
468
469
469
469
469
469
470
470
470
470
470
471
471
471
471
471
472
472
472
472
472
472
472
-1
473
473
473
474
474
474
474
475
475
475
475
475
476
476
476
476
476
476
476
477
477
477
477
477
477
477
478
478
478
478
479
479
479
479
480
480
481
481
481
482
482
482
482
482
482
482
483
483
483
483
483
484
484
484
484
484
484
484
485
485
485
485
486
486
486
486
487
487
487
488
488
488
488
488
489
489
489
490
490
490
490
491
491
491
491
492
492
492
492
493
493
493
493
494
494
494
494
495
495
495
496
496
496
496
496
496
497
497
497
497
498
498
498
498
498
498
499
499
499
499
499
499
499
500
500
500
500
501
501
501
501
502
502
502
502
503
503
503
503
504
504
504
504
505
505
505
506
506
506
506
507
507
507
507
508
508
508
508
509
509
509
509
510
510
510
510
510
510
510
510
511
511
511
511
512
512
512
512
512
513
513
513
513
513
514
514
514
514
515
515
515
515
516
516
516
516
517
517
144
144
518
518
518
518
518
519
519
519
519
520
520
520
520
521
521
521
521
522
522
522
522
523
523
523
523
524
524
524
524
525
525
525
526
526
526
527
527
527
527
528
528
528
528
529
529
529
529
-1
530
530
530
-1
531
531
346
-1
-1
532
532
-1
-1
533
533
534
534
534
534
535
535
535
535
535
535
535
535
536
536
536
536
536
536
536
-1
537
538
538
-1
539
539
539
-1
540
59
59
-1
-1
541
541
-1
-1
-1
542
542
542
-1
543
543
543
544
544
544
544
544
-1
-1
545
545
545
546
546
546
546
546
546
546
547
547
547
547
547
547
547
548
548
548
548
-1
549
549
549
-1
550
550
550
551
551
551
-1
552
552
552
553
553
553
553
-1
554
554
554
-1
555
555
555
-1
556
556
556
-1
557
557
557
-1
558
558
558
559
559
559
559
560
560
560
560
561
561
561
561
562
562
562
562
562
562
562
563
563
563
563
563
564
564
564
564
564
565
565
565
565
565
565
566
566
566
566
-1
567
567
567
-1
568
568
568
-1
569
569
569
570
570
570
570
571
571
571
571
572
572
572
573
573
573
573
573
574
574
574
574
575
575
575
575
575
575
575
-1
576
576
576
577
577
578
578
578
578
578
578
578
579
579
579
579
579
580
580
580
580
580
581
581
581
581
582
582
582
582
583
583
583
583
584
584
584
584
585
585
585
585
586
586
586
587
587
587
588
588
588
589
589
589
590
590
590
590
591
591
591
591
592
592
592
592
592
592
592
593
593
593
593
593
593
593
594
594
594
594
594
594
594
595
595
595
595
595
596
596
596
596
596
596
596
597
597
597
597
598
598
598
598
599
599
599
600
600
600
600
601
601
601
601
601
601
601
601
602
602
602
602
602
602
602
602
603
603
603
603
604
604
604
604
605
605
605
605
605
605
605
606
606
606
606
606
606
606
607
607
607
607
608
608
608
608
609
609
609
609
610
610
610
610
611
611
611
611
611
611
611
612
612
612
612
612
612
612
613
613
613
613
613
613
614
614
614
615
615
615
-1
616
616
616
-1
617
617
617
-1
618
618
87
619
619
619
619
619
620
620
621
621
621
621
622
622
622
622
622
623
623
623
623
623
624
624
624
624
624
624
624
625
625
625
625
625
625
625
625
626
626
626
626
627
627
628
628
628
628
628
628
628
629
629
629
630
630
630
630
-1
631
631
631
-1
-1
-1
-1
-1
-1
-1
-1
-1
-1
-1
-1
-1
-1
632
633
633
633
-1
634
634
634
635
635
635
635
636
636
636
637
637
637
637
638
638
638
638
639
639
639
639
640
640
640
640
641
641
641
641
641
-1
-1
-1
-1
-1
-1
-1
-1
-1
642
642
642
642
642
642
643
643
643
178
644
644
644
644
645
645
645
645
646
646
647
647
647
647
647
-1
648
648
648
649
649
649
-1
650
650
650
650
650
650
-1
651
651
651
651
651
651
651
652
652
652
652
652
652
653
653
653
653
654
654
654
654
655
655
-1
-1
656
656
656
-1
657
657
657
658
658
658
658
658
658
658
659
659
659
660
660
660
661
661
661
661
661
661
-1
662
662
662
663
663
663
663
663
663
663
664
664
664
664
665
665
665
665
665
665
665
665
-1
666
666
666
667
667
667
667
667
667
668
668
668
668
-1
669
669
669
-1
670
670
670
-1
671
671
671
-1
672
672
672
673
673
673
674
674
674
675
675
675
675
675
675
-1
676
676
676
-1
677
677
677
-1
678
678
678
-1
679
679
679
-1
680
680
680
-1
681
681
681
682
682
682
682
682
682
683
683
683
683
683
684
684
684
684
685
685
685
685
685
685
685
686
686
687
687
687
688
688
688
688
688
688
688
689
689
689
689
689
690
690
690
690
690
690
690
-1
691
691
691
-1
692
692
692
-1
693
693
693
-1
694
694
694
-1
695
695
695
696
696
696
696
696
697
697
697
697
697
698
698
698
698
699
699
699
699
699
699
699
700
700
700
700
700
700
700
701
701
701
701
702
702
702
702
702
702
703
703
703
704
704
704
704
-1
705
705
705
706
706
706
706
706
706
706
706
707
707
707
707
707
708
708
708
-1
709
709
709
-1
710
710
710
-1
711
711
711
-1
712
712
712
-1
713
713
713
-1
714
714
714
-1
715
715
715
-1
716
716
716
717
717
717
717
717
717
717
718
718
718
718
718
718
718
719
719
719
719
719
719
719
719
720
720
720
720
720
-1
721
721
721
-1
722
722
722
-1
723
226
226
724
724
724
725
725
725
-1
726
726
726
727
727
727
728
727
-1
-1
729
-1
-1
730
730
730
731
732
732
732
733
733
733
733
733
733
733
-1
734
734
734
-1
735
735
735
-1
736
736
-1
-1
737
737
-1
738
738
738
739
739
740
740
741
741
741
741
742
742
743
743
743
743
743
743
743
744
744
744
745
745
745
746
746
746
746
747
747
747
748
748
748
748
749
749
749
749
750
750
751
751
751
751
752
752
752
752
752
752
753
753
753
753
753
753
753
753
754
754
754
755
755
755
755
755
755
756
756
756
756
756
756
756
756
-1
757
757
-1
758
758
758
759
759
759
759
759
759
759
760
760
760
760
760
760
760
761
761
761
761
-1
762
762
762
-1
763
763
763
764
764
764
764
764
765
765
765
765
766
766
766
766
766
766
766
767
767
767
767
767
768
768
768
768
769
769
769
769
770
770
770
770
-1
771
771
771
772
773
773
774
774
774
774
775
775
775
775
776
776
776
776
777
777
777
777
777
777
777
778
778
778
778
778
779
779
779
779
780
780
-1
-1
-1
781
781
781
782
782
782
782
783
783
783
783
783
783
784
784
784
784
784
785
785
785
785
785
785
786
786
786
786
786
786
786
787
787
787
787
787
787
788
788
788
788
788
788
-1
-1
-1
789
789
789
-1
790
790
790
790
790
790
790
-1
-1
791
791
791
792
792
792
792
-1
793
793
793
793
793
793
793
-1
-1
794
794
794
794
794
794
795
795
795
795
796
796
796
796
-1
797
797
797
797
797
797
798
798
798
798
798
799
799
799
799
800
89
89
89
801
801
801
801
802
802
802
802
803
803
803
803
804
804
804
804
805
805
805
805
805
805
806
806
806
806
806
806
806
807
807
807
807
808
808
808
808
808
809
809
809
809
809
810
810
810
810
811
811
811
812
812
812
812
812
813
813
553
553
814
814
814
814
815
815
815
815
815
815
816
816
-1
817
818
818
818
819
819
820
820
820
820
-1
821
821
821
-1
822
822
822
-1
823
823
635
-1
-1
-1
-1
-1
824
824
824
824
824
824
824
825
825
825
825
825
825
825
826
826
826
826
826
826
-1
-1
-1
827
827
827
-1
828
828
828
829
829
829
829
830
310
307
307
831
831
831
831
832
832
832
832
832
-1
833
833
833
833
834
834
834
835
835
836
836
836
837
837
837
837
838
838
838
838
839
839
839
840
840
840
840
841
841
841
841
842
842
842
842
842
842
-1
843
843
843
844
844
844
844
845
845
845
845
846
846
846
846
846
846
-1
847
847
847
-1
135
848
848
-1
849
849
-1
-1
-1
850
850
850
851
851
851
851
851
851
852
852
852
852
852
852
852
853
853
853
853
853
853
853
-1
-1
854
854
-1
855
855
855
856
856
856
856
856
856
-1
857
857
857
-1
858
858
858
-1
859
406
406
-1
860
860
860
-1
377
377
377
-1
861
861
861
862
862
862
862
862
862
862
-1
863
863
-1
864
864
864
865
865
865
865
865
865
-1
866
866
866
867
867
867
867
867
868
868
-1
-1
869
869
870
870
870
870
870
870
870
-1
871
871
871
872
872
872
872
873
873
873
873
874
874
874
874
874
874
875
875
875
875
876
876
876
-1
877
877
877
878
878
878
878
878
878
879
879
879
879
880
880
880
880
881
881
882
882
882
882
882
882
882
883
883
883
883
883
883
884
884
884
884
884
884
884
885
885
885
886
886
886
886
887
887
821
821
888
888
888
888
889
889
889
889
889
889
-1
890
890
890
890
890
890
890
891
891
891
891
891
891
891
891
892
892
892
892
892
892
892
893
893
893
893
893
893
893
894
894
894
894
895
895
895
895
896
896
896
896
897
897
897
897
897
898
898
898
898
898
898
899
899
899
899
899
900
900
900
900
-1
901
901
901
-1
902
902
902
-1
903
903
903
904
904
904
904
905
905
905
905
906
906
906
906
907
907
907
908
908
908
908
909
909
910
910
910
910
910
910
910
910
911
911
911
911
912
912
913
913
913
913
913
913
913
914
914
914
914
914
914
914
915
915
915
915
915
915
915
916
916
916
916
916
917
917
917
917
-1
918
918
918
919
919
919
919
919
919
-1
920
920
920
921
921
921
921
921
921
922
922
922
922
922
923
923
923
923
924
924
924
-1
925
925
925
-1
926
926
926
927
927
214
214
214
214
214
928
929
929
929
-1
930
930
930
930
930
930
930
931
931
931
931
931
931
931
-1
932
932
932
-1
420
420
420
-1
933
933
933
-1
934
934
934
-1
-1
-1
929
935
936
936
936
-1
-1
937
937
938
835
939
939
939
-1
638
638
638
940
941
941
941
942
942
942
942
942
942
942
-1
943
943
943
944
944
944
944
944
-1
-1
945
945
945
946
946
946
946
946
947
947
209
948
948
948
948
948
948
948
-1
949
949
949
950
950
950
765
951
951
951
951
952
952
952
952
952
952
952
953
243
243
243
243
954
954
954
954
955
955
955
955
956
956
956
956
957
957
957
957
958
958
958
958
959
959
959
959
959
959
959
-1
960
960
960
960
961
961
961
961
961
962
962
178
178
963
963
963
963
964
964
964
964
965
965
965
965
966
966
-1
967
967
967
967
968
968
968
968
969
969
969
969
970
970
970
970
971
971
971
971
971
971
972
619
619
619
973
973
973
973
973
973
-1
-1
-1
-1
-1
-1
-1
-1
-1
-1
-1
974
974
974
974
975
975
975
975
976
956
956
956
977
977
977
977
978
978
978
978
979
979
979
979
980
980
980
980
981
981
981
981
982
982
982
982
982
982
982
982
983
983
983
983
983
984
984
984
984
985
985
985
985
986
986
986
986
987
987
987
987
988
520
989
989
537
537
990
990
970
970
991
991
991
991
992
992
992
992
993
993
993
993
994
994
994
994
995
995
995
995
996
996
996
997
997
997
997
997
997
997
998
998
998
998
998
998
998
999
999
999
999
999
999
999
1000
1000
1000
1000
1000
-1
1001
1001
1001
1001
1001
1001
1002
1002
1002
1002
1002
1002
1002
1002
-1
1003
1003
1003
1004
1004
1004
1004
1004
1004
1004
1005
1005
1005
1005
1006
1006
1006
1006
-1
1007
1008
1008
1008
1008
1008
1008
1008
1009
1009
1009
1009
1010
1010
1010
1010
1011
1011
1011
1011
1011
1011
1011
1012
1012
1012
1012
1012
1012
1012
1013
1013
1013
1013
1013
1013
1013
1013
1014
1014
1014
1014
1015
1015
1015
1015
1015
1015
1015
1016
1016
1016
1016
1016
1016
1016
1017
1017
1017
1017
1017
1018
1018
1018
1018
1018
1018
1019
1019
1019
-1
1020
1020
1020
-1
1021
1021
1021
1022
1022
1022
1022
1022
1022
1023
1023
1023
1023
1023
1023
1023
1024
1024
1024
1024
1024
1024
1025
1025
1025
1026
1026
1026
1026
1026
1026
1026
1027
1027
1027
1027
1027
1027
1027
-1
-1
-1
1028
1028
1028
-1
1029
1029
1029
1029
1029
1030
1030
1030
1030
1030
1030
1030
1030
-1
1031
1032
1032
-1
-1
1033
1033
-1
1034
1034
1034
1035
1035
1035
1035
1035
1035
-1
1036
1036
1036
1036
1037
775
775
775
-1
1038
1038
1038
1039
-1
1040
1040
1041
1041
1041
1041
1041
1042
1042
1042
1042
1042
1042
1042
1043
1043
1043
1043
1043
1044
1044
1044
1044
1044
-1
1045
1045
1045
1046
1046
-1
1047
1047
1047
1048
1048
1048
1048
1048
1048
1048
1049
1049
1049
1049
1049
1049
-1
1050
1050
1050
-1
1051
1051
1051
-1
1052
1052
1052
1053
1053
1053
1053
1053
1053
1053
1054
1054
1054
1054
1054
1054
1054
1054
1055
1055
1055
-1
1056
1056
1056
1057
1057
1057
1057
1057
1057
1057
1058
1058
1059
1059
1059
1059
-1
1060
1060
1060
-1
1061
1061
1061
-1
1062
1062
1062
-1
1063
1063
-1
1064
1064
902
1065
1066
1066
1066
1067
1067
1067
1067
-1
1068
1068
1068
-1
1069
1069
1069
1070
1070
1070
1070
1070
1071
1071
1071
1071
1071
1072
1072
1072
1072
-1
1073
1073
1073
-1
1074
1074
1074
-1
1075
1075
1076
1076
-1
1077
1077
1077
-1
1078
1078
1078
1079
1079
1079
-1
1080
1080
1080
1081
1081
1081
1081
1081
1081
1082
1082
1082
1082
1082
1082
1082
1083
1083
1083
1083
1083
1083
1083
-1
-1
1084
1084
1084
1085
1085
1085
1085
1085
1085
1085
-1
-1
1086
1086
-1
-1
1087
1087
-1
1088
1088
1088
1089
1089
1089
1089
1089
1089
1089
1090
1090
1090
1090
1090
1090
1090
-1
1091
1091
1091
-1
1092
1092
1093
1093
1093
1093
1093
1093
1094
1094
1094
1094
1094
1094
1094
1095
1095
1095
1095
-1
1096
1096
1096
-1
-1
-1
-1
-1
1097
1097
-1
1098
850
850
1099
1099
1099
1099
1099
1099
1099
-1
1100
1100
1100
-1
1101
1101
1101
-1
1102
1102
1102
-1
1103
1103
1103
1104
-1
1105
1105
-1
1106
1106
1106
1107
1107
1107
1107
1107
1107
1107
-1
1108
1108
1108
-1
1109
1109
1109
-1
1110
1110
1110
1111
1111
1111
1111
1111
1112
1112
1112
1112
1113
1113
-1
1114
1114
1114
1115
1115
1115
1115
1115
1115
1115
1116
1116
1116
1116
1116
1116
1116
1117
1117
1117
1117
1118
1118
1118
1119
1119
1119
1119
1119
1119
1120
1120
1120
1120
1120
1121
1121
1121
1121
-1
1122
1122
1122
1122
1123
1123
1123
1123
1123
1123
1123
1124
1124
1124
1124
1124
1124
1125
1125
734
734
1126
1126
1126
1126
1127
1127
1127
1127
1127
1127
1127
1128
1128
1128
1128
1128
1129
1129
1129
1129
1129
1130
1130
1130
1130
1130
1130
1131
1131
1131
1131
1132
1132
1132
1132
1132
1132
1132
1133
1133
1133
-1
1134
1134
1134
-1
1135
1135
1135
-1
1136
1136
643
1137
1137
1137
1137
1138
1138
1138
1138
1139
1139
1139
1139
1139
1140
1140
1140
-1
1141
1141
1141
1142
1142
1142
1142
1143
1143
1143
1143
1143
1143
-1
1144
1144
1144
-1
1145
1145
1145
-1
1146
1146
1146
1147
1147
1147
1147
1147
1147
1147
1148
1148
1148
1148
1148
1148
1148
1149
1149
1149
1149
1149
-1
1150
1150
1150
1151
1151
1151
1151
1151
1151
1151
-1
1152
1152
1152
1153
1153
1153
1153
1153
1153
1153
1154
1154
764
764
1155
1155
1155
1156
-1
1157
1157
1158
1158
1158
1158
1158
1158
1158
1159
1159
1159
1159
1159
1159
1160
1160
1160
1160
1160
1160
1160
-1
-1
1161
1162
1061
1061
-1
1163
1163
49
1164
1165
1165
1165
-1
1166
1166
1166
-1
1167
1167
1167
1168
1168
1168
1168
1168
1168
1168
1168
-1
1169
1169
1169
-1
-1
1170
1170
1171
1171
1171
1171
1172
1172
1172
1172
-1
-1
1173
1173
-1
1174
1174
1174
1175
1176
1176
1176
1177
1177
1177
775
-1
1178
1178
1178
1179
1180
160
1181
1181
1181
1181
1182
1182
1182
1182
1182
1182
1183
1183
1183
1183
1183
1183
1183
-1
-1
1184
1184
1185
1185
1185
1185
1186
1186
1186
1186
1186
1187
1188
1188
1189
1189
1189
1189
1189
1189
1189
1190
1190
1190
1190
1190
1190
1190
1191
1191
1191
1191
1191
1191
1191
1192
1192
1192
1192
1192
1192
1192
-1
1193
1193
1193
-1
-1
1194
1194
1194
-1
1195
1195
1195
-1
1196
1196
1196
1197
1197
1197
1197
1197
1197
1197
-1
1198
1198
1198
-1
1199
1199
1199
1200
1200
1200
1200
1200
1200
1200
1201
1201
1201
1201
1201
1201
1202
1202
1202
1202
1202
1202
1202
-1
-1
1203
1203
1204
1204
1204
1204
1204
-1
-1
1205
1205
711
-1
192
192
192
1206
1206
1206
1206
1207
1207
1207
1207
1207
1208
1208
1208
1208
1208
1208
1208
1208
1209
1209
1209
1209
1209
1209
1209
1210
1210
1210
1210
1211
1211
1211
1211
1212
1212
1212
1212
1212
1213
1213
1213
1213
1213
1213
1213
1214
1214
1214
1214
1215
1215
1215
1215
1215
1215
1216
1216
1216
1216
1217
1217
1217
1217
1217
1218
1218
1218
1218
1218
1219
1219
1219
1219
1220
1220
1220
1220
1221
1221
1221
1221
1221
1221
1221
1222
1222
1222
1222
1222
-1
1223
1223
1223
1223
1223
1223
1223
1224
1224
1224
1224
1225
1225
1225
1225
1225
1225
1226
1226
1226
1226
1227
1227
1227
1227
1228
1228
1228
1228
1229
1229
1229
1229
1230
1230
1230
1230
1231
1231
1231
-1
1232
1232
1233
1233
1233
1233
1233
1233
1233
1234
1234
1234
1234
1234
1235
1236
1236
1236
1237
1237
1237
1237
1238
1238
1239
1239
1239
1239
1239
1239
1239
1239
1240
1240
1240
1240
-1
1241
1241
1241
-1
1242
1242
1242
-1
1243
1243
1243
1244
1244
1244
1244
1245
1245
1245
1245
-1
1246
1246
1246
1247
1247
1247
1247
1247
1247
-1
1248
1248
-1
1249
1249
1249
-1
1250
1250
1250
-1
1251
1251
1251
-1
-1
1252
1252
1252
1253
1253
1253
1253
1253
1254
1254
1254
1254
1254
1254
1254
-1
1255
1255
1255
-1
1256
1256
1256
1257
1257
1257
1257
1257
1257
1257
1258
1258
1258
1258
1258
1259
1259
1259
1259
1259
-1
1260
1260
1260
-1
1261
1261
1261
1261
1261
1262
1262
1262
1262
1262
1262
1262
1262
1263
1263
1263
1263
1263
1263
1263
-1
1264
1264
1264
1265
1128
1128
1128
1128
1266
1266
1266
1266
-1
1267
1267
1267
1268
1268
1268
1268
1269
1269
1269
1269
1270
1270
1270
1270
1271
1271
1271
1271
1271
1271
1272
1272
1273
1273
1273
1273
1274
1274
1274
1274
1275
1275
1275
1275
1276
1276
1276
1276
1277
1277
817
817
817
1278
1278
1278
1278
1278
-1
1279
1279
1279
-1
1280
1280
1280
1280
1280
1280
1280
-1
-1
1281
1281
1281
1282
1282
-1
1283
1283
1283
-1
1284
1284
-1
1285
1285
1285
1286
1286
1286
1286
1287
1287
1287
1287
1287
1288
1288
1288
1288
1288
1289
1289
1289
1289
1289
1289
1289
-1
1290
1290
1290
1291
1291
1291
-1
1292
1292
1292
1292
1292
1292
-1
1293
1293
1293
1294
1294
1294
1294
1294
1294
1294
1294
1295
1295
1295
1295
1295
1295
1295
1296
1296
1296
1296
-1
1297
1297
1297
1298
1298
1298
1298
-1
-1
-1
731
731
731
1299
1299
1299
1299
1300
1300
1300
1300
1301
1301
1301
1301
1302
1302
1302
1302
1303
1303
1303
1303
1303
1303
1303
-1
1304
1304
1304
-1
1305
1305
1305
1306
614
-1
1307
1307
1307
1308
1308
1308
1308
1308
1309
1309
1309
1309
1309
1309
1309
-1
1310
1310
1310
-1
-1
1311
1311
-1
1312
1312
1312
-1
128
128
128
-1
1313
1314
1314
1315
1315
1315
1315
1315
1315
-1
1007
1007
1007
1007
-1
-1
1316
1316
-1
1317
1301
1301
-1
1318
1318
1318
1319
1319
1319
1319
1319
1319
1319
-1
1320
1320
1320
1321
1321
1321
1321
1321
1321
1321
-1
-1
1322
1322
-1
-1
1323
1323
-1
1324
1324
1324
1325
1325
1325
1325
1325
1325
1325
-1
1326
1327
1327
1327
-1
-1
1328
1328
-1
1329
1329
-1
-1
1330
1330
1331
-1
1332
1332
1333
1333
1333
1333
1333
1333
1333
-1
1334
1335
1335
-1
-1
1336
1336
-1
-1
1337
1337
-1
-1
1338
1338
-1
-1
-1
-1
-1
-1
1339
1339
1340
1340
1340
1340
1340
1340
-1
1341
1341
1341
1341
1341
1342
1342
1342
1342
-1
1343
1343
1343
-1
1344
1344
1344
-1
1345
1345
1345
1346
1346
1346
1346
1346
1346
1347
1347
1347
1347
1347
1347
1347
-1
1348
1348
1348
-1
1349
1349
1349
-1
1350
1350
1350
-1
1351
1351
1351
1352
1352
1352
1352
1352
1353
598
598
598
1354
1354
1354
1354
1354
1355
1355
1355
1355
1355
1355
-1
1356
1356
1356
1357
1357
1357
1357
1358
1358
1358
1359
1359
1360
1360
1360
1361
1361
1361
1362
1362
1362
1362
1362
1362
1362
1363
1363
1363
1363
1363
1363
1363
1364
1364
1364
1364
1364
-1
1365
1365
1365
-1
1366
1366
1366
1367
1367
1367
1367
1367
1367
1367
-1
1368
1368
1368
1369
1369
1369
1369
1369
1370
1371
1371
1371
1372
1372
1372
1372
1372
1373
1373
1373
1373
1373
1374
1374
1374
1374
1374
1374
1374
-1
1375
1375
1375
1376
1376
1376
1376
1376
1376
1376
1377
1377
1377
1377
1377
1378
1378
1378
1378
1378
1378
1378
1379
1379
1379
1379
1380
1380
1381
1381
1381
1381
1381
-1
1382
1382
1382
729
1383
1383
1383
1383
1384
1384
1384
1384
1384
1384
1384
1385
1385
1385
1386
1386
1387
1387
1387
1387
1388
1388
817
817
817
1389
1389
1389
1389
1390
1390
1390
1391
1391
1391
1391
1391
1391
1392
1392
1392
1392
1393
1393
1393
1393
1393
1393
1393
1394
1394
1394
1394
1394
1394
1395
1395
1395
1395
1396
1396
1396
1396
1397
1397
1397
1397
1397
-1
1398
1398
1398
1399
1399
1399
1399
1399
1400
1400
1400
-1
1401
1401
1401
1401
1401
1401
1401
1402
1402
1402
1402
1402
1402
1402
1403
1403
1403
1403
1404
1404
1404
1404
1405
1405
1405
1405
1406
1407
1407
1407
1408
1408
1408
1408
1408
1408
1408
1409
186
186
1410
1410
1410
1410
1411
1411
1411
1411
1412
1412
1412
1412
1412
1413
1413
1413
1413
1413
1413
1414
1414
1414
1414
1414
1414
1414
-1
1415
1415
1415
1416
1416
1416
1416
1416
1416
1416
-1
1417
1417
1417
-1
1418
1418
1418
-1
1419
1419
1419
1420
1420
1420
1420
1420
1421
1421
1421
1421
1422
1422
1422
1422
1422
1423
1423
1423
-1
1424
1424
1424
-1
1425
1425
1425
1426
1426
1426
-1
-1
1427
1427
1428
1428
1428
1428
1428
1428
1428
-1
1429
1429
1429
1430
1430
1430
1430
1430
-1
1431
1431
1431
1431
1431
1431
1431
-1
1432
1432
1432
1433
1433
1433
1433
1434
1434
1434
1434
1434
1435
1435
1435
1435
1436
1436
1436
1436
1437
1437
1437
1437
1437
1437
1438
1438
1438
1438
1438
1438
-1
1439
775
-1
1440
1440
1050
-1
1441
1441
1441
-1
1442
1442
1442
-1
1443
1443
550
-1
1444
1444
1444
-1
1445
1445
1445
-1
-1
1031
1031
-1
1446
1446
1446
-1
1447
1447
1447
-1
-1
1448
1448
1448
-1
1449
1449
1449
-1
1450
1450
1174
1451
1451
1451
1451
1451
1451
1451
1451
-1
-1
1452
1452
-1
1453
1453
1453
1454
1454
1454
1454
1455
1455
1455
1455
1455
1455
1455
1455
-1
1456
1456
1456
1457
910
910
910
910
910
910
910
1458
1458
1458
1458
1458
1458
1458
1459
1459
1459
1459
1460
1460
1460
1460
1461
1461
1461
1461
1462
1462
1462
1463
1463
1463
1464
1464
1464
1464
1464
1464
1464
1465
1465
1465
1465
1465
1465
1465
1466
1466
1466
1466
1466
1466
1466
1467
1467
1467
1467
1467
1467
1467
1468
1468
1468
1468
1468
1468
1468
1468
1469
928
928
928
1470
1470
1470
1470
1471
1471
1471
1471
1471
1471
1471
-1
1472
1472
1472
1473
1473
1473
1473
1473
1473
1474
1474
1474
1474
-1
1475
1475
1475
1476
1476
1476
1476
-1
-1
-1
-1
-1
-1
-1
-1
1477
1477
1478
1478
1478
1478
1478
1478
1478
-1
1479
1479
1479
-1
1480
1480
1480
-1
1481
1481
1481
-1
1482
1482
1482
-1
1483
1483
1483
1484
1484
1484
1484
1484
1484
1485
1485
1485
1485
1485
1485
1485
1486
1486
1486
1486
1486
1486
1486
-1
1487
1487
1487
-1
1488
1488
548
-1
-1
1489
1489
1489
-1
1490
1490
1490
1491
1491
1491
1491
1491
1492
1492
1493
1493
1493
1493
1493
1493
1493
1494
1494
1494
1494
1494
1494
1494
1495
1495
1495
1495
1495
1495
1495
1496
1496
1496
1496
1496
1497
1497
1497
1497
1498
1498
1498
1498
1498
1499
1499
1499
1499
1500
1500
1500
1500
-1
1501
1501
1501
1502
1502
1502
1502
1502
1502
1502
1503
1503
1503
1503
1503
1503
1504
1504
1504
1504
1505
1505
1505
1505
1506
1506
1506
1506
1506
1506
1507
1507
1507
1507
1508
1508
1508
1508
1509
1509
1509
1509
1510
1510
1510
1510
1510
1511
1511
1511
1511
1512
1512
1512
1512
1513
1513
1513
1513
-1
-1
1514
1514
1514
1515
1515
1515
1515
1515
1515
1515
1516
1516
1516
1516
-1
1517
1235
1235
1235
1518
1518
1518
885
1519
1519
1519
1520
1520
1520
1520
1521
1521
1521
1522
1522
1522
1522
1523
1523
1523
1523
1523
1524
1524
1524
1524
1524
1524
1524
1525
1525
1525
1526
1526
1526
1526
1527
1527
1527
1527
1528
1528
1528
1528
1529
1529
1529
1529
1530
1530
1530
1530
1530
1530
-1
1531
1531
1531
1531
1532
1532
1532
1532
1532
1532
1532
1533
1533
1533
1533
1534
1534
1534
1535
1535
1535
1535
1536
1536
1536
1536
1536
1536
1536
1537
1537
1537
1537
1538
1538
1538
1538
1538
1538
-1
1539
1539
1539
-1
1540
1540
-1
1541
1541
1541
1542
1542
1542
1542
1542
1542
1542
-1
1543
1543
1543
-1
1544
1544
1544
1545
1545
1545
1545
1545
1545
1545
1546
1546
1546
1546
-1
1547
1547
-1
1548
1548
1548
-1
1549
350
350
1550
1550
1550
1551
1551
1551
1552
1552
1552
1553
1554
1554
1554
1555
1555
1555
1555
1555
1555
1555
1555
1556
1556
1556
1556
1556
1556
1557
1557
1557
1557
1557
1558
1558
1558
1558
1558
1558
1558
1559
1559
1559
1559
1559
1559
1559
1559
-1
-1
-1
-1
1560
1560
1560
1560
1560
1560
1560
1561
1561
1561
1561
1561
1561
1562
1562
1562
1562
1562
1562
1562
1563
1563
-1
-1
1564
1564
1565
1565
1565
1565
1565
1565
1565
1566
1566
1566
1566
1566
1566
-1
1567
-1
1568
1161
1569
1569
-1
1570
1570
1570
1571
1571
1571
1571
1571
1572
1572
1572
1572
1572
1572
1572
-1
1573
1573
-1
1574
1574
1574
-1
1575
1575
1575
-1
1576
1577
1577
-1
1578
1578
1578
1579
1579
1579
1579
1579
1579
1579
1580
1580
1580
1580
1580
1580
1580
1581
1581
1581
1581
1581
1581
1582
-1
1583
1583
-1
-1
1584
1584
-1
-1
1585
1585
-1
-1
1586
1586
-1
1587
1587
1587
-1
1179
1179
1588
1588
1588
1588
1588
-1
1589
1589
1547
-1
659
659
-1
-1
1590
1590
1590
1590
1590
1590
1590
1591
1591
1591
1591
1591
1591
1591
1592
1592
1592
1593
-1
1594
1594
1595
1595
1595
1595
1595
-1
1596
1596
1597
1598
1598
1598
1599
1600
1600
1601
1601
1601
1601
1601
1601
1602
1602
1602
1602
1602
1602
1602
1602
1603
-1
1604
89
89
-1
1605
1605
1605
-1
1606
-1
1607
1607
1607
1607
-1
-1
1608
1608
1609
1609
1609
1609
1609
1609
-1
1610
1610
1610
1610
1610
1610
1610
1611
1611
1611
1611
1611
-1
-1
1612
-1
1613
1613
1613
1613
1613
1613
1613
1614
1614
1615
1476
1476
1476
1616
1616
1616
1616
1616
1616
1616
1616
1617
1617
1617
1617
1618
1618
1618
1618
1618
1618
1618
1618
1619
1619
1619
1619
1619
1619
1619
1620
1620
1620
1620
1620
1620
1621
1621
1621
1621
1621
1621
1622
1622
1622
1622
1623
1623
1623
1623
1624
1624
1624
1624
1625
1625
1625
1625
-1
1626
1626
1626
1627
1627
1627
1627
1628
1628
1628
1628
1629
1629
1629
1629
-1
1630
1630
-1
1631
1631
1631
-1
1632
1632
1632
-1
1633
1633
1633
-1
1634
1634
1634
1635
1635
1635
1635
1635
1635
1635
-1
1636
1636
1636
1637
1637
1637
1638
1638
1638
1638
1639
1639
1639
1639
1639
1639
1639
1640
1640
1640
1640
1640
1640
1640
1641
1641
1641
1641
1641
1641
1641
-1
1642
1642
1642
1642
1642
1642
1643
1643
1643
1643
1644
1644
1644
1644
1644
1644
1644
1645
1645
1645
1645
1645
1645
1646
1646
1646
1647
1647
1647
1647
1648
1648
1648
1648
1648
1648
1649
1649
1649
1649
1650
1650
1650
1650
1650
1650
1650
1651
1651
1651
1651
1651
1651
1652
1652
1652
1652
1652
1652
1652
1653
1653
1653
1166
1654
1654
1654
1654
-1
1655
1655
1655
-1
-1
-1
1656
1656
1656
1657
1657
1657
1657
1657
1657
1658
1658
1658
1658
1658
1658
1658
1659
1659
1659
1659
1659
1659
1659
-1
1660
1660
1660
1660
1660
1661
1661
1661
1661
1662
1662
1662
1662
1663
1663
1663
1663
1664
1664
1664
1664
1665
1665
1665
1665
1666
1666
1666
1666
1667
1667
1667
1667
1668
1668
1669
1669
1669
1669
1670
1670
1670
1670
1671
1671
1671
1671
1672
1672
1672
1672
1672
1673
1673
1673
1673
1673
1673
1673
-1
1674
1674
1674
1674
1675
1675
1675
1676
1676
1676
1677
1677
1677
1678
1678
1678
1678
1678
1678
1678
1679
1679
1679
1679
1679
1679
1679
1680
1680
1680
1680
1680
-1
-1
1681
1681
1681
1681
1681
1682
1682
1682
1682
1682
1682
1682
1683
1683
1683
1684
1684
1684
1684
1685
1685
1685
1685
1685
1685
1686
1686
1686
1686
1686
1686
1686
1687
1687
1688
1688
1688
217
1689
1689
1689
1690
1690
1690
1690
1690
1690
1691
1691
1691
1691
1692
1692
1692
1692
1693
1693
1693
1693
1693
1693
1694
1694
1694
1694
1694
1694
1694
1695
1695
1695
1695
1696
1696
1696
1696
1697
1697
1697
1697
1697
1698
1698
1698
1699
1699
1699
1699
1699
1699
1700
1700
1700
1700
1700
1700
1700
-1
1701
1701
1701
1701
1701
1702
1702
1703
1703
1703
1704
1704
1704
1704
1704
1704
1704
1705
1705
1705
1705
1705
1705
1705
1706
1706
1706
1706
1706
1706
1706
1707
1707
1707
1707
1708
1708
1708
1708
1708
1708
1709
1709
1709
1709
1709
1709
1710
1710
1710
1710
1711
1711
1711
1711
1712
935
935
935
1713
1713
1713
1713
1714
1714
1714
1714
1715
1715
1715
1715
1716
1716
1716
1716
1717
1717
1717
1717
1717
1717
1717
1718
1718
1718
1718
1718
1718
1719
1719
1719
1720
1720
1720
-1
-1
1721
1721
1721
1721
1722
1722
1722
1722
-1
1723
1723
1723
-1
1724
1724
1724
1725
1725
1725
1725
1725
1725
-1
1726
1726
1726
1727
1727
1727
1727
1727
1727
1727
1728
1728
1728
1728
1728
1728
1728
1729
1729
1729
1730
1730
-1
-1
-1
1731
1731
1731
1731
1731
1732
1732
1732
1732
1733
1733
1733
1733
1733
1733
1733
1733
-1
1734
1734
1734
-1
1735
1735
1735
1029
1029
1029
1029
1736
1736
1736
1736
1737
1737
1737
1737
1738
1738
1738
1738
1738
1738
1738
1739
1739
1739
1739
1740
1740
1740
1740
1741
1741
1741
1741
1742
1742
1742
1742
1743
1743
1743
1743
1744
1744
1744
1744
1744
1744
1744
1745
1745
1745
1745
1745
1745
1745
1746
1746
1746
1746
1746
1746
1746
1747
772
772
1748
1748
1748
1748
1749
1749
1749
1749
1749
1749
1749
1750
1750
1750
1750
1751
1751
1751
1751
1751
1751
1752
1752
1752
1752
1753
1753
1753
1753
1754
1754
1754
1754
1755
1755
1755
1756
1756
1756
1757
1757
1757
1757
1758
1758
1758
-1
1759
1759
1759
1760
1760
1760
-1
1761
1761
1761
1761
1761
1761
1761
1762
1762
1762
1762
1763
1763
1763
1763
1764
1764
1764
1764
1765
1765
1765
1765
1766
1766
1766
1767
1767
1767
1767
1768
1768
1768
1768
1768
1768
1768
1769
1769
1769
1769
1769
1769
1769
1770
1770
1770
1770
1770
1770
1770
1771
1771
1771
1771
1771
1772
1772
1772
1772
1773
1773
1773
1773
1773
-1
1774
1774
1774
1774
1774
1774
1774
1775
1775
1775
1775
1775
1775
1775
-1
1776
1776
1776
1777
1777
1777
1777
1778
1778
1778
1778
1778
1778
1778
1778
-1
1779
1779
1779
1780
1780
1780
1780
1780
1780
1780
-1
1781
1781
1781
1782
1782
1782
1783
1783
1783
1783
1783
1783
1784
1784
1784
1784
1784
1784
1784
1784
-1
1785
1785
1785
1786
1786
1786
-1
1787
1787
1787
-1
1788
149
149
-1
1789
1789
1789
1790
1790
1790
1790
-1
1791
1791
1791
1792
1792
1792
1792
1792
1792
1793
1793
1793
1793
1793
1793
1794
1794
1794
1794
1794
1794
1794
-1
1795
1795
8
1796
1796
1796
1796
1796
1796
1796
-1
1797
1797
1797
-1
1798
1798
1798
-1
1799
1799
1799
-1
1800
1800
1800
1801
1801
1801
1802
1802
1802
1802
1802
1802
1802
1802
1803
1803
1803
1803
1803
1803
-1
1804
1804
1804
1805
1805
1805
1805
1805
1805
1806
1806
1806
1806
1806
1807
1807
1807
1807
1807
1807
1808
1111
1111
1111
1111
-1
1809
1809
1809
1810
1810
1810
1810
-1
1811
1811
1811
1812
1812
1812
1812
-1
1813
1813
1813
1814
1814
1814
1814
-1
1815
1815
1815
1816
1816
1816
1816
-1
1817
1817
1817
1818
1818
1818
1818
1818
1818
1818
-1
1819
1819
1819
1820
1820
1820
1820
1821
1821
1821
1821
-1
1822
1822
1822
-1
1823
1823
1823
-1
1824
1824
1824
1825
1825
1825
1825
1826
1826
1826
1826
1827
1827
1827
1827
-1
1828
932
932
-1
1829
1829
1829
1830
1830
1830
1830
-1
1831
1831
1831
-1
1832
1832
1832
-1
1833
1833
1833
-1
1834
1834
1834
1835
1835
1835
1835
1835
1835
1836
1836
1836
1836
1836
-1
1837
1837
1837
1838
1838
1838
1838
-1
1839
1839
1839
-1
1840
1840
1840
-1
1841
1841
1841
-1
1842
1842
1842
1843
1326
-1
1844
1844
1844
1844
1845
1845
1845
1845
1845
-1
-1
1846
1846
1846
1847
1847
1847
1847
1847
1847
1847
-1
1848
1848
1848
-1
-1
1849
1849
-1
1850
1850
1850
1850
1850
-1
-1
1334
1334
-1
1851
1851
1851
-1
1852
1852
1852
-1
1853
1853
1853
-1
1854
1854
1854
-1
1855
1855
-1
1856
1856
1856
-1
1857
1857
1857
1858
1858
1858
1858
1858
1858
1858
1859
1859
1859
1859
-1
1860
1860
1860
1860
1860
1860
-1
1861
1861
1861
-1
1862
1862
1862
1200
1200
1200
1200
1200
1200
1200
-1
1863
1863
1863
-1
1864
-1
1865
1181
1181
1866
1866
1866
1866
1866
1866
1866
1867
1867
1867
1867
1867
1867
1867
-1
-1
1868
1868
1868
-1
1869
1870
1870
-1
-1
1871
1871
-1
1872
1872
1872
-1
-1
1873
1873
1874
1874
1874
1874
1874
1874
1874
-1
1875
1875
995
-1
1876
1876
1877
1156
1156
1156
1878
1878
1878
1878
1879
1879
1879
1879
1880
1880
1880
1880
1881
1881
1882
1882
1882
1883
1883
1883
1883
1883
1883
1884
1884
1884
1884
1884
1884
1884
1885
1885
1885
1886
1886
1887
1887
1887
1887
1888
1888
1888
1888
1888
1888
1888
1889
1889
1889
1889
1889
1889
-1
1890
1890
1890
-1
-1
1891
1891
-1
1892
1892
1892
-1
1893
1893
1893
1894
1894
1894
1894
1894
1894
1894
-1
1895
1895
1895
-1
47
47
47
1896
1896
1896
1896
1896
1896
1896
1897
1897
1897
1898
1898
1898
1898
1898
1898
1899
1899
1899
1899
1899
1899
1899
1900
1900
1900
-1
1901
1901
1901
1902
1902
1902
1902
-1
1903
1903
1903
-1
1904
1904
1904
1905
1905
1905
1905
1906
1906
1906
1906
1906
1907
1907
1907
1907
1907
1908
1908
1908
1908
1908
1908
1909
1909
1909
1909
1910
1910
1910
1910
1910
1911
1911
1911
1912
1912
1912
1912
-1
714
714
-1
218
218
218
-1
1913
1913
1913
-1
1914
1914
1914
-1
1915
1915
1915
-1
1916
1916
-1
1917
1917
1917
1918
1790
63
1919
1919
1919
1919
1919
1919
1919
1919
1920
1920
1920
1920
1920
1920
1920
-1
1921
1921
1921
1922
1922
1922
1922
1923
1923
1923
1923
1923
1923
1924
1924
1924
1924
1924
1925
1925
1925
1925
1925
1925
1925
1926
1926
1926
1926
1926
1926
1926
1927
1927
1927
1927
1927
1927
1927
1928
1928
1928
1928
1928
1928
1929
1929
1929
1929
1929
1929
1929
1930
1930
1930
1930
1930
1930
1930
1931
1931
1931
1931
1931
1931
1931
1932
1932
1932
1932
1933
1933
1933
1933
1933
1933
1933
1934
1934
1934
1934
1934
1934
1934
1935
1935
1935
1935
1935
1935
1935
1936
1936
1936
1936
1937
1937
1937
1937
1937
1937
1937
1938
1938
1938
1939
1939
1939
1939
-1
1940
1940
1940
-1
-1
1941
1941
-1
1942
1942
1942
1943
1943
1943
-1
1039
1039
1039
-1
1944
1944
1944
-1
1945
934
934
-1
1946
1946
1946
-1
1947
1947
1947
-1
1948
1948
1948
-1
1949
1949
1949
1950
1950
1950
1950
1950
1951
1597
1597
1597
1952
1952
1952
1952
1952
1953
1953
1954
1954
1954
1954
1954
1954
1955
1955
1955
1955
1955
-1
1956
1956
1956
1957
1957
1957
1957
-1
1958
1958
1958
-1
-1
1959
1959
1960
1961
1961
1961
-1
1962
1962
1962
-1
1963
1963
1963
1964
1964
1964
1964
1964
1964
1965
1965
1965
1965
1965
1965
1965
-1
1966
1966
1966
-1
1967
1967
-1
1968
1968
1968
-1
1969
1969
1969
-1
1970
1970
1970
1971
1971
1971
1971
1971
1972
1972
1972
1972
1972
-1
1973
1973
1973
1974
1975
1975
1975
-1
-1
1976
1976
1977
1977
1977
1977
1977
1977
1977
-1
1978
1978
1979
1980
1980
1980
-1
-1
1981
1981
-1
1982
1982
1982
1983
1983
1983
1983
1983
1983
1983
-1
1984
1984
1984
-1
1985
1985
1985
-1
-1
1986
1986
-1
1987
1987
1987
-1
1988
1988
1988
-1
1989
1989
1989
-1
1990
1990
1990
1991
1991
1991
1991
-1
-1
-1
-1
-1
1992
1992
1992
-1
1993
1993
1993
-1
1994
1994
1994
-1
-1
1995
1995
-1
-1
1996
1229
1997
1997
1997
1997
1997
1997
1997
1998
1999
1999
1999
1999
1999
-1
2000
2000
2000
-1
-1
850
-1
-1
-1
2001
2001
-1
2002
2002
2002
2003
2003
2003
2004
2004
2004
2004
2005
2005
2005
2005
2006
2006
2006
2006
2006
2006
2006
2007
2007
2007
2007
2008
2008
1313
1313
2009
2009
2009
2009
