0
0
0
0
0
0
0
1
1
1
1
1
1
2
2
2
-1
3
3
3
-1
4
4
4
-1
5
5
5
6
6
6
6
6
6
7
7
7
7
7
7
7
7
-1
-1
8
8
8
-1
-1
9
9
9
9
-1
10
10
10
11
11
11
11
11
12
12
12
12
13
13
13
13
-1
14
14
14
-1
15
15
15
16
16
16
16
16
16
16
17
17
17
17
17
17
17
18
18
19
19
19
20
20
20
20
20
21
21
21
21
21
-1
22
22
22
22
23
23
23
24
24
24
24
24
24
24
-1
25
25
25
-1
26
26
26
-1
27
27
27
-1
28
28
28
-1
29
29
29
-1
30
30
30
-1
31
31
31
-1
32
32
32
33
34
34
34
-1
35
35
35
-1
36
36
36
37
37
37
37
-1
-1
38
38
38
-1
39
39
39
-1
40
40
40
-1
41
41
41
-1
42
42
42
43
43
43
43
44
44
44
44
44
44
-1
45
45
45
46
46
46
46
46
46
46
-1
47
47
47
-1
48
48
48
49
50
50
50
51
51
51
51
51
52
52
52
52
53
53
53
53
-1
-1
-1
-1
-1
54
54
54
-1
55
55
55
-1
56
56
56
-1
57
57
57
-1
58
58
58
59
59
59
59
60
60
60
60
60
60
60
61
61
61
61
61
61
61
61
62
62
62
62
62
63
63
63
63
63
64
64
64
64
65
65
65
65
65
66
66
66
66
66
66
66
67
67
67
67
68
68
68
68
69
69
69
69
70
70
70
70
70
71
71
71
71
71
71
71
71
72
72
72
73
73
73
74
74
74
74
75
75
75
75
76
76
76
76
77
77
77
77
78
78
78
78
-1
79
79
79
79
79
79
79
80
80
80
80
80
80
80
81
81
81
81
81
81
81
82
82
82
82
83
83
83
83
83
83
83
84
84
84
84
85
85
85
85
-1
86
86
86
-1
-1
87
87
-1
88
88
88
89
89
89
89
89
89
89
-1
90
90
90
91
91
91
91
91
91
91
92
92
92
92
92
92
92
-1
93
93
93
94
94
94
94
94
94
94
-1
95
95
95
-1
-1
96
96
97
97
97
97
97
97
97
98
98
99
99
99
99
100
100
100
100
100
100
100
101
101
101
101
101
101
101
102
102
103
103
103
103
104
104
104
104
105
105
105
105
106
106
106
106
106
106
106
106
107
107
107
107
107
108
108
108
109
109
109
109
109
110
110
110
110
111
111
111
111
111
111
111
112
112
112
112
112
112
112
113
113
113
113
114
114
114
114
115
115
115
115
115
115
115
116
116
116
117
117
118
118
118
119
119
119
119
119
-1
120
120
120
120
-1
121
121
121
122
122
122
122
-1
123
123
123
124
124
124
124
124
124
125
125
125
125
125
125
126
126
126
126
126
126
126
-1
127
127
127
-1
128
128
128
-1
129
129
129
130
130
130
130
-1
-1
131
131
-1
132
132
132
-1
-1
133
133
-1
-1
134
134
-1
-1
135
135
136
136
136
136
136
136
-1
137
137
137
-1
138
138
138
-1
139
139
-1
-1
140
140
-1
141
141
141
-1
142
142
142
142
142
143
143
143
143
143
143
143
-1
-1
144
144
-1
145
145
145
146
146
146
146
146
-1
-1
147
147
-1
-1
148
148
-1
-1
149
149
150
150
150
150
150
150
150
151
151
151
151
151
151
151
152
152
152
152
152
152
152
153
153
153
153
153
153
153
154
154
154
154
154
155
155
155
155
155
155
-1
156
156
156
-1
-1
157
157
158
159
159
159
-1
160
160
160
-1
161
161
162
162
162
162
162
162
-1
-1
163
163
-1
-1
164
164
-1
-1
165
165
-1
-1
166
166
-1
-1
167
167
-1
168
168
168
-1
169
169
169
-1
170
170
170
-1
171
171
-1
-1
172
172
-1
-1
173
173
-1
174
174
-1
175
175
176
176
176
176
176
176
176
177
177
177
178
178
-1
-1
-1
-1
179
179
179
179
179
179
179
180
180
180
180
181
181
181
182
182
182
182
183
183
183
183
-1
184
184
184
185
185
185
185
185
186
186
186
186
187
187
187
187
187
187
187
188
188
188
188
188
188
188
189
189
189
189
189
-1
190
190
190
190
191
191
191
191
191
192
192
192
192
193
193
193
193
194
194
194
194
194
195
195
195
195
195
195
195
196
196
196
196
196
196
196
196
197
197
197
197
197
197
197
197
-1
198
198
198
-1
199
199
199
200
200
200
200
200
200
200
201
201
201
201
201
-1
-1
202
202
202
202
202
202
203
203
203
203
203
203
203
204
204
204
204
204
204
204
-1
205
205
205
-1
206
206
206
-1
207
207
207
208
208
208
209
209
209
209
209
210
210
210
210
210
210
210
211
211
211
211
211
-1
212
212
212
-1
213
213
213
214
214
214
214
214
214
214
214
215
215
215
215
216
216
216
217
217
218
218
218
218
218
218
218
219
219
219
219
219
219
219
220
220
220
220
221
221
-1
-1
222
222
223
223
223
223
223
223
223
224
224
224
224
224
224
-1
225
225
226
226
226
226
226
-1
-1
227
227
-1
228
228
228
229
229
229
229
229
229
230
230
230
230
230
230
230
231
231
231
231
231
231
231
232
232
232
232
232
232
232
-1
233
233
233
-1
234
234
234
-1
235
235
235
-1
236
236
236
-1
-1
-1
-1
-1
237
237
237
238
238
238
238
238
238
238
238
-1
49
49
49
-1
239
239
240
240
240
240
240
240
240
241
241
241
242
242
242
243
243
243
243
244
244
244
-1
245
245
245
246
246
246
246
247
247
247
247
-1
248
248
248
249
249
249
249
249
249
249
250
250
250
250
250
250
-1
-1
-1
-1
-1
-1
-1
251
251
251
251
251
251
252
252
252
252
252
253
253
253
253
253
253
253
253
254
254
254
254
255
255
255
256
256
256
256
257
257
257
257
-1
258
258
258
259
259
259
259
260
260
260
260
261
261
261
261
262
262
262
262
263
263
263
-1
-1
-1
264
264
264
264
264
264
264
-1
265
265
265
265
265
266
266
266
267
267
267
267
268
268
268
268
269
269
269
269
270
270
270
270
271
271
271
271
272
272
272
272
-1
273
273
273
-1
274
274
274
275
275
275
275
276
276
276
276
276
-1
-1
277
277
277
277
277
277
277
-1
-1
-1
-1
-1
-1
278
278
278
278
279
279
279
279
280
280
280
280
280
281
281
281
281
282
282
282
282
282
282
282
283
283
283
283
284
284
284
284
285
285
285
285
286
286
286
286
286
286
286
287
287
287
288
288
288
288
288
288
288
289
289
289
289
289
290
290
290
290
291
291
291
291
291
291
291
292
292
292
292
292
293
293
293
293
293
294
294
294
294
295
295
295
295
296
296
296
296
297
297
297
297
297
297
298
298
298
298
299
299
299
299
300
300
300
300
301
301
301
301
302
302
302
302
303
303
303
303
304
304
304
304
304
304
304
304
305
305
305
305
305
305
306
306
306
306
306
307
307
307
307
308
308
308
308
309
309
309
309
310
310
310
310
310
311
311
311
311
311
311
311
312
312
312
312
312
312
312
313
313
313
313
313
313
313
314
314
314
314
314
315
315
315
316
316
316
316
316
316
317
317
317
318
318
318
319
319
319
320
320
320
320
-1
321
321
321
-1
322
322
322
323
323
323
323
323
324
324
324
324
324
324
324
325
325
325
325
325
325
325
326
326
326
326
326
327
327
327
327
327
-1
328
328
328
-1
329
-1
330
330
330
330
331
331
331
-1
332
332
332
332
332
333
333
333
334
334
334
334
334
334
-1
335
335
335
-1
336
336
336
337
337
329
329
338
338
338
338
338
338
338
338
339
339
339
339
339
339
340
340
340
340
340
340
340
341
341
341
341
341
341
341
342
342
342
342
342
342
343
343
343
343
344
344
344
344
345
345
345
345
345
345
345
346
346
346
346
347
347
348
348
348
348
348
348
348
348
349
349
349
350
350
350
350
351
351
351
351
351
351
351
352
352
352
352
353
353
353
353
354
354
354
354
355
355
355
355
356
356
356
356
357
357
357
357
357
358
358
358
358
359
359
359
359
359
360
360
360
163
361
361
361
361
362
362
362
362
363
363
363
364
364
364
364
365
365
365
365
366
366
366
367
367
367
367
368
368
368
368
368
368
368
369
369
369
369
369
370
370
370
370
370
371
371
371
371
371
371
371
372
372
372
372
372
372
372
373
373
373
374
374
375
375
375
375
375
375
376
376
376
376
377
377
377
377
377
377
377
378
378
378
378
-1
379
379
379
380
380
380
380
381
381
381
381
381
381
382
382
382
382
382
382
382
383
383
383
383
383
384
384
384
385
385
386
386
386
386
386
386
387
387
387
387
388
388
388
388
389
389
389
389
-1
390
390
390
391
391
391
391
391
391
391
392
392
392
392
392
392
-1
393
84
84
394
394
394
394
394
394
394
395
395
395
395
-1
396
396
396
397
397
397
397
398
398
398
398
398
398
398
398
-1
399
399
399
400
400
400
400
400
400
401
401
401
401
401
401
401
-1
402
402
402
402
402
402
402
403
403
403
404
404
404
405
405
-1
406
406
406
407
407
407
407
-1
408
408
408
409
409
409
409
410
410
410
410
-1
411
411
411
412
412
413
413
413
413
414
414
414
414
415
415
415
415
416
416
416
416
416
416
417
417
417
417
417
418
418
418
418
-1
419
419
419
-1
420
420
420
421
421
421
421
421
421
421
422
422
422
422
422
423
423
423
423
424
424
424
424
424
-1
425
425
425
426
426
426
426
427
427
427
427
-1
428
428
428
-1
429
429
429
430
430
430
430
430
430
430
-1
431
431
431
-1
432
432
432
433
433
433
433
434
434
434
434
435
435
435
435
436
436
437
437
437
437
437
438
438
438
438
438
438
439
439
439
439
440
440
440
440
440
440
441
441
441
441
441
441
442
442
442
442
442
442
442
443
443
443
443
443
443
-1
444
444
-1
445
445
445
-1
-1
446
446
446
446
447
447
447
447
447
447
447
448
448
448
448
448
448
448
449
449
449
449
449
449
-1
450
450
450
451
451
451
451
452
452
452
452
453
453
453
453
454
454
455
455
455
455
-1
456
456
456
-1
457
457
457
458
458
458
458
458
459
459
459
459
460
460
460
460
461
461
461
461
461
461
461
462
462
462
462
462
462
462
463
463
463
463
463
463
463
464
464
464
464
464
464
464
465
465
465
465
465
-1
466
466
466
-1
467
467
467
467
467
467
467
468
468
468
468
468
468
468
-1
469
469
469
470
470
470
470
470
470
470
470
471
471
471
471
471
471
471
472
472
472
472
472
472
473
473
474
474
474
474
474
474
475
475
475
475
476
476
476
476
477
477
477
477
478
478
478
478
479
479
479
479
480
480
480
480
481
481
481
481
482
482
482
483
483
483
483
484
484
484
484
485
485
485
486
486
486
486
487
487
487
488
488
488
488
488
488
488
-1
489
489
489
-1
490
490
490
491
491
491
491
491
491
-1
492
493
493
-1
494
494
494
494
-1
495
495
495
495
-1
496
496
496
-1
497
497
497
497
498
498
498
498
498
498
498
-1
499
499
499
-1
-1
500
500
-1
-1
501
501
-1
-1
-1
-1
502
502
502
-1
-1
503
503
-1
-1
504
504
-1
505
505
505
-1
-1
506
506
-1
507
508
508
509
509
509
509
509
509
-1
510
510
511
511
511
511
511
511
511
511
512
512
512
512
512
513
513
513
513
513
513
-1
514
514
514
514
-1
-1
515
515
-1
-1
516
516
516
-1
517
517
518
518
518
518
518
-1
519
519
519
520
520
520
520
520
520
521
521
521
521
521
521
521
-1
522
522
523
523
523
-1
524
524
524
-1
525
525
525
526
526
526
526
526
526
526
527
527
527
527
527
-1
528
528
528
529
529
529
529
529
530
530
530
530
530
530
530
531
531
532
532
532
532
532
532
533
533
533
533
533
533
533
534
534
534
534
534
534
534
535
535
535
535
535
535
535
-1
536
536
536
-1
537
537
537
538
538
538
538
538
-1
539
539
539
540
540
540
540
540
540
541
541
541
541
541
541
541
542
542
542
542
542
542
542
-1
543
543
543
544
544
544
544
544
544
544
545
545
545
546
546
546
546
547
547
547
547
547
547
548
548
548
-1
549
549
549
-1
550
550
550
551
551
551
551
551
551
551
-1
-1
-1
552
552
552
552
553
553
553
553
553
553
-1
554
554
554
555
555
555
555
555
555
555
556
556
556
556
556
557
557
557
557
558
558
558
558
558
558
558
559
559
559
559
560
560
560
560
561
561
561
140
562
562
562
562
563
563
563
563
564
564
564
564
565
565
565
565
566
566
566
566
567
567
567
567
568
568
568
568
568
569
569
569
570
570
570
570
570
571
571
571
571
572
572
572
572
573
573
573
573
574
574
574
574
575
575
575
575
576
576
576
576
576
577
577
577
577
577
577
578
578
578
578
579
579
579
579
579
579
579
580
580
580
580
-1
581
581
581
-1
582
582
582
583
583
583
583
-1
584
584
584
585
585
585
585
586
586
586
586
586
586
586
587
587
587
587
588
588
588
588
588
589
589
589
589
590
590
590
590
591
591
591
591
-1
592
592
592
-1
-1
-1
593
593
593
593
594
594
594
594
595
595
595
595
-1
596
596
596
-1
597
597
597
-1
598
598
598
599
599
599
599
599
599
599
599
600
600
600
600
600
600
-1
601
601
601
602
602
602
602
602
602
602
602
-1
-1
-1
-1
603
603
603
603
604
604
604
604
605
605
605
605
605
605
605
-1
606
606
606
606
606
606
606
607
607
607
607
607
607
607
-1
608
608
608
609
609
609
609
609
610
610
610
610
610
610
610
610
611
611
611
611
611
611
612
612
612
612
612
612
612
-1
613
613
614
614
614
614
614
614
614
615
615
615
615
616
616
616
616
616
617
617
617
617
618
618
618
618
618
618
618
618
619
619
619
619
620
620
620
620
620
621
621
621
621
622
622
622
622
-1
623
623
623
624
624
624
624
624
-1
625
625
625
-1
626
626
626
-1
627
627
627
-1
628
628
628
-1
629
629
629
-1
630
630
630
631
631
631
631
-1
632
632
632
632
632
632
632
633
62
62
62
62
634
634
634
634
635
635
635
635
-1
636
636
636
637
637
637
637
637
637
637
-1
638
638
638
639
639
639
639
639
639
639
640
640
640
640
640
640
641
641
641
642
642
642
642
642
642
643
643
643
643
643
643
643
644
644
644
644
644
-1
645
645
645
-1
646
646
646
647
647
647
647
648
648
648
648
648
648
648
649
649
649
649
650
650
650
650
650
650
651
651
651
651
651
651
-1
652
652
652
653
653
653
653
654
654
654
654
654
654
655
655
655
655
656
656
656
657
657
657
657
-1
-1
-1
658
658
658
658
658
658
658
659
659
659
659
659
-1
-1
660
660
661
661
661
661
661
661
661
661
662
662
662
662
662
662
662
-1
663
663
663
-1
664
664
664
-1
-1
665
665
-1
-1
666
666
-1
-1
667
667
-1
-1
668
668
-1
669
669
670
670
670
670
670
670
670
671
671
671
671
671
671
671
672
673
673
673
674
674
674
674
674
674
674
674
-1
675
675
675
676
676
676
-1
-1
1238
-1
-1
677
677
677
677
677
677
677
677
678
678
678
678
679
679
679
679
680
680
680
680
680
681
681
681
681
682
682
682
682
683
683
683
684
684
684
684
685
685
685
685
685
685
685
686
686
686
686
687
687
687
687
688
688
688
688
689
689
690
690
690
690
691
691
691
692
692
692
693
693
693
693
694
694
694
694
694
694
695
695
695
695
695
695
695
696
696
696
696
697
697
697
697
697
697
697
698
698
698
698
698
698
698
699
699
699
699
699
700
700
700
701
701
701
701
701
701
702
702
702
702
703
703
703
703
703
703
703
704
704
704
704
704
704
704
704
705
705
705
705
706
706
706
-1
707
707
707
707
708
708
708
708
709
709
709
709
709
709
710
710
710
710
710
710
710
711
711
711
711
711
712
712
712
712
712
712
712
713
713
713
713
713
713
714
714
714
714
714
714
714
715
715
715
715
716
716
716
716
716
717
717
717
717
718
718
718
718
719
719
719
719
720
720
720
720
721
721
721
721
721
721
722
722
722
722
722
722
723
723
723
723
724
724
724
724
724
724
724
725
725
725
726
726
726
727
727
727
728
728
728
728
729
729
729
729
729
730
730
730
730
731
731
731
731
731
731
731
732
732
732
732
733
733
733
733
734
734
734
734
735
735
735
735
735
736
736
736
736
736
736
736
736
-1
-1
737
737
738
738
738
738
738
738
738
739
739
739
739
739
739
739
740
740
740
740
740
740
740
-1
-1
-1
741
741
741
-1
742
742
742
-1
743
743
743
744
744
744
744
744
744
744
-1
-1
745
745
-1
-1
746
133
747
747
747
747
747
747
-1
-1
748
748
-1
749
749
749
749
749
749
749
750
750
751
751
751
752
752
752
752
752
753
753
753
753
753
753
753
-1
754
754
754
755
755
755
755
755
755
755
756
756
756
756
756
756
756
-1
757
757
757
758
758
759
759
759
759
759
760
760
760
760
760
760
761
761
761
761
761
-1
762
762
762
763
763
763
763
764
764
764
764
765
765
765
765
-1
766
766
766
767
767
767
767
767
767
767
768
768
768
768
769
769
769
769
769
-1
770
770
770
771
771
771
771
772
772
772
772
772
772
772
773
773
773
773
774
774
774
774
-1
775
775
775
776
776
776
776
776
777
777
777
777
777
778
778
778
778
778
779
779
779
779
779
779
779
780
780
780
780
780
781
781
781
781
781
781
781
781
782
782
782
782
782
782
782
783
783
783
783
784
784
784
784
-1
785
785
785
-1
786
786
786
787
787
787
787
787
787
-1
788
788
788
-1
789
789
789
-1
790
790
790
-1
791
791
791
-1
792
792
792
-1
793
793
793
-1
794
794
794
795
795
795
795
796
796
796
796
796
796
797
797
797
797
797
797
798
798
798
798
799
799
799
799
799
799
799
800
800
800
800
801
801
801
801
802
802
802
802
802
802
802
803
803
803
803
804
804
804
804
805
805
805
805
805
805
805
806
806
806
806
806
806
806
807
807
807
807
807
807
807
808
808
808
808
808
-1
809
809
809
810
810
810
810
810
810
810
810
811
811
811
811
811
811
811
812
812
812
812
812
812
813
813
813
813
814
814
814
814
814
-1
815
815
815
-1
816
816
816
-1
817
817
248
-1
818
818
818
-1
819
819
819
820
820
820
820
820
-1
821
821
821
822
822
822
822
822
822
-1
823
823
823
-1
824
824
824
-1
825
825
825
826
826
826
826
826
826
826
-1
827
827
-1
828
828
828
829
829
829
829
830
830
830
830
830
830
830
-1
831
831
831
-1
832
832
832
-1
833
833
833
834
834
834
834
834
-1
835
835
835
-1
836
836
836
837
837
837
838
838
838
-1
839
839
839
-1
840
840
840
-1
841
841
841
842
842
842
842
842
842
842
842
843
843
843
843
843
843
843
-1
844
844
844
845
845
845
845
845
845
845
-1
846
846
846
-1
847
847
847
-1
848
848
848
849
849
849
849
849
849
850
850
850
850
850
850
850
851
851
851
851
851
851
851
852
852
852
852
852
852
853
853
853
853
853
853
853
-1
854
854
854
-1
855
10
10
-1
856
856
856
857
857
857
857
857
858
858
858
858
858
859
859
859
859
859
859
859
860
860
860
860
860
860
860
861
861
861
861
861
861
861
862
862
862
862
862
862
862
863
863
863
863
863
864
865
865
865
-1
866
866
866
867
867
867
867
868
868
868
868
868
868
869
869
869
869
870
870
870
871
871
871
871
872
872
872
872
872
-1
873
873
-1
874
874
874
874
-1
-1
875
875
-1
876
876
876
-1
877
877
877
878
878
878
878
878
878
878
879
879
879
879
879
879
879
880
880
880
880
880
880
880
881
881
881
881
-1
882
882
882
-1
883
883
883
-1
884
884
884
-1
885
885
885
-1
886
492
479
887
887
887
887
888
888
888
888
888
888
888
889
889
889
889
889
889
889
-1
890
890
890
-1
891
891
891
-1
892
892
892
-1
893
893
893
-1
894
894
894
895
895
895
895
895
895
896
896
896
896
896
896
896
-1
897
897
897
898
898
898
898
898
898
898
-1
899
899
899
-1
900
900
900
901
901
901
901
901
901
901
902
902
902
902
903
903
903
903
-1
904
904
904
904
904
904
904
905
905
905
905
905
905
906
906
906
907
907
907
907
907
908
908
908
908
908
908
908
908
-1
909
909
909
910
910
-1
911
911
-1
-1
912
912
913
913
913
913
-1
914
914
914
-1
915
915
915
916
916
916
916
916
916
916
-1
-1
-1
917
917
917
-1
-1
918
918
-1
919
919
919
-1
920
920
920
-1
921
921
921
-1
922
922
922
923
923
923
923
923
923
924
924
924
924
925
925
925
925
926
926
926
926
927
927
927
927
927
928
928
928
928
929
929
929
930
930
930
931
931
931
931
931
931
931
932
932
932
932
933
933
933
933
933
933
933
934
934
934
934
934
934
934
935
935
935
935
936
936
936
936
936
936
936
937
937
937
937
938
938
938
938
939
939
939
939
940
940
940
940
940
940
941
941
941
941
941
941
941
942
942
942
942
943
943
943
943
944
944
944
944
945
945
945
945
946
946
-1
947
947
947
948
949
949
949
-1
950
950
950
-1
951
628
628
952
952
952
953
953
953
953
954
954
954
954
-1
-1
955
955
955
956
956
956
956
957
957
957
957
957
957
958
958
959
959
959
959
959
959
960
960
960
960
960
960
960
961
961
961
961
962
962
962
962
-1
963
963
963
964
964
964
965
965
965
965
965
965
965
966
966
966
966
967
967
967
967
967
-1
-1
968
968
968
968
968
969
969
969
970
970
970
970
971
971
971
971
-1
972
972
972
-1
973
973
973
974
974
975
975
975
975
975
976
976
977
977
977
978
978
978
978
978
978
979
979
979
979
979
980
980
980
980
-1
981
981
981
982
982
982
982
983
983
983
983
983
983
984
984
984
984
984
984
-1
985
985
985
986
986
987
987
987
987
987
987
988
988
988
988
988
989
989
989
989
-1
990
990
991
991
991
992
992
992
992
993
993
993
993
993
993
993
994
994
994
994
994
994
995
995
995
995
996
996
996
997
997
997
997
998
998
998
998
998
998
998
999
999
999
999
999
999
999
999
1000
1000
1000
1000
1000
1001
1001
1001
1001
1001
1001
1002
1002
1002
1002
-1
1003
1003
1003
1003
1004
1004
1004
1004
1005
1005
1005
1005
1006
1006
1006
1006
1007
1007
1007
1007
1007
1007
1007
1007
1008
1008
1008
1008
1009
1009
1009
1009
1009
1009
1010
1010
1010
1010
1011
1011
1011
1011
1012
1012
1012
1012
1013
672
1014
1014
1014
1014
1015
1015
1015
1015
1016
1016
1016
1016
1017
1017
1017
1017
1018
1018
1018
1018
1018
1018
1018
1019
1019
1019
1019
1019
1019
1020
1020
1020
1020
1020
1020
1020
1021
1021
1021
1021
1021
1021
1021
-1
1022
1022
1022
-1
1023
1023
1023
-1
1024
1024
1024
-1
1025
1025
1025
-1
1026
1026
1026
-1
1027
1027
1027
-1
1028
1028
1028
-1
1029
1029
1029
-1
1030
1030
1030
-1
1031
1031
-1
1032
1032
1032
1033
1033
1033
1033
1033
1033
1033
1034
1034
1034
1034
1034
1034
1034
-1
1035
1035
1035
-1
475
475
475
1036
1036
1036
1036
1036
1036
-1
1037
1037
1037
-1
1038
1038
1039
1039
1039
1039
1040
1040
1040
1040
-1
-1
1041
1041
1042
1042
1042
1042
1042
1042
1042
1043
1043
1043
1043
1044
158
158
158
1045
1045
1045
1045
1046
1046
1046
1046
1046
1046
1046
1047
1047
1047
1047
1047
1047
1047
1048
1048
1048
1048
1048
1049
1049
1049
1049
1050
1050
1050
1050
1051
1051
1051
1051
1052
1052
1052
1052
1052
1052
1052
1053
1053
1053
1054
1054
1054
1055
1055
1055
1055
1055
1055
1055
1056
1056
1056
1056
1056
1056
1056
-1
1057
279
279
-1
1058
1058
1058
-1
1059
1059
1059
1060
1060
1060
1060
1061
1061
1061
1061
1062
1062
1062
1062
1062
1062
1062
1062
1063
1063
1063
1063
1063
1063
1063
1064
1064
1064
1064
1064
1064
1065
1065
1065
1065
1065
1065
1065
1066
1066
1066
1066
1066
1066
1067
1067
1067
1067
1068
1068
1068
1068
1068
1068
1068
-1
1069
1069
1069
-1
-1
-1
1070
1070
1070
-1
1071
1071
1071
-1
1072
1072
1072
-1
1073
1073
1073
1073
1073
1073
1073
1073
1074
1074
1074
1074
1074
1075
1075
1075
1075
-1
1076
1076
1076
1077
1077
1077
1078
1078
1078
1078
-1
1079
1079
1079
-1
1080
1080
1080
-1
1081
1081
1081
1081
1081
1081
1081
1082
1082
1082
1082
1083
1083
1083
1083
1084
1084
1084
1085
1085
1085
1085
1086
1086
1086
1086
1086
1086
1086
1087
1087
1087
1087
1087
1087
1087
1088
1088
1088
1088
1089
51
1090
1090
1091
1091
1091
1091
1092
1092
1092
1092
1093
1093
1093
1093
1094
1094
1094
1094
1094
1094
1094
1095
1095
1095
1095
1096
1096
1096
1096
1097
1097
1097
1097
1098
1098
1098
1099
1099
1099
1099
1100
1100
1100
1100
1101
1101
1101
1101
1101
1101
1101
1102
1102
1102
1102
1102
1102
1102
1103
1103
1103
1103
1104
1104
1104
1104
1104
1104
1105
1105
1105
1105
1105
1105
1106
1106
1106
1106
-1
1107
1107
1108
1108
1108
444
1109
1109
1109
1109
1110
1110
1110
1110
1111
1111
1111
1111
1111
1111
1111
1111
-1
1112
1112
1112
1113
1113
1113
1113
1114
1114
1114
1114
1115
1115
1115
1115
1116
1116
1116
1116
1117
1117
1117
1117
1117
1117
1117
1118
1118
1118
1118
-1
1119
1119
1119
1120
1120
1120
1120
1120
1120
1121
1121
1121
1121
1121
1122
1122
1122
1122
1122
1122
1123
1123
1123
1124
1124
1124
1124
-1
1125
1125
1125
1126
1126
1126
1126
1127
1127
1127
1127
1128
1128
1128
1128
1128
1129
1129
1129
1129
1130
1130
1130
1130
1131
1131
1131
1131
1132
1132
1132
1132
1132
1132
1132
-1
1133
1133
1133
-1
1134
1134
1134
-1
1135
1135
1135
1136
1136
1137
1137
1137
1138
1138
1138
1138
1138
1138
1138
1139
1139
1139
1139
1140
1140
1140
1140
1140
1140
1140
1141
1141
1141
1141
1142
1142
1142
1142
1142
-1
1143
1143
1143
-1
1144
1144
1144
1145
1145
1145
1145
-1
1146
1146
1146
-1
1147
1147
1147
1148
1148
1148
1148
1148
1149
1149
1149
1149
1149
1149
1149
1150
1150
1150
1150
1151
1152
1152
1152
1153
1153
1153
1153
1154
1154
1154
1154
1154
1154
1154
-1
1155
1155
1155
1156
1156
1156
1156
1157
1157
1157
1157
1158
1158
-1
1159
1159
-1
1160
1160
1160
1161
1161
1161
1161
1161
1161
1162
1162
1162
1162
1162
-1
1163
1163
1163
1164
-1
1165
1165
-1
-1
1166
1166
-1
1167
1167
1167
-1
1168
1168
1168
-1
1169
1169
1169
-1
1170
1170
1170
1171
1171
1171
1171
1172
1172
507
507
1173
1173
1173
1084
1174
1174
1174
1174
1175
1175
1175
-1
1176
1176
1176
-1
1177
1177
1177
1178
1178
1178
1178
1179
1179
1179
1179
1179
1179
-1
-1
-1
1180
1180
1180
1180
1180
1180
1180
1180
1181
1181
1181
1181
1181
1181
1181
-1
1182
1182
1182
-1
1183
1183
1183
-1
1184
1184
1184
1185
1185
1185
1185
1185
1185
1186
1186
1186
1186
1186
1186
1186
1187
1187
1187
1187
1187
1187
1188
1188
1188
1188
-1
1189
1189
1189
1189
1189
1190
1190
1190
1190
1191
1191
1191
1191
1191
1191
1192
1192
1192
1192
1193
1193
1193
1193
1193
1193
1193
-1
1194
1194
-1
-1
-1
1195
1195
1196
1196
1196
1196
1196
1196
1197
1197
1197
1197
1197
1197
1197
-1
1198
1198
1198
-1
1199
1199
1199
-1
1200
1200
1200
1201
1201
1202
1202
1202
1202
1203
1203
1203
1203
1203
1203
1204
1204
1204
1204
1204
1204
1205
1205
1205
1205
1205
1205
1205
1206
1206
1206
1206
1206
1206
1206
1207
1207
1207
1207
1208
1208
1208
1208
1209
1209
1209
1209
1209
1209
1210
1210
1210
1210
1210
-1
1211
1211
1211
1211
1211
1212
1212
1212
1212
1213
1213
1213
1213
1214
1214
-1
1215
1215
1216
1216
1216
1216
1217
1217
1217
1217
1217
1217
1218
1218
1218
1218
1218
1218
1219
1219
1219
1220
1220
1220
1220
1220
1220
1220
-1
-1
1221
1221
1221
-1
1222
1222
1222
-1
1223
1223
1223
1224
1225
1225
1225
-1
1226
1226
1226
1227
1227
1227
1227
1227
1227
1227
1228
1228
1228
1228
-1
1229
1229
1229
1229
1229
1229
1229
1229
1230
1230
1230
1230
-1
1231
1231
1231
1232
1232
1232
1232
1233
1233
1233
1233
1234
1234
1234
1234
1235
1235
1235
1235
1236
1236
1236
1236
-1
1237
1237
1237
-1
1238
1238
1238
-1
1239
1239
1240
1240
1240
1241
1241
1241
1241
1241
1241
1242
1242
1242
1242
1242
1242
1242
1243
1243
1243
1243
1243
1244
1244
1244
1244
1244
-1
1245
1245
1245
1246
1246
1246
1246
1247
1247
1247
1247
1247
1248
1248
1248
1248
1248
1249
1249
1249
1249
1249
1249
1249
1250
1250
1250
1250
1250
1251
1251
1251
1251
1251
1251
1251
-1
-1
1252
1252
-1
1253
1253
1253
1254
1254
1254
1254
1254
1254
-1
-1
1255
1255
1256
1256
1256
1256
1256
1256
1256
1257
1257
1257
1257
1257
1257
1258
1258
1258
1258
1258
1258
1258
-1
1259
1259
1259
-1
-1
1260
1260
1261
1261
1261
1261
1261
1261
-1
-1
1262
1262
-1
-1
1263
1263
