-1
0
0
1
1
1
1
2
2
2
2
3
3
3
3
-1
4
4
4
-1
5
5
5
6
6
6
6
6
-1
7
7
7
8
8
8
8
9
9
9
9
9
9
9
10
10
10
10
10
10
10
-1
11
11
11
11
11
12
12
12
12
-1
13
13
13
-1
14
14
14
-1
15
15
15
16
16
16
16
16
17
17
17
17
18
18
19
19
19
19
20
20
20
21
21
21
22
22
22
22
22
23
23
23
23
23
24
24
24
24
25
25
25
26
26
26
26
27
27
27
27
28
28
28
28
28
29
29
29
29
30
30
30
30
30
30
30
31
31
31
31
31
31
31
32
32
32
32
-1
33
33
33
33
33
-1
34
34
34
34
34
34
35
35
35
36
36
36
36
36
36
36
-1
37
37
37
-1
38
38
38
-1
39
39
39
40
40
40
40
40
40
40
-1
41
41
41
42
42
42
42
43
43
43
43
43
43
43
44
44
44
44
-1
45
45
45
46
46
46
46
46
-1
47
47
48
48
48
49
49
49
50
50
50
50
50
50
50
51
51
51
51
51
51
52
52
52
52
52
-1
-1
53
53
53
53
53
54
54
-1
55
55
55
56
56
56
56
57
57
57
58
58
58
58
59
59
59
59
60
60
60
60
61
61
61
61
62
62
62
62
-1
63
63
63
63
64
64
64
64
-1
65
65
65
-1
66
66
66
-1
67
67
67
68
68
68
68
68
68
68
69
69
69
69
69
69
69
69
70
70
70
70
70
70
-1
71
71
71
72
72
72
72
72
72
72
73
73
73
73
74
74
74
74
74
74
74
75
75
75
75
76
76
76
76
77
77
77
77
77
77
77
78
78
78
78
-1
-1
-1
-1
79
79
79
79
79
79
79
-1
80
80
80
-1
81
81
81
-1
82
82
82
83
83
83
83
83
-1
-1
84
84
84
-1
85
85
86
86
86
86
87
87
87
-1
88
88
89
89
89
89
89
89
90
90
90
90
90
90
90
91
91
91
91
91
91
91
92
92
92
92
92
92
92
93
93
93
93
93
93
93
94
94
94
94
95
95
95
95
95
95
96
96
96
96
97
97
97
97
97
-1
98
98
98
99
99
99
99
99
99
99
100
100
100
100
100
101
101
101
101
101
101
101
102
102
102
102
102
102
-1
103
103
103
-1
104
104
104
-1
105
105
105
106
106
107
107
107
108
108
108
108
108
108
108
108
-1
109
109
109
110
110
110
110
-1
111
111
111
112
112
112
112
113
113
113
113
114
114
115
115
116
116
116
116
116
116
116
117
117
117
118
118
118
118
119
119
119
119
120
120
120
120
121
121
121
121
122
122
122
123
123
123
123
124
124
124
124
-1
125
125
125
126
126
126
126
-1
127
127
127
-1
128
128
128
-1
129
129
129
-1
130
130
130
131
131
131
131
132
132
132
132
133
133
133
133
133
133
133
134
134
134
134
135
135
135
135
135
136
136
136
136
136
136
136
-1
137
137
137
138
138
138
138
139
139
139
139
140
140
140
140
140
140
140
141
141
141
141
-1
142
142
142
143
143
143
143
-1
144
144
144
145
145
145
145
146
146
146
146
146
146
146
147
147
147
147
148
148
148
148
148
148
148
149
149
149
149
-1
150
150
150
150
151
151
151
151
151
151
151
152
152
152
-1
153
153
153
154
154
154
155
155
155
156
156
156
156
156
156
-1
157
157
157
158
158
158
158
158
158
158
159
159
159
159
159
159
159
-1
160
160
160
161
161
161
161
161
161
161
162
162
162
162
162
162
162
163
163
163
164
164
164
164
165
165
165
165
165
166
166
166
166
-1
167
167
167
168
168
168
168
168
168
168
-1
-1
169
169
-1
170
170
170
-1
-1
171
171
-1
-1
172
172
173
173
173
173
173
173
173
174
174
174
174
175
175
175
175
176
176
176
-1
177
177
177
178
178
178
178
179
179
179
179
179
179
179
180
180
180
180
180
-1
181
181
181
181
-1
-1
-1
-1
-1
-1
182
182
182
182
-1
183
183
183
183
183
183
183
184
184
184
-1
185
185
185
186
186
186
186
186
186
187
187
187
187
187
187
187
-1
-1
188
188
189
189
189
189
189
-1
190
190
190
-1
191
191
-1
192
192
192
-1
193
193
193
-1
194
194
194
-1
195
195
195
196
196
196
196
197
197
197
197
198
198
198
198
199
199
199
199
200
200
200
200
200
200
201
201
201
201
