0
0
0
0
0
0
0
1
1
1
1
1
1
2
2
2
2
2
2
2
3
3
3
-1
4
4
4
-1
5
5
5
-1
6
6
6
-1
7
7
7
8
8
8
8
8
8
9
9
9
9
9
9
9
9
10
10
10
10
10
10
10
-1
-1
11
11
11
-1
-1
12
12
12
12
-1
13
13
13
14
14
14
14
14
15
15
15
15
16
16
16
16
17
17
17
-1
18
18
18
-1
19
19
19
-1
20
20
20
21
21
21
21
21
21
21
21
22
22
22
22
22
22
22
23
23
23
23
23
23
23
24
24
24
24
24
24
25
25
25
25
26
26
26
26
26
26
26
27
27
28
28
28
29
29
29
29
29
30
30
30
30
30
-1
31
31
31
31
32
32
32
33
33
33
33
33
33
33
-1
34
34
34
-1
35
35
35
-1
36
36
36
-1
37
37
37
-1
38
38
38
-1
39
39
39
40
40
40
40
40
40
40
40
-1
41
41
41
-1
42
42
42
-1
43
43
43
44
45
45
45
-1
46
46
46
-1
47
47
47
48
48
48
48
-1
-1
49
49
49
-1
50
51
51
-1
52
52
52
-1
53
53
53
-1
54
54
54
-1
55
55
55
56
56
56
56
56
56
56
57
57
57
57
58
58
58
58
58
-1
59
59
59
60
60
60
60
60
60
-1
61
61
61
62
62
62
62
62
62
62
-1
63
63
63
-1
64
64
64
64
64
64
64
-1
65
65
65
-1
66
65
65
-1
67
67
67
-1
68
68
68
69
69
69
69
69
70
70
70
70
71
71
71
71
-1
164
-1
-1
-1
72
72
72
-1
1475
1475
-1
73
73
73
-1
-1
-1
74
74
74
-1
75
75
75
-1
76
76
76
-1
77
77
77
78
78
78
78
79
79
79
79
79
79
79
80
80
80
80
81
81
81
81
81
81
81
81
82
82
82
82
82
83
83
83
83
83
84
84
84
84
85
85
85
85
85
86
86
86
86
86
86
86
87
87
87
87
88
88
88
88
89
89
89
89
90
90
90
90
91
91
73
73
92
92
92
93
93
93
93
94
94
94
94
94
95
95
95
95
95
95
95
95
96
96
96
97
97
97
98
98
98
98
98
98
98
99
99
99
99
100
100
100
100
101
101
101
101
102
102
102
102
102
103
103
103
103
104
104
104
104
105
105
105
105
106
106
106
106
106
-1
107
107
107
107
107
107
107
107
108
108
108
108
108
108
108
109
109
109
109
109
109
109
110
110
110
110
110
110
110
111
111
111
111
112
112
112
112
112
112
112
113
113
113
113
114
114
114
114
115
115
115
115
116
116
116
116
117
117
117
117
118
118
118
118
119
119
119
119
-1
120
120
120
120
-1
121
121
121
122
122
123
123
123
123
123
124
124
124
124
124
124
125
125
125
125
-1
126
126
126
-1
-1
127
127
-1
-1
128
128
129
129
129
129
129
130
130
130
131
131
131
-1
132
132
132
133
133
133
133
133
133
133
-1
134
134
134
134
134
134
134
-1
135
135
135
-1
136
136
136
137
137
137
137
137
137
137
138
138
138
138
138
138
138
-1
139
139
139
-1
140
140
140
-1
141
141
141
142
142
142
142
142
142
142
-1
143
143
143
-1
-1
144
144
145
146
146
146
147
147
147
147
147
147
147
148
148
149
149
149
149
150
150
150
150
150
150
150
151
151
151
151
151
151
151
152
152
153
153
153
153
153
153
154
154
154
154
155
155
155
155
156
156
156
156
157
157
157
157
157
157
157
157
158
158
158
158
158
159
159
159
160
160
160
160
161
161
161
161
161
162
162
162
162
163
163
163
163
164
164
165
165
165
165
166
166
166
166
166
166
166
167
167
167
167
167
167
167
168
168
168
168
169
169
169
169
170
170
170
170
170
171
171
171
171
171
171
171
172
172
172
172
173
173
173
173
174
174
174
-1
-1
-1
175
175
176
176
176
177
177
177
177
177
-1
178
178
178
178
-1
179
179
179
180
180
180
180
-1
181
181
181
182
182
182
182
182
182
183
183
183
183
183
183
184
184
184
184
184
184
184
-1
185
185
185
-1
186
186
186
-1
187
187
187
188
188
188
188
-1
-1
50
50
-1
189
189
189
-1
190
190
190
-1
-1
191
191
192
-1
193
193
-1
-1
194
194
195
195
195
195
195
195
-1
196
196
196
-1
197
197
197
-1
198
198
-1
-1
199
199
-1
200
200
200
-1
201
201
201
201
201
202
202
202
202
202
202
202
-1
-1
203
203
-1
204
204
204
205
205
205
205
205
-1
-1
206
206
-1
-1
207
207
208
-1
209
209
-1
-1
210
210
-1
208
211
211
212
212
212
212
212
212
212
213
213
213
213
213
214
214
214
214
214
214
214
215
215
215
215
215
215
215
216
216
216
216
216
216
216
217
217
217
217
217
218
218
218
218
218
218
-1
219
219
219
220
220
220
220
220
221
221
221
221
221
221
221
221
-1
222
222
222
-1
-1
223
223
224
224
224
224
224
224
224
-1
225
50
-1
226
227
227
227
-1
228
228
228
-1
229
229
230
230
230
230
230
230
-1
231
232
232
-1
-1
233
233
-1
-1
234
234
-1
-1
235
235
-1
-1
236
236
-1
237
237
237
-1
238
238
238
-1
239
239
239
-1
240
240
241
241
241
241
242
242
-1
243
243
243
244
244
244
244
244
244
244
-1
245
245
245
246
247
247
247
-1
-1
248
248
-1
-1
249
249
-1
250
250
-1
-1
251
251
-1
-1
252
252
-1
253
253
254
254
254
254
254
254
254
255
255
255
255
255
255
255
256
256
256
6
6
-1
-1
-1
-1
257
257
257
257
257
257
257
258
258
258
258
259
259
259
260
260
260
260
261
261
261
261
-1
262
262
262
263
263
263
263
263
264
264
264
264
265
265
265
265
265
266
266
266
266
266
267
267
267
267
268
268
268
268
269
269
269
269
269
269
269
270
270
270
270
271
271
271
271
271
271
271
272
272
272
272
272
-1
273
103
103
103
274
274
274
274
274
275
275
275
275
276
276
276
276
277
277
277
277
277
278
278
278
278
278
278
278
279
279
279
279
279
279
279
279
280
280
280
280
280
280
280
280
-1
281
281
281
-1
282
282
282
283
283
283
283
283
283
283
284
284
284
284
284
-1
-1
285
285
286
286
286
286
286
286
287
287
287
287
288
288
288
288
289
289
289
289
289
289
289
290
290
290
290
290
290
290
291
291
291
291
291
291
292
293
293
293
-1
294
294
294
295
295
295
295
295
295
295
-1
296
296
296
-1
297
297
297
298
298
298
-1
299
299
299
-1
-1
300
300
301
301
301
301
301
302
302
302
302
302
302
302
303
303
303
303
303
-1
-1
304
304
-1
305
305
305
-1
306
306
306
-1
307
307
307
308
308
308
308
308
308
308
308
309
309
309
309
310
310
310
311
311
312
312
312
312
312
312
312
313
313
313
313
313
313
313
314
314
314
314
315
315
316
316
316
316
316
316
317
317
317
317
317
317
317
-1
-1
318
318
-1
-1
319
319
320
320
320
320
321
321
321
321
321
321
321
322
322
322
322
322
322
-1
323
323
324
324
324
324
324
-1
-1
325
325
-1
326
326
326
-1
327
327
327
328
328
328
328
328
322
329
329
329
329
329
329
329
330
330
330
330
330
330
330
331
331
331
331
331
331
331
332
332
332
332
332
332
332
333
333
-1
-1
-1
-1
334
334
334
-1
335
335
335
-1
336
336
336
-1
337
337
337
-1
-1
-1
-1
-1
338
338
338
339
339
339
339
340
340
340
340
340
340
340
340
-1
341
341
341
-1
342
342
343
343
343
343
343
343
343
344
344
344
344
344
344
345
345
345
346
346
346
347
347
347
347
347
348
348
348
348
349
349
349
349
350
350
350
-1
351
351
351
352
352
352
352
353
353
353
353
353
353
353
353
354
354
354
354
355
355
355
356
356
356
357
357
357
357
-1
358
358
358
359
359
359
359
360
360
360
360
360
360
360
361
361
361
361
361
361
-1
-1
-1
-1
-1
-1
-1
362
362
362
362
362
362
363
363
363
363
363
364
364
364
364
364
364
364
364
365
365
365
365
365
366
366
366
366
367
367
367
368
130
130
369
369
369
-1
370
370
370
-1
371
371
371
372
372
372
372
373
373
373
373
374
374
374
374
-1
375
375
375
376
376
376
376
377
377
377
377
378
378
378
378
378
379
379
379
379
379
379
379
379
380
380
380
380
381
381
381
381
382
382
382
382
383
383
383
383
384
384
384
-1
-1
-1
385
385
385
385
385
385
385
386
386
386
386
386
386
386
-1
387
387
387
387
387
388
388
388
389
389
389
389
390
390
390
390
391
391
391
391
392
392
392
392
393
393
393
393
394
394
394
394
394
394
394
-1
395
395
395
396
396
396
396
-1
397
397
397
-1
398
398
398
399
399
399
399
400
400
400
400
400
-1
401
-1
402
402
402
402
402
402
402
403
403
403
382
404
404
404
404
404
405
405
405
405
-1
-1
-1
-1
-1
-1
406
406
406
406
407
407
407
407
408
408
408
408
409
409
409
409
410
410
410
410
410
411
411
411
411
412
412
412
412
412
412
412
413
413
413
413
414
414
414
414
415
415
415
415
416
416
416
416
417
417
417
417
417
417
417
418
418
418
419
419
419
419
419
419
419
420
420
420
420
420
421
421
421
421
421
421
421
422
422
422
422
423
423
423
423
423
423
423
424
424
424
424
424
425
425
425
425
425
426
426
426
426
426
427
427
427
427
428
428
428
428
429
429
429
429
429
429
429
430
430
430
430
430
430
431
431
431
431
432
432
432
432
432
432
433
433
433
433
434
434
434
434
435
435
435
435
436
436
436
436
436
436
436
437
437
437
437
438
438
438
438
439
439
439
439
440
440
440
440
440
440
440
440
441
441
441
441
-1
442
442
442
443
443
443
443
443
444
444
444
444
444
444
444
445
445
445
445
445
445
445
445
446
446
446
446
446
446
446
447
447
447
447
447
447
448
448
448
448
448
449
449
449
449
449
449
450
450
450
450
451
451
451
451
452
452
452
452
453
453
453
453
-1
454
454
454
455
455
455
455
455
456
456
456
456
456
456
456
457
457
457
457
457
457
457
458
458
458
458
458
458
458
459
459
459
459
459
459
459
460
460
460
460
460
-1
461
461
461
462
462
462
463
463
463
463
463
463
463
-1
464
464
464
465
465
465
465
465
465
466
466
466
466
467
467
467
468
468
468
469
469
469
469
470
470
470
470
470
471
471
471
472
472
472
472
473
474
474
474
-1
475
475
475
476
476
476
476
477
477
477
477
477
478
478
478
478
478
478
478
479
479
479
479
479
479
479
-1
480
480
480
480
480
481
481
481
481
481
-1
482
482
482
-1
483
483
484
484
484
484
485
485
485
485
486
486
486
-1
487
487
487
487
487
487
488
488
488
488
488
-1
489
489
489
490
490
490
490
490
491
491
491
491
491
491
492
492
492
-1
493
493
493
494
494
494
494
494
494
-1
495
495
495
-1
496
496
496
-1
-1
497
497
498
498
498
498
498
499
499
483
483
500
500
500
500
501
501
501
501
501
501
502
502
502
502
502
502
502
502
503
503
503
503
503
503
504
504
504
504
504
504
504
505
505
505
505
505
505
505
506
506
506
506
507
507
507
508
508
508
508
508
508
508
509
509
509
509
510
510
510
510
510
510
511
156
156
156
512
512
512
512
513
513
513
513
513
514
514
514
514
514
514
514
515
515
515
515
516
516
516
516
516
516
516
516
517
517
517
517
517
517
518
518
518
518
518
518
519
519
519
519
520
520
-1
-1
521
521
521
521
521
521
521
521
522
522
522
522
523
523
523
524
524
524
524
525
525
525
525
526
526
526
526
527
527
527
527
527
527
527
528
528
528
528
529
529
529
529
530
530
530
530
531
531
531
531
532
532
532
532
533
533
533
533
534
534
534
534
535
535
535
536
536
536
536
536
537
537
537
537
537
537
538
538
538
538
539
539
539
539
540
540
540
540
541
541
541
541
542
542
542
542
542
542
542
543
543
543
543
543
543
543
544
544
544
544
544
545
545
545
128
546
546
546
546
547
547
547
547
548
548
548
548
549
549
549
550
550
550
550
551
551
551
551
552
552
552
552
553
553
553
553
554
554
554
555
555
555
555
556
556
556
556
556
556
556
-1
557
557
557
557
558
558
558
558
558
558
559
559
559
559
559
559
560
560
560
561
561
561
561
561
562
562
562
562
562
563
563
563
563
563
563
563
564
564
564
564
564
564
564
-1
565
565
565
566
566
566
567
567
568
568
568
568
568
568
569
569
569
569
570
570
570
570
570
570
570
571
571
571
571
572
572
572
572
573
573
573
574
574
574
574
-1
575
575
575
576
576
576
576
577
577
577
577
577
577
578
578
578
578
578
578
578
579
579
579
579
579
580
580
580
581
581
581
581
581
581
582
582
582
582
582
582
-1
583
583
583
-1
584
584
585
585
585
586
586
586
586
586
586
587
587
587
587
-1
588
588
588
589
589
589
589
590
590
590
590
-1
591
591
591
592
592
592
592
592
592
592
593
593
593
593
593
593
594
594
594
594
595
595
595
595
595
596
596
596
596
596
597
597
597
597
597
597
597
597
-1
598
117
117
599
599
599
599
599
599
599
600
600
600
600
600
600
600
601
601
601
601
-1
602
602
602
603
603
603
603
603
603
604
604
604
604
605
605
605
605
606
606
606
606
606
606
606
606
-1
607
607
607
608
608
608
608
608
608
608
609
609
609
609
609
609
610
610
610
610
610
610
610
611
611
611
611
611
611
611
612
612
-1
613
613
613
613
613
613
613
614
614
614
615
615
615
-1
-1
-1
616
616
616
617
617
617
617
-1
618
618
618
619
619
619
619
620
620
620
620
620
620
620
621
621
622
622
622
622
-1
623
623
623
624
624
625
625
625
625
625
625
626
626
626
626
627
627
627
627
628
628
628
628
629
629
629
629
629
629
630
630
630
630
630
630
631
631
631
632
632
632
632
632
632
633
633
633
633
633
634
634
634
634
-1
635
635
635
-1
636
636
636
-1
637
637
637
638
638
638
638
638
638
638
-1
639
639
639
639
639
639
639
640
640
640
640
640
641
641
641
641
642
642
642
642
642
-1
643
643
643
644
644
644
644
645
645
645
645
-1
646
646
646
-1
647
647
647
648
648
648
648
648
648
648
-1
649
649
649
650
651
651
651
-1
652
652
652
653
653
653
653
654
654
654
654
655
655
655
655
656
656
657
657
657
657
657
658
658
658
658
658
658
-1
659
659
659
659
659
660
660
660
661
661
661
661
662
662
662
662
663
663
663
663
663
663
664
664
664
664
664
664
665
665
665
665
665
665
665
666
666
666
666
666
666
-1
181
181
-1
667
667
667
-1
668
668
668
-1
-1
669
669
669
669
670
670
670
670
670
670
670
671
671
671
671
671
671
671
672
672
672
672
672
672
673
673
673
673
673
673
674
674
674
674
674
674
674
-1
675
675
675
-1
676
676
676
677
677
677
677
678
678
678
678
679
679
679
679
680
680
681
681
681
681
-1
682
682
682
-1
683
683
683
684
684
684
684
684
685
685
685
685
686
686
686
687
687
687
687
687
687
687
688
688
688
688
689
689
689
689
689
689
689
690
690
690
690
690
690
690
691
691
691
691
691
691
691
692
692
692
692
692
692
692
693
693
693
693
693
-1
694
694
694
695
696
696
696
696
696
696
696
697
697
697
697
697
697
697
-1
698
698
698
699
699
699
699
-1
700
700
700
-1
701
701
701
-1
702
702
702
703
703
703
703
703
703
703
703
704
704
704
704
704
704
704
-1
705
705
705
706
706
706
706
706
706
707
707
708
708
708
708
709
709
710
710
710
710
710
710
711
711
711
711
712
712
712
712
713
713
713
713
714
714
714
714
715
715
716
716
716
716
717
717
717
717
718
718
718
718
719
719
719
719
720
720
720
720
721
721
721
721
722
722
722
723
723
723
723
724
724
724
724
725
725
725
726
726
726
726
727
727
727
727
727
727
727
-1
728
728
728
728
728
729
729
729
729
730
730
730
731
731
731
731
731
731
732
732
732
732
732
732
732
733
733
733
733
733
733
733
734
734
734
734
735
735
735
-1
736
736
736
-1
737
737
737
-1
168
168
168
738
738
738
738
738
738
738
739
739
739
739
739
739
-1
719
740
740
-1
-1
741
741
-1
742
742
742
742
-1
596
596
596
596
-1
743
743
743
-1
-1
744
744
-1
745
745
745
745
746
746
746
746
746
746
746
747
747
748
748
748
-1
749
749
749
-1
750
750
750
-1
-1
751
751
-1
-1
752
752
-1
-1
-1
-1
753
753
753
-1
-1
754
754
-1
-1
755
755
756
756
756
756
756
756
756
-1
757
757
757
-1
758
758
758
-1
-1
759
759
-1
-1
760
760
761
761
761
761
761
761
762
762
762
762
762
762
762
-1
763
763
763
763
-1
764
764
765
765
765
765
765
765
765
765
-1
766
766
767
767
767
767
767
768
768
768
768
768
768
-1
769
770
-1
771
-1
772
772
773
773
773
773
773
773
773
-1
774
774
774
774
775
775
775
775
775
776
776
776
776
776
776
776
-1
-1
777
777
-1
-1
778
778
778
-1
779
779
-1
780
225
51
781
781
781
781
781
-1
782
782
783
784
784
784
-1
695
695
695
785
665
665
665
665
665
665
786
786
786
786
786
786
787
787
787
787
787
787
787
-1
788
788
789
790
790
790
790
790
790
790
791
791
792
792
792
-1
793
793
793
-1
794
794
794
795
795
795
795
795
795
795
796
161
161
161
161
797
797
797
168
-1
798
798
798
799
799
799
799
799
800
800
800
800
800
800
800
801
801
802
802
802
802
802
802
803
803
803
803
804
804
804
805
805
805
805
805
805
805
806
806
806
806
806
806
806
807
807
807
807
808
808
808
808
808
808
808
-1
809
809
809
-1
810
810
810
-1
811
811
811
-1
812
812
812
-1
813
813
813
-1
814
814
814
815
815
815
815
815
815
815
-1
816
816
816
817
817
817
817
817
-1
818
818
818
819
820
820
820
821
821
821
821
821
821
822
822
822
822
822
822
822
823
823
823
823
823
823
823
789
789
789
789
789
789
-1
824
824
824
825
825
825
825
825
825
825
826
826
826
827
827
827
827
828
828
828
828
828
828
829
829
829
-1
830
830
830
-1
831
831
831
-1
832
832
832
833
833
833
833
833
833
834
834
834
834
834
834
834
-1
-1
-1
-1
835
835
835
835
836
837
837
837
838
838
838
838
838
838
-1
839
839
839
840
747
747
747
747
747
747
841
841
841
841
841
842
842
842
842
842
842
842
843
843
843
843
843
843
843
844
844
844
844
844
845
845
845
846
846
846
846
846
846
846
847
847
847
847
848
848
848
848
849
849
849
849
849
849
849
850
850
850
850
851
851
851
851
852
852
852
852
853
853
853
199
854
854
854
854
855
855
855
855
856
856
856
856
857
857
857
857
858
858
858
858
859
859
859
859
860
860
860
860
860
861
861
861
862
862
862
862
863
863
863
863
863
863
863
864
864
864
864
864
865
865
865
865
866
866
866
866
867
867
225
225
868
868
868
868
-1
869
869
869
869
870
870
870
870
871
871
871
871
872
872
872
872
873
873
873
873
873
874
874
874
874
874
874
875
875
875
875
876
876
876
876
876
876
876
-1
-1
877
877
877
877
-1
878
878
878
-1
879
879
879
-1
880
880
880
881
881
881
881
882
882
882
882
882
-1
883
883
883
884
884
884
884
-1
885
885
885
885
885
885
885
886
886
886
-1
887
887
887
887
887
887
887
-1
-1
888
888
888
888
889
889
889
889
890
890
890
890
891
891
891
891
891
892
892
892
892
893
893
893
893
894
894
894
894
-1
895
895
895
-1
-1
-1
-1
896
896
896
897
897
897
897
898
898
898
898
899
899
899
899
-1
900
900
553
-1
901
901
901
-1
902
902
902
903
903
903
903
903
903
904
904
904
904
904
904
904
904
905
905
905
906
906
906
906
906
906
-1
907
907
907
908
908
908
908
-1
909
909
909
910
910
910
910
910
910
910
911
911
911
911
911
911
912
912
912
912
912
912
912
912
913
-1
-1
-1
-1
-1
-1
914
914
914
914
915
915
915
915
916
916
916
916
916
916
916
-1
917
917
917
917
917
917
917
918
918
918
918
918
918
918
919
919
919
919
919
919
919
-1
920
920
920
-1
921
921
921
922
922
922
922
922
923
923
923
923
924
924
924
924
924
924
924
-1
-1
401
401
925
925
926
926
926
926
926
926
927
927
927
927
927
927
928
928
928
928
929
929
929
929
929
929
929
929
930
930
930
930
930
930
930
931
931
931
931
931
931
932
932
932
932
933
933
933
933
933
933
933
934
934
934
934
-1
935
935
936
936
936
936
937
937
937
937
937
937
937
938
938
938
938
939
939
939
939
940
940
940
941
941
941
941
941
942
942
943
943
943
943
944
944
944
944
944
944
944
944
945
945
945
945
946
946
946
946
947
947
947
947
947
948
948
913
913
949
949
949
949
950
950
950
950
951
951
951
951
951
-1
952
952
952
953
953
953
953
953
953
953
-1
954
954
954
955
955
955
955
955
-1
956
956
956
-1
957
957
957
958
959
959
959
-1
960
960
960
961
961
961
961
961
961
961
962
962
962
962
962
962
-1
963
880
880
-1
964
964
964
-1
965
965
965
966
966
966
966
967
967
967
967
-1
968
968
968
968
968
968
968
969
82
82
82
82
970
970
970
970
971
971
971
971
971
971
971
971
972
972
972
972
973
973
973
973
-1
974
974
974
-1
975
975
975
976
976
976
976
976
976
976
-1
977
977
977
978
978
978
978
978
979
979
979
979
979
979
979
980
980
980
980
980
980
980
-1
981
981
981
982
982
982
982
982
982
982
983
983
983
983
983
983
984
984
984
985
985
985
985
985
985
986
986
986
986
986
986
986
987
987
987
987
987
987
987
988
988
988
989
989
989
990
990
990
990
990
-1
991
991
991
-1
992
992
992
-1
993
993
993
-1
994
994
994
-1
995
995
995
996
996
996
996
997
997
997
997
997
997
997
998
998
998
998
999
999
999
999
999
999
1000
1000
1000
1000
1000
1000
-1
1001
1001
1001
1002
424
424
424
424
1003
1003
1003
1003
1004
1004
1004
1004
1004
1004
1005
1005
1006
1006
1006
1006
1007
1007
1007
1007
1008
1008
1008
1009
1009
1009
1009
-1
-1
-1
1010
1010
1010
1010
1010
1010
1010
1011
1011
1011
1011
1011
-1
1012
1012
1012
1013
1013
1013
1013
1014
1014
1014
1014
1014
-1
-1
-1
-1
1015
1015
1015
1015
1015
-1
-1
1016
1016
-1
-1
1017
1017
1018
1018
1018
1018
1018
1018
1018
1018
1019
1019
1019
1019
1020
1020
1020
1020
1021
1021
1021
1021
1021
1021
1021
-1
1022
1022
749
-1
1023
1023
1023
-1
-1
1024
1024
-1
-1
1025
1025
-1
192
1026
1026
-1
1027
1027
1027
-1
-1
1028
1028
-1
1029
1029
-1
1030
1030
1031
1031
1031
1031
1031
1031
1031
1032
1032
1032
1032
1032
1032
1032
1033
1033
1033
1033
1033
1033
1033
1034
1034
1034
1034
-1
1035
1035
1035
-1
-1
1036
1036
1037
1038
1038
1038
1039
1039
1039
1039
1039
1039
1039
1039
-1
1040
1040
1040
-1
1041
1041
1041
1042
1042
1042
1043
1043
1043
1043
1043
-1
-1
1044
1044
-1
-1
1045
1045
1045
1045
1045
1045
1045
1046
1046
1046
1046
1046
1046
1046
1046
1047
1047
1047
1047
1047
1047
1047
1048
1048
1048
1048
1048
1048
1049
1049
1049
1049
1050
1050
1050
1050
1051
1051
1051
1051
1052
1052
1052
1052
1052
1053
1053
1053
1053
1054
1054
1054
1054
1055
1055
1055
1056
1056
1056
1056
1057
1057
1057
1057
1057
1057
1057
1058
1058
1058
1058
1058
1058
1059
1059
1059
1059
1059
1059
1059
1060
1060
1060
1060
1060
1061
1061
1061
349
1062
1062
1062
1062
1062
1063
1063
1063
1063
1064
1064
1064
1064
1065
1065
1065
1065
1066
1066
1066
1066
1067
1067
1067
1067
1067
1068
1068
1068
1068
1069
1069
1070
1070
1070
1070
1071
1071
1071
1072
1072
1072
1073
1073
1073
1073
1074
1074
1074
1074
1075
1075
1075
1075
1075
1075
1076
1076
1076
1077
1077
1077
1077
1077
1077
1077
1078
1078
1078
1078
1079
1079
1079
1079
1080
1080
1080
1080
1080
1080
1081
1081
1081
1081
1081
1081
1081
1082
1082
1082
1082
1082
1082
1082
1083
1083
1083
1083
1084
1084
1084
1084
-1
1085
1085
1085
1085
1086
1086
1086
1086
1086
1087
1087
1087
1088
1088
1088
1088
1088
1088
1089
1089
1089
1089
1089
1089
1089
1090
1090
1090
1090
1091
1091
1091
1091
1091
1092
1092
1092
1092
1092
1092
1092
1093
1093
1093
1093
1093
1093
1093
1093
1094
1094
1094
1094
1095
1095
1095
-1
1096
771
771
771
1097
1097
1097
1097
1098
1098
1098
1098
1099
1099
1099
1099
1100
1100
1100
1100
1101
1101
1101
1101
1101
983
1102
1102
1102
1102
1102
1102
1102
1103
1103
1103
1103
1103
1104
1104
1104
1104
1104
1104
1104
1105
1105
1105
1105
1106
1106
1106
1106
1107
1107
1107
1107
1108
1108
1108
1108
1109
1109
1109
1109
1109
1109
1110
1110
1110
1110
1111
1111
1111
1111
1112
1112
1112
1112
1112
1112
1113
1113
1113
1113
1113
1113
1113
1114
1114
1114
1114
1115
1115
1115
1115
1115
1116
1116
1116
1116
-1
-1
1117
1117
1117
1117
1118
1118
1118
1118
1119
1119
1119
1119
1120
522
-1
1121
1121
1121
1121
1122
1122
1122
1122
1123
1123
1123
1123
1123
1123
1124
1124
1124
1124
1124
1124
1125
1125
1125
1125
1125
1125
1126
1126
1126
1126
1126
1126
1126
1127
1127
1127
1127
1128
1128
1128
1128
1128
1128
1128
1129
1129
1129
1129
1129
1129
1130
1130
1130
1130
1130
1130
1131
1131
1131
1132
1132
1132
1133
1133
1133
1134
1134
1134
1134
1135
1135
1135
1135
1135
1136
1136
1137
1137
1137
1137
1138
409
409
409
1139
1139
1139
1139
1140
1140
1140
1140
1140
1140
1140
1141
1141
1141
1141
1141
1141
1141
1142
1142
1142
1142
1142
1142
1142
1143
1143
1143
1143
1144
1144
1144
1145
1145
1145
1145
-1
-1
-1
1146
1146
1146
1146
1147
1147
1148
1148
1148
1148
1148
1148
1148
1149
1149
1149
1149
1149
1150
1150
1150
1150
1150
1151
1151
1151
1151
1151
1151
1151
1151
-1
-1
1152
1152
1153
1153
1153
1153
1153
1153
1153
1154
1154
1154
1154
1154
1154
1154
1155
1155
1155
1155
1155
1155
1155
1156
1156
1156
1156
1156
1156
1156
-1
-1
-1
1157
1157
1157
-1
1158
1158
1158
-1
1159
1159
1159
1160
1160
1160
1160
1160
1160
1160
1160
1161
1161
1161
1161
1161
1161
1161
1162
1162
1162
1162
1162
1162
-1
-1
1163
1163
-1
-1
1164
191
1165
1165
1165
1165
1165
1165
1166
1166
1166
1166
1166
1166
1167
1167
1167
1167
1167
-1
-1
1168
1168
-1
-1
1169
1169
1169
-1
-1
1170
1170
1171
1171
1171
1171
1171
1171
1171
1172
1172
1172
1172
1172
1172
1173
1173
1173
1173
1173
1173
1173
1174
1174
1175
1175
1175
1176
1176
1176
1176
1177
1177
1177
1177
1177
1178
1178
1178
1178
1178
1179
632
632
632
632
632
1180
1180
1180
1180
1180
1180
1180
-1
1181
1181
1181
-1
1182
1182
1182
1183
1183
1183
1183
1183
1183
1183
1184
1184
1184
1184
1184
1184
1184
1185
1185
1185
1185
1185
-1
1186
1186
1186
1187
1187
1188
1188
1188
1188
1188
1188
1189
1189
1189
1189
1189
1190
911
911
911
911
911
1191
1191
1191
1191
1191
-1
1192
1192
1192
1193
1193
1193
1193
1194
1194
1194
1195
1195
1195
1195
1196
1196
1196
1196
-1
1197
1197
1197
1198
1198
1198
1198
1198
1198
1198
1199
1199
1199
1199
1199
1199
1199
1200
1200
1200
1200
1201
1201
1201
1201
1201
-1
1202
1202
1202
1203
1203
1203
1203
1204
1204
1204
1204
1205
1205
1205
1205
1206
1206
1206
1206
1206
1206
1206
1207
1207
1207
1207
1208
1208
1208
1208
1208
1208
1208
1209
1209
1209
1209
1209
1209
1209
1210
1210
1210
1210
-1
-1
-1
1211
1211
1211
1212
1212
515
515
1213
1213
1213
1213
1214
1214
1214
1214
1214
1215
1215
1215
1215
1215
1216
1216
1216
1216
1216
1216
1216
1217
1217
1217
1217
1218
1218
1218
1218
1218
1219
1219
1219
1219
1219
1219
1219
1220
1220
1220
1220
1220
1221
1221
1221
1221
1221
1221
1221
1221
1222
1222
1222
1222
1222
1222
1222
1223
1223
1223
1223
1224
1224
1224
399
1225
1225
1225
1225
1226
1226
1226
1226
1226
-1
1227
1227
1227
-1
1228
1228
1228
1229
1229
1229
1229
1229
1229
-1
1230
1230
1230
-1
1231
1231
1231
-1
1232
1232
1232
-1
1233
1233
1233
-1
1234
1234
1234
-1
1235
1235
1235
1236
1236
1236
1236
-1
1237
1237
1237
1238
1238
1238
1238
1239
1239
1239
1239
1239
1239
1240
1240
1240
1240
1240
1240
1241
1241
1241
1241
1242
1242
1242
1243
1243
1243
1243
1244
1244
1244
1244
1244
1244
1244
1245
1245
1245
1245
1246
1246
1246
1246
1247
1247
1247
1247
1248
1248
1248
1248
1248
1249
1249
1249
1249
1249
725
1250
1250
1250
1250
1250
1250
1250
1251
1251
1251
1251
1251
-1
1252
1252
1252
1252
1253
1253
1253
1253
1254
1254
1254
1254
1255
1255
1255
1256
1256
1256
1256
1257
1257
1257
1257
1257
1257
1257
1258
1258
1258
1258
1259
1259
1259
1259
1259
1259
1259
1260
1260
1260
1260
1260
1260
1260
1261
1261
1261
1261
1261
1261
1261
1262
1262
1262
1263
1263
1263
1264
1264
1264
1264
1265
1265
1265
1265
1266
1266
1266
1266
1266
1266
-1
1267
1267
1267
1267
1267
1268
1267
1267
1267
1267
-1
1269
1269
1269
-1
1270
1270
1270
-1
1271
1271
1271
1271
1271
1271
1271
1271
1272
1272
1272
1272
1272
1272
1272
1273
1273
1273
1273
1273
1273
1273
1274
1274
1274
1274
1274
1274
1275
1275
1275
1275
1276
1276
1276
1276
1276
-1
1277
1277
1277
-1
1278
1278
1278
-1
1279
1279
358
1280
1281
1281
1281
-1
1282
1282
1282
-1
1283
1283
1283
1283
1283
1284
1284
1284
1284
-1
1285
1285
1285
-1
1286
1286
1286
1287
1287
1287
1287
1287
1287
1288
1288
1288
-1
1289
1289
1289
-1
1290
1290
1290
-1
1291
1291
382
-1
1292
1288
1288
1293
1293
1293
1293
1293
1293
1293
-1
1294
1294
-1
1295
1295
305
1296
1296
1296
1296
1297
1297
1297
1297
1297
1297
1297
-1
1298
1298
92
-1
1299
1299
1299
-1
1300
1300
1300
1301
1301
1301
1301
1301
-1
1302
1302
1302
-1
1303
1303
1303
-1
-1
1304
1304
1305
1305
1305
1306
1306
1306
1307
1308
1308
1308
-1
1309
1309
1309
-1
1310
1310
1310
-1
-1
1311
1311
-1
1312
1312
1312
1313
1313
1313
1313
1313
1313
1313
1313
1314
1314
1314
1314
1314
1314
1314
-1
1315
1315
1315
1316
1316
1316
1316
1316
1316
1316
1317
1317
1317
1317
1317
1317
1317
-1
1318
1318
1318
-1
1319
1319
1319
-1
1320
1320
1320
-1
1321
1321
1321
1322
1322
1322
1322
1322
1322
1323
1323
1323
1324
1324
1324
1324
1324
1324
1324
-1
1325
1325
1325
-1
1326
1326
1326
1327
1327
1327
1327
1327
1327
1327
1328
1328
1328
1328
1328
1328
1329
1329
1329
1329
1329
1329
1329
1330
1330
1330
1330
1330
1330
1330
1331
1331
1331
1331
1331
1331
1331
1331
1332
1332
1332
1332
1332
1332
1332
-1
1333
1333
1333
-1
1334
1334
1334
1335
1335
1335
1335
1335
1335
1335
-1
1336
1336
1336
-1
1337
13
13
-1
1338
1338
1338
1339
1339
1339
1339
1339
1339
1340
1340
1340
1340
1340
1341
1341
1341
1341
1341
1342
1342
1342
1342
1343
1343
1343
1343
1343
1343
1344
1344
1344
1344
1345
1345
1345
1345
1345
1345
1345
1346
1346
1346
1346
1346
1346
1346
1347
1347
1347
1347
1347
1347
1347
1348
1348
1348
1348
1348
1348
1348
1349
1349
1349
1349
1349
1349
1349
1349
1350
1350
1350
1350
1350
1351
1352
1352
1352
-1
1353
1353
1353
-1
1354
1354
1354
1355
1355
1355
1355
1356
1356
1356
1356
1356
1357
1357
1357
1357
1357
1357
1358
1358
1358
1358
1358
1359
1359
1359
1359
1360
1360
1360
1360
1360
1360
1361
1361
1361
1362
1362
1362
1362
1363
1363
1363
1363
1363
1364
972
972
972
-1
1365
162
-1
1366
1366
1366
-1
1367
1367
1367
1367
-1
1368
1368
1368
-1
-1
1369
1369
-1
1370
1370
1370
1371
1284
1284
1284
-1
-1
1372
1121
-1
1373
1373
1373
1374
1374
1374
1374
1374
1374
1374
1375
1375
1375
1375
1375
1375
1375
1376
1376
1376
1376
1376
1376
1376
1377
1377
1377
1377
1377
1377
1377
1378
1378
1378
1378
-1
1379
1379
1379
-1
1380
1380
1380
-1
1381
1381
1381
-1
1382
1382
1382
-1
1383
1383
1383
-1
1384
1384
1384
-1
1385
1385
1385
1386
1386
1386
1386
1386
1386
1386
1386
-1
1387
1387
1387
-1
1388
719
719
1389
1389
1389
1389
1389
1389
1389
1390
1390
1390
1390
1391
1391
1391
1391
1391
1391
1391
1392
1392
1392
1392
1392
1392
1392
1393
1393
1393
1393
1393
1393
1393
-1
1394
1394
1394
-1
1395
1395
1395
-1
1396
1396
1396
-1
1397
1397
1397
-1
1398
1398
1398
1399
1399
1399
1399
1399
1399
1400
1400
1400
1400
1400
1400
1400
-1
1401
1401
1401
1402
1132
1132
1132
1132
1132
1132
1403
1403
1403
1403
1403
-1
1404
1404
1404
-1
1405
1405
1405
-1
1406
1406
1406
1407
1407
1407
1407
1407
1407
1407
-1
1408
1408
1408
-1
1409
1409
1409
-1
1410
1410
1410
1411
1411
1411
1411
1411
1411
1412
1412
1412
1412
1412
1412
1412
1413
1413
1413
1413
1414
1414
1414
1414
-1
1415
1415
1415
1415
1416
1416
1416
1416
1416
1416
1417
1417
1417
1417
1417
1417
1417
1418
1418
1418
1418
1418
1418
1419
1419
1419
1420
1420
1420
1420
1420
838
838
838
838
838
1421
1421
1421
1421
1421
1421
1421
1421
-1
1422
1422
1422
1422
1422
1422
1422
1423
1423
1423
1424
1424
-1
1425
1425
-1
1426
1426
1426
-1
-1
1427
1427
-1
1428
1428
1428
-1
-1
1429
1429
1430
1430
1430
1430
-1
1431
1431
-1
1432
1432
1432
1433
1433
1433
1433
1433
1433
1433
-1
1434
38
38
-1
1435
1435
1435
1436
1436
1436
1436
1436
1436
1436
-1
-1
-1
-1
-1
-1
1437
1437
1437
1437
1437
1438
1438
1438
-1
-1
1439
1439
-1
-1
1440
1440
-1
1441
1441
1441
1442
-1
1443
1443
-1
1444
1444
1444
-1
1445
1445
1445
-1
1446
1446
1446
-1
-1
1447
1447
-1
836
1448
1448
1449
1449
1449
1449
1449
1449
1450
1450
1450
1450
1451
1451
1451
1451
1452
1452
1452
1452
1453
1453
1453
1453
1454
1454
1454
1454
1454
1455
1455
1455
1455
1456
1456
168
168
1457
1457
1457
1458
1458
1458
1459
1459
1459
1459
1459
1459
1459
1460
1460
1460
1460
1461
1461
1461
1461
1461
1461
1461
1462
1462
1462
1462
1462
1462
1462
1463
1463
1463
1463
1463
1463
1463
1464
1464
1464
1464
1465
1305
1305
1305
1305
1305
1305
1466
1466
1466
1466
1467
1467
1467
1467
1468
1468
1468
1468
1469
1469
1469
1469
1470
1470
1470
1470
1470
1470
1470
1471
1471
1471
1471
1471
1471
1472
1472
1472
1472
1472
1472
1472
1473
1473
1473
907
1474
1474
1474
1474
1475
1475
1475
1475
1476
1476
1476
1476
1477
1477
1477
1478
1478
-1
1479
1479
1479
1480
1480
1480
-1
338
338
1481
1482
1482
1482
-1
1483
1325
1325
-1
1484
1484
1484
-1
1485
1485
1485
-1
1486
1486
1486
-1
1487
1487
1487
-1
1488
963
880
1489
1489
1489
1490
1490
1490
1490
1491
1491
1491
1491
1492
1492
1492
1492
1493
1493
1493
1493
1494
1494
1494
1494
-1
-1
1495
1495
1495
1496
1496
1496
1496
-1
1497
1497
1497
1498
1498
1498
1498
1499
1499
1499
1499
1499
1499
1500
1500
1501
1501
1501
1501
1501
1501
1502
1502
1502
1502
1502
1502
1502
1503
1503
1503
1503
1504
1504
1504
1504
-1
1505
1505
1505
1506
1507
1507
1507
1508
1508
1508
1509
1509
1509
1509
1509
1510
1510
1510
1510
1510
1510
1510
1511
1511
1511
1511
1511
1511
1511
-1
1512
1512
1512
1513
1513
1513
1513
1514
1514
1514
1514
1514
-1
1515
1515
1515
1516
1516
1516
1516
1516
1516
-1
1517
1517
1517
1517
1517
1518
1518
1518
1519
1519
1519
1519
1520
1520
1520
1520
-1
1521
1521
1521
1522
1522
1522
1522
-1
473
473
473
1523
1523
1523
1523
1524
1524
1524
1524
1525
1525
1525
1525
1526
1526
1526
1526
1527
1527
1528
1528
1528
1528
1528
1529
1529
1529
-1
-1
-1
-1
1530
1530
1531
1531
1531
1532
1532
1532
1532
1532
1532
1533
1533
1533
1534
1534
1534
1534
1535
1535
1535
1535
1535
1536
1536
1536
1536
1537
1537
1538
1538
1538
1538
-1
1539
1539
1539
1540
1540
1540
1540
1540
1540
1540
1541
1541
1541
1541
-1
1542
1542
1542
1543
1543
1543
1543
1543
1543
1544
1544
1544
1544
1544
1544
1545
1545
1545
1545
-1
1546
1546
1546
1547
1547
1547
1547
1547
1547
-1
1548
1548
1548
1549
1549
-1
-1
-1
1550
1550
1550
1550
1550
1550
1551
1551
1551
1551
1552
1552
1552
54
1553
1553
1553
1553
1553
1553
1554
1554
1554
1554
1554
1555
1555
847
847
1556
1556
1556
1557
1557
1557
1557
1558
1558
1558
1558
-1
1559
1559
1560
1560
1560
1560
1561
1561
1561
1561
1561
1562
1562
1562
1563
1563
1563
1563
1564
1564
1564
1564
1564
1564
1564
1565
1565
1565
1565
1565
1565
1566
1566
1566
1566
1567
1567
1567
1568
1568
1568
1568
1569
1569
1569
1569
1569
1569
1569
1570
1570
1570
1570
1570
1570
1570
1570
1571
1571
1571
1571
1571
1572
1572
1572
1572
1572
1572
1573
1573
1573
1573
1573
-1
1574
1574
1574
1574
1575
1575
1575
1575
1576
1576
1576
1576
1577
1577
1577
1577
-1
1578
1578
1578
1578
1579
1579
1579
1579
1580
1442
1442
1442
1581
1581
1581
1581
1581
1581
1581
1582
1582
1582
1582
1583
1583
1583
1583
1583
1583
1583
1583
1584
1584
1584
1584
1585
1585
1585
1585
1585
1585
1586
1586
1586
1587
1587
1587
1587
1588
1588
1588
1588
1588
1588
1588
1589
1589
1589
1589
-1
1590
1590
1590
1591
1591
1591
1591
1592
1592
1592
1592
1593
1593
1593
1593
1594
1037
1595
1595
1595
1595
1596
1596
1596
1596
1596
1596
1596
1597
1597
1597
1598
1598
1598
1598
1599
1599
1599
1599
1600
1600
1600
1600
1601
1601
1601
1601
1602
1602
1602
1602
1603
1603
1603
1603
1603
-1
-1
1604
1604
1604
1605
1605
1605
1605
-1
1606
1606
1606
-1
1607
1607
1607
1608
1608
1608
1608
1608
1609
1609
1609
1609
1609
1609
1609
1610
1610
1610
1610
1610
1610
1611
1611
1611
1611
1611
1611
1611
1612
1612
1612
1612
1612
1612
1612
1613
1613
1613
1613
1613
1613
1613
1613
-1
1614
1614
1614
-1
1615
1615
1615
-1
1616
1616
1616
-1
1617
1617
1617
-1
1618
1618
191
1619
1619
1619
1619
1619
1619
1619
-1
1620
1620
1620
-1
1621
1621
1621
-1
1622
1622
1622
1623
1623
1623
1623
1623
1623
1623
1624
-1
1625
1625
1625
-1
1626
1626
1626
-1
1627
1627
1627
-1
1628
1628
1628
-1
1629
1629
-1
1630
1630
407
1631
1631
1631
1631
1631
1631
1631
1632
1632
1632
1632
1632
1632
1632
-1
1633
1633
1633
1634
1634
1634
1634
1634
1634
1634
-1
1635
1635
1635
1635
-1
-1
711
711
711
1636
1636
1636
1636
1636
1636
1636
-1
1637
1637
1638
1638
1638
1638
1638
1638
1639
1639
1639
1639
1639
-1
1640
1640
1640
1641
1641
1641
1641
1641
1641
1641
1642
1642
1642
1642
1642
1642
1642
1642
1643
1643
1643
1643
1643
1643
-1
1644
1644
1645
1645
1645
1645
1646
1646
1646
1646
1646
1646
1647
1647
1647
1647
1648
1648
1648
1648
-1
292
1649
1649
1650
1650
1650
1650
1650
1651
1651
1651
1651
1651
1651
1651
-1
-1
1652
1652
1653
1653
1654
1654
1654
1655
1655
1655
1655
1655
1655
1655
1655
1656
1656
1656
1656
-1
1657
1657
1657
1658
1658
1658
1658
1659
1659
1659
1659
1660
1660
1660
1660
1661
226
226
226
1662
1662
1662
1662
1663
1663
1663
1663
1663
1663
1663
1664
1664
1664
1664
1664
1664
1664
1665
1665
1665
1665
1665
1666
1666
1666
1666
1666
1666
1666
1667
1667
1667
1667
1668
1668
1668
1668
1669
1669
1669
1669
1670
1670
1670
1670
1671
1671
1671
1671
1671
1671
1671
1672
333
333
1673
1673
1673
1674
1674
1674
1674
1674
1674
1674
-1
1675
1675
1675
1676
1676
1676
1676
1676
1676
1676
-1
409
409
409
1677
1677
1677
1677
1678
1678
1678
1678
1679
1679
1679
1679
1679
1679
1679
1680
1680
1680
1680
1681
1681
1681
1681
1682
1682
1682
1682
1682
1682
1682
-1
1683
1683
1683
-1
1684
1684
1684
-1
1685
1685
1685
1686
1686
1686
1686
1687
1687
1687
1687
1688
1688
1688
1688
1688
1688
1688
1688
1689
1689
1689
1689
1689
1689
1689
1690
1690
1690
1690
1690
1690
1691
1691
1691
1691
1691
1691
1691
1692
516
516
516
516
516
1693
1693
1693
1693
1693
1693
1693
-1
1694
1694
1694
1695
1695
1695
1695
1695
1695
1695
1696
1696
1696
-1
1697
1697
1697
-1
1698
1698
1698
-1
-1
1699
1699
1699
1699
1699
1699
1699
-1
1700
1700
1700
-1
1701
1701
1701
-1
1702
1702
1702
-1
1703
1703
1703
1704
1704
1704
1704
1704
1704
1704
-1
1705
1705
1705
1706
1706
1706
1706
-1
1707
1707
1707
1707
1707
1707
1708
1708
1708
1708
1708
1708
1708
1708
1709
1709
1709
1709
1709
1710
1710
1710
1710
1710
1710
1711
1711
1711
1711
-1
1712
1712
1712
1713
1713
1713
1714
1714
1714
1714
1715
1715
1715
1715
-1
1716
1716
1716
-1
1717
1717
1717
-1
1718
1718
1718
1718
1718
1718
1718
1719
1719
1719
1719
1720
1720
1720
1720
1720
1721
1721
1721
1721
1721
1721
1721
1722
1722
1722
1722
1723
1723
1723
1724
1724
1724
1724
1725
1725
1725
1725
1725
1725
1726
1726
1726
1726
1726
1726
1726
1727
1727
1727
1727
1727
1727
1727
1728
1728
1728
1728
1729
69
1730
1730
1731
1731
1731
1731
1732
650
650
650
1733
1733
1734
1734
1734
1734
1735
1735
1735
1735
1736
1736
1736
1736
1737
1737
1737
1737
1737
1737
1737
1738
1738
1738
1738
1739
1739
1739
1739
1740
1740
1741
1741
1741
1741
1742
1742
1742
1742
1742
1742
1742
1743
1743
1743
1743
1744
1744
1744
1745
1745
1745
1745
1746
1746
1746
1746
1747
1747
1747
1747
-1
1748
1748
1748
1748
1748
1748
1748
1749
1749
1749
1749
1749
1749
1749
1750
1750
1750
1750
1751
1751
1751
1751
1751
1751
1752
1752
1752
1752
1752
1752
1753
1753
1753
1753
-1
1754
1754
1755
1755
1755
181
1756
1756
1756
1756
1757
1757
1757
1757
1758
1758
1758
1758
1758
1758
1758
1759
1759
1759
1759
1759
1759
1759
1759
-1
1760
1760
1760
1761
1761
1761
1761
1762
1762
1762
1762
1763
1763
1763
1763
1764
1764
1764
1764
1765
1765
1765
1765
1766
1766
1766
1766
1767
1767
1767
1767
1767
1767
1768
1768
1768
1768
1769
1769
1769
1769
1769
1769
1769
1770
1770
1770
1770
-1
1771
1771
1771
-1
1772
1772
1772
1773
1773
1773
1773
1773
1773
1774
1774
1774
1774
1774
1775
1775
1775
1775
1775
1775
1775
1776
1776
1776
1776
1776
1776
1777
1777
1777
1777
1777
1777
1777
1778
1778
1778
1779
1779
1779
1779
1779
1779
1780
1780
1780
1780
-1
1781
1781
1781
1782
1782
1782
1782
1783
1783
1783
1783
1784
1784
1784
1784
1785
1785
1785
1785
1785
1785
1785
1786
1786
1786
1786
1786
1787
1787
1714
1714
1788
1788
1788
1788
1789
1789
1789
1789
1790
1790
1790
1790
1790
1790
1790
1791
1791
1791
1791
1792
1792
1792
1792
1792
1792
1792
-1
1793
1793
1793
-1
1551
1551
1551
-1
1794
1794
1794
1795
1795
1796
1796
1796
1797
1797
1797
1797
1797
1797
1797
1798
1798
1798
1798
1799
1799
1799
1799
1799
1799
1799
1800
1800
1800
1800
1801
1801
1801
-1
1802
1802
1802
1802
1802
1803
1803
569
569
1804
1804
1804
1804
-1
1280
1280
1024
-1
1805
1805
1805
1806
1806
1806
1806
-1
1807
1807
1807
-1
1808
1808
1808
1809
1809
1809
1809
1809
1810
1810
1810
1811
1811
1811
1811
1811
1811
1811
1812
1812
1812
1812
1812
1812
1812
1813
1813
1813
1813
1813
1813
1813
1814
1814
1814
1814
1815
1096
1096
1096
1816
1816
1816
1816
1817
1817
1817
1817
1817
1817
1817
-1
1818
1818
1818
1819
1819
1819
1819
1820
1820
1820
1820
1821
1821
1821
1821
1822
1822
-1
1823
1823
1823
-1
1824
1824
-1
1825
1825
1825
-1
1826
1826
1826
1826
1827
1827
1827
1827
1827
1827
1827
1828
1828
1828
1828
1828
1828
1829
1829
1829
1829
1829
1830
1830
1830
1830
1830
1831
1831
1831
1831
1831
1831
1831
1832
1832
1832
1832
1832
1832
1833
1833
1833
1833
1833
1833
1834
1214
1214
1214
-1
1835
1835
1835
1836
-1
1837
1837
-1
-1
1838
1838
-1
1839
1839
1839
1840
1841
1841
1841
-1
390
390
390
-1
1842
1842
1842
1843
1843
1843
1843
1843
1843
1843
1844
1844
1844
1844
1845
1845
1845
1845
1846
1846
1846
1846
1846
-1
1847
1847
1847
1848
1848
1723
1723
1849
1849
1849
1849
1849
1849
-1
1850
1850
1850
1851
1851
1851
1851
1851
1851
1851
-1
1852
769
769
1853
1853
1853
1854
1854
1854
1854
1855
1855
1855
1855
1855
-1
1856
1856
1856
1857
1857
1857
-1
1858
1858
1858
1858
1859
1859
1859
1859
1860
1860
1860
1860
-1
1861
1861
1861
-1
1862
1862
248
1863
1863
1863
1863
1864
1210
1210
1210
1865
1865
1865
1865
1865
1865
-1
-1
-1
-1
1866
1866
1866
-1
1867
1867
1867
1868
1868
1869
1869
1869
1869
1869
1869
1870
1870
1870
1870
1871
1871
1871
1871
1871
1871
1871
1871
1872
1872
1872
1872
1872
1872
1872
-1
-1
1873
1873
-1
1874
1874
1874
1875
1875
1876
1876
1876
-1
1877
1877
1877
-1
1878
1878
1878
-1
1879
1879
1879
1880
1880
1880
1880
1880
1880
1881
1881
1881
1881
1881
1881
1881
-1
-1
1882
1882
1883
1883
1883
1883
1883
1883
1884
1884
1884
1884
1129
1885
1885
1885
1885
1885
1886
1886
1886
1886
1886
1886
1886
1887
1887
1887
1887
1888
1888
1888
1888
1888
1888
1889
1889
1889
1889
1890
1890
1890
1890
1890
1891
1891
1891
1891
1891
1891
1891
1891
1892
1892
1892
1892
1893
1893
1893
1893
1893
1893
1893
1894
1894
1894
1894
1894
1894
1894
-1
1895
948
948
-1
-1
1896
1896
-1
1897
1897
1898
1898
1898
1898
-1
-1
-1
-1
-1
-1
1899
1899
1900
1900
1900
1900
1900
1900
1901
1901
1901
1901
1901
1901
1901
-1
1902
1902
1902
-1
1903
1903
1903
-1
1904
1904
1904
1905
1905
1905
1905
1905
1905
1905
1906
1906
1906
1906
1906
1906
1906
1907
1907
1908
1840
1840
1840
1909
1909
1909
1910
1910
1910
1910
1910
1910
1911
1911
1911
1911
1911
1911
1912
1912
1912
1912
1912
1912
1912
1913
1913
1913
1913
1913
1913
1913
1914
1914
1914
1914
1915
1915
1915
1915
1916
1916
1916
1916
1916
1916
1917
1917
1917
1917
1917
-1
1918
1918
1918
1918
1918
1919
1919
1919
1919
1919
1920
1920
1920
1920
1921
1921
1921
935
1922
1922
1922
1922
1923
1923
1923
1923
1923
1924
796
796
796
1172
1172
-1
1925
1925
1926
1926
1926
1926
1927
1927
1927
1927
1927
1927
1928
1928
1928
1928
1928
1928
1929
1929
1929
1930
1930
1930
1930
1930
1930
1930
-1
1931
1932
1932
1932
-1
1933
1933
1933
-1
1934
1934
1934
-1
1935
1935
1935
1936
1937
1937
1937
-1
1938
1938
1938
1939
1939
1939
1939
1939
1939
1939
1940
1940
1940
1940
1941
486
486
486
1942
-1
1943
1943
1943
1944
1944
1944
1944
1944
1944
1944
1945
1945
1945
1945
1945
1945
1945
1945
1946
1946
1946
1946
1947
1947
1947
1947
-1
1948
1948
1948
1949
1949
1949
1949
1950
1950
1950
1950
1951
1951
1951
1951
1952
1952
1952
1952
1953
1953
1953
1953
1954
1954
1954
1954
1955
1955
1955
1955
-1
-1
1956
1956
1956
-1
1957
1957
1957
-1
1958
1958
1958
1959
1959
1959
1959
1959
1959
1959
-1
1960
1960
1960
1961
1961
1961
1961
1961
1961
1961
1962
1963
1963
1963
-1
1964
1964
1965
1965
1965
1966
1966
1966
1966
1966
1966
1967
1967
1967
1967
1967
1967
1967
1968
1968
1968
1968
1968
-1
1969
1969
1969
1970
1624
1624
1624
1624
1624
1624
1971
1971
1971
1971
1971
-1
1972
1972
1972
1973
1973
1973
1973
1974
1974
1974
1974
1974
1975
1975
1975
1975
1975
-1
1976
1976
1976
1977
1977
1977
1977
1977
1977
1977
1978
1978
1978
1978
1978
1979
1979
1979
1979
1979
1979
1979
-1
-1
1980
1980
-1
1981
1981
1105
1982
1982
1982
1982
1982
1982
1983
1983
1983
1984
1984
1984
-1
-1
1985
1985
1986
1986
1986
1986
1986
1986
1986
1987
1987
1987
1987
1987
1987
1988
1988
1988
1988
1988
1988
1988
-1
1989
1989
1989
-1
-1
1990
1990
-1
1991
1991
1991
1992
1992
1992
1992
1992
1992
1993
1994
1994
1994
-1
-1
1995
1995
-1
-1
1996
1996
-1
-1
1997
1997
