-1
0
0
1
1
1
1
-1
2
2
2
3
3
3
3
3
4
4
4
4
4
5
5
5
5
6
6
6
6
-1
7
7
7
-1
8
8
8
-1
9
9
9
-1
10
10
10
-1
11
11
11
11
11
11
11
12
12
12
12
12
-1
13
13
13
-1
14
14
14
-1
15
15
15
16
16
16
16
-1
17
17
17
18
18
18
18
19
19
19
19
20
20
20
20
21
21
21
21
21
21
21
22
22
22
22
22
22
22
-1
23
23
23
23
23
24
24
25
25
25
25
-1
26
26
26
-1
27
27
27
-1
28
28
28
29
29
29
30
30
30
31
31
31
31
31
32
32
32
32
32
-1
33
33
33
-1
34
34
34
-1
35
35
35
-1
36
36
37
37
37
37
38
38
38
38
38
39
39
39
39
40
40
41
41
41
41
42
42
42
43
43
43
44
44
44
44
44
45
45
45
45
46
46
46
46
47
47
47
47
47
48
48
48
48
48
49
49
49
49
-1
50
50
50
51
51
51
51
52
52
52
53
53
53
53
54
54
54
54
55
55
20
20
56
56
56
56
57
57
57
57
57
58
58
58
58
59
59
59
59
60
60
60
60
60
60
60
61
61
61
61
61
61
61
62
62
62
62
-1
-1
63
63
63
64
64
64
64
-1
65
65
65
66
66
66
66
66
-1
67
67
67
67
67
-1
68
68
68
69
69
69
69
69
69
70
70
70
70
-1
71
71
71
72
72
72
72
72
73
73
73
73
73
73
74
74
74
75
75
75
76
76
76
76
76
76
76
-1
77
77
77
78
78
78
78
-1
79
79
79
80
81
81
81
-1
82
82
82
83
83
83
83
83
83
83
84
84
84
84
84
84
84
-1
85
85
85
86
86
86
86
86
86
86
-1
87
87
87
88
88
88
88
-1
89
89
89
-1
90
90
90
91
91
92
92
93
93
93
93
93
93
-1
94
94
94
95
95
95
95
95
95
96
96
96
96
96
-1
97
97
97
-1
98
98
98
-1
99
99
99
100
100
101
101
101
101
102
102
102
102
103
103
103
103
104
104
-1
105
105
105
105
105
105
105
106
106
106
106
106
107
107
107
107
108
108
108
108
-1
109
109
109
110
110
110
110
111
111
111
111
112
112
112
112
113
113
113
113
113
113
113
114
114
114
114
115
115
115
115
116
116
116
116
117
117
117
117
118
118
118
118
119
119
119
119
120
120
120
121
121
121
121
-1
122
122
123
123
123
123
123
123
124
124
124
124
124
124
124
125
125
125
125
125
125
125
126
126
126
126
-1
127
127
127
128
128
128
128
128
128
-1
129
129
129
-1
130
130
130
131
131
131
131
131
131
131
131
132
132
132
132
132
132
132
133
133
133
133
133
133
-1
134
134
-1
135
135
135
-1
136
136
136
-1
137
137
137
-1
138
138
138
-1
139
139
139
140
141
141
141
-1
142
142
142
-1
143
143
143
-1
144
144
144
145
146
146
146
-1
147
147
147
148
148
-1
-1
149
149
149
150
150
150
150
150
150
150
-1
151
151
151
151
151
-1
152
152
152
-1
153
153
153
154
154
154
154
154
154
155
155
155
155
155
155
155
-1
156
156
156
156
156
-1
157
157
157
158
158
158
158
158
158
158
-1
159
159
159
-1
160
160
160
-1
161
161
161
-1
162
162
114
163
163
-1
164
164
164
-1
165
165
165
-1
166
166
166
-1
167
167
168
168
168
168
168
168
168
169
169
169
169
169
169
169
169
170
170
170
170
170
-1
171
171
171
172
172
172
172
173
173
173
173
173
174
174
174
174
174
174
174
175
175
175
175
176
176
176
176
176
176
177
177
177
-1
178
178
-1
179
179
179
-1
180
180
180
181
181
181
181
181
181
181
182
182
182
182
182
182
182
-1
-1
183
-1
-1
184
184
185
185
185
185
185
185
185
185
186
186
186
186
-1
187
187
187
-1
188
188
188
-1
189
189
189
189
-1
190
190
191
191
191
191
191
191
191
-1
-1
-1
-1
-1
-1
-1
-1
-1
-1
192
192
-1
193
193
194
195
195
195
196
196
196
196
196
197
197
197
121
198
199
199
199
199
199
199
199
200
200
200
200
200
200
200
201
201
201
201
201
201
201
202
202
202
202
202
202
202
203
203
203
203
203
203
203
204
204
204
204
204
204
204
205
205
205
205
205
205
205
206
206
206
206
207
207
207
207
208
208
208
208
208
209
209
209
209
-1
210
210
210
-1
211
211
211
212
212
212
212
-1
213
213
213
-1
214
214
214
215
215
215
215
-1
216
216
216
217
217
217
217
218
218
218
218
218
218
219
219
219
219
219
219
219
219
220
220
220
220
220
220
220
-1
221
221
221
222
222
222
222
222
222
223
223
223
223
223
223
224
224
224
224
224
-1
-1
225
225
225
225
225
225
225
226
226
226
226
226
226
226
-1
227
227
227
-1
228
228
228
-1
229
229
-1
-1
230
230
-1
231
231
231
232
232
232
232
232
232
232
-1
233
233
233
234
235
235
236
236
236
236
236
236
236
-1
237
237
237
-1
238
238
238
239
239
239
239
240
240
241
241
241
241
241
241
241
-1
-1
-1
-1
242
242
242
242
242
242
242
243
244
244
244
245
245
245
245
245
245
245
246
246
246
246
247
247
247
247
248
248
248
-1
-1
249
249
249
250
250
250
250
250
-1
251
251
251
252
252
252
252
252
252
253
253
253
253
254
254
254
254
254
255
255
255
255
255
255
255
-1
256
256
256
257
257
257
257
-1
258
258
258
259
259
259
259
260
260
260
260
260
261
261
261
261
-1
262
262
262
263
263
263
263
263
263
264
264
264
264
264
264
264
264
265
265
265
265
-1
266
266
266
267
267
267
267
267
268
268
268
268
269
269
269
270
270
270
270
271
271
271
-1
272
272
272
-1
273
273
273
274
274
274
274
274
274
274
275
275
275
275
275
275
275
276
276
276
276
276
276
276
-1
277
277
-1
278
278
278
-1
279
279
279
-1
280
280
280
-1
281
281
281
-1
282
282
282
-1
283
283
283
284
284
284
284
284
284
-1
285
285
285
286
286
286
-1
287
287
287
288
288
288
289
289
289
289
289
289
289
290
290
290
290
290
290
290
291
291
291
291
291
-1
292
292
292
-1
293
293
293
294
294
294
294
294
295
295
295
295
295
295
295
296
296
296
296
296
296
296
297
297
297
297
297
297
297
-1
298
298
298
-1
299
299
299
-1
300
300
300
301
301
301
301
301
301
301
-1
302
302
302
-1
303
303
303
303
-1
-1
304
304
304
305
305
305
305
305
305
-1
306
306
-1
307
307
307
-1
308
308
308
309
309
309
309
310
310
310
310
311
311
311
311
312
312
312
312
313
313
313
313
313
313
313
-1
314
314
314
315
315
315
316
316
316
316
317
317
317
317
318
318
318
318
319
319
319
319
319
319
319
320
320
320
320
320
320
320
321
321
321
321
321
321
321
322
322
322
322
322
322
322
323
323
323
323
323
323
324
324
324
324
324
-1
325
325
325
325
325
325
-1
326
326
326
327
327
327
327
327
327
327
-1
-1
328
328
-1
329
329
329
-1
330
330
-1
331
331
331
331
331
-1
-1
-1
332
332
332
-1
-1
333
333
334
334
334
334
334
334
334
335
335
335
335
335
335
336
336
336
336
336
-1
337
337
-1
338
338
338
-1
-1
-1
339
339
339
339
340
340
340
341
341
342
342
343
343
-1
344
344
344
345
345
345
345
346
346
346
346
-1
347
347
347
348
348
348
-1
349
349
349
-1
350
350
350
-1
351
351
351
352
352
352
352
353
353
353
353
-1
354
354
354
355
355
355
355
355
356
356
356
356
357
357
357
357
357
357
357
358
358
358
358
358
358
359
359
359
359
360
360
360
360
360
361
361
361
361
361
-1
362
362
362
-1
363
363
363
-1
364
364
364
-1
365
365
365
366
366
366
366
366
366
366
367
367
-1
368
368
368
368
-1
-1
-1
369
369
369
369
369
369
369
370
370
370
370
371
371
371
371
371
371
371
372
372
372
373
373
373
373
374
374
374
375
375
375
375
376
376
376
376
377
377
377
377
378
378
378
378
379
379
379
379
380
380
380
380
381
381
381
381
381
382
382
383
383
383
384
384
384
384
385
385
385
385
386
386
386
386
387
387
387
387
387
387
387
388
388
388
388
-1
389
389
389
389
389
389
389
390
390
390
390
390
390
390
-1
-1
-1
-1
-1
-1
391
391
391
391
391
391
392
392
392
392
393
393
393
394
394
394
394
395
395
395
395
396
396
396
396
396
396
396
397
397
397
397
397
398
398
398
398
398
398
398
399
399
399
399
400
400
400
-1
-1
-1
401
401
401
402
402
402
402
402
402
402
403
403
403
403
403
403
403
404
404
404
404
405
405
405
405
405
405
405
406
406
406
406
407
407
407
407
408
408
408
408
409
409
409
409
410
410
410
410
411
411
411
411
411
412
412
412
412
412
413
413
413
413
414
414
414
414
414
415
415
415
415
415
416
416
416
416
416
416
416
416
417
140
140
140
418
418
418
418
419
419
419
419
419
419
420
420
15
15
421
421
421
421
422
422
422
422
423
423
423
423
424
424
424
424
425
425
425
425
426
426
427
427
427
-1
428
428
428
-1
-1
429
429
430
430
430
430
430
430
430
-1
431
431
431
-1
432
432
432
-1
-1
433
433
434
434
434
434
434
434
-1
-1
435
435
436
436
436
436
436
436
436
437
437
437
437
437
437
-1
-1
438
438
439
439
439
439
439
439
439
440
440
440
440
440
440
440
441
441
441
441
441
441
-1
442
442
442
443
443
443
443
443
443
443
444
444
444
444
444
444
444
445
445
445
445
445
445
-1
446
446
446
-1
-1
447
447
-1
-1
448
448
-1
449
449
449
450
450
450
450
450
451
451
451
451
451
451
451
-1
452
452
452
452
-1
453
453
454
454
454
454
454
454
454
454
455
455
455
455
455
455
-1
-1
456
456
457
457
457
457
457
458
458
458
458
-1
459
459
459
-1
460
460
460
-1
461
461
461
462
462
462
462
462
462
462
463
463
463
463
463
463
463
463
464
464
464
464
464
464
464
464
465
465
465
465
465
465
466
466
466
466
467
467
467
467
467
467
468
468
468
468
468
468
-1
469
469
137
470
471
471
472
472
472
472
473
473
474
474
475
475
475
475
476
476
476
476
476
476
476
477
477
477
477
477
478
478
478
478
479
479
479
479
480
480
480
480
481
481
481
481
481
481
482
482
482
482
483
483
483
483
484
484
484
484
485
485
485
485
485
485
485
486
486
486
486
486
486
487
487
487
487
488
488
488
488
489
489
489
489
489
489
490
490
490
490
490
490
490
-1
491
491
491
492
492
492
492
493
493
493
493
493
493
493
494
494
495
495
495
495
-1
243
243
243
496
496
496
497
497
497
497
498
498
498
498
498
498
499
499
499
499
499
499
499
500
500
501
501
501
501
501
501
502
502
502
502
-1
503
503
503
503
503
503
503
-1
504
504
504
504
504
504
504
505
505
505
505
506
506
506
506
506
506
507
507
507
507
507
-1
508
508
508
509
509
509
509
510
510
510
510
510
510
511
511
511
511
511
511
511
512
512
512
512
-1
513
513
513
514
514
514
514
515
515
515
515
515
515
515
-1
516
516
516
517
517
517
517
518
518
519
519
519
519
519
519
519
-1
520
520
520
521
521
521
522
523
523
523
524
524
524
524
524
525
525
525
525
525
526
526
526
526
527
527
527
527
528
528
528
528
529
529
529
529
529
529
530
530
530
530
531
531
531
531
532
532
532
532
533
533
-1
534
534
534
534
534
534
534
535
535
535
535
535
535
535
536
536
536
536
537
537
537
537
538
538
538
538
-1
-1
-1
-1
539
539
539
539
540
540
540
540
541
541
127
127
542
542
542
542
543
543
543
543
543
543
543
544
544
544
544
545
545
545
545
546
546
306
547
547
547
548
548
549
549
549
549
549
549
550
550
550
551
551
551
551
552
552
552
552
552
552
553
553
553
553
554
554
554
554
555
555
555
555
-1
-1
-1
-1
556
556
556
556
557
557
557
557
558
558
558
558
558
559
559
559
559
559
560
560
560
560
560
560
560
561
561
561
561
562
562
562
562
562
563
563
563
563
563
563
-1
564
564
564
-1
565
565
565
566
78
78
78
-1
567
567
567
-1
568
568
568
-1
569
569
569
570
570
570
571
571
571
572
572
572
572
573
573
573
573
-1
574
574
574
575
575
575
575
576
576
576
577
577
577
578
578
578
578
579
579
579
579
579
579
580
580
580
580
580
580
580
580
-1
581
581
581
-1
582
582
582
-1
583
583
583
-1
584
584
584
-1
585
585
585
-1
586
586
586
-1
587
587
587
588
588
588
588
588
588
589
589
589
589
-1
590
590
590
590
590
590
-1
591
591
591
-1
592
592
592
593
593
593
593
593
593
593
594
594
594
594
594
-1
595
595
595
595
595
595
596
596
596
596
596
596
596
596
597
597
597
597
597
597
597
-1
598
598
598
599
599
599
599
-1
600
600
601
601
601
601
602
602
602
602
602
602
602
602
603
603
603
603
604
604
604
605
606
606
183
-1
607
607
-1
608
608
609
609
609
609
610
610
610
610
610
610
610
-1
611
611
611
612
612
612
612
612
612
613
613
613
613
613
613
613
-1
614
614
614
615
615
615
615
615
615
615
-1
616
616
-1
617
617
617
-1
618
618
619
619
619
619
619
620
620
620
620
620
620
620
621
621
621
621
621
621
621
622
622
622
622
623
623
624
624
624
625
625
625
626
626
626
626
626
626
626
627
627
627
627
627
627
628
628
628
628
628
628
628
629
629
629
629
629
629
629
630
630
630
630
630
630
630
631
631
631
631
631
631
631
632
632
632
632
632
633
633
633
633
634
634
634
635
635
635
635
635
635
635
636
636
636
636
636
-1
-1
637
637
637
638
638
638
638
639
639
640
640
640
640
641
641
641
641
642
642
642
642
642
642
642
643
643
643
643
643
643
643
644
644
644
644
645
645
645
645
645
645
645
646
646
646
646
647
647
647
648
648
648
649
649
649
649
649
650
650
650
650
650
650
650
651
651
651
651
652
652
652
652
653
653
653
653
653
654
654
655
655
655
655
655
656
656
656
656
656
657
657
657
657
658
658
658
658
659
659
659
659
660
660
660
661
661
661
662
662
662
663
663
663
663
663
664
664
664
664
664
664
665
665
665
665
666
666
666
666
666
667
667
667
668
668
668
668
668
668
668
669
669
669
669
670
670
670
670
670
671
671
671
671
671
671
672
672
672
672
672
672
672
672
673
673
673
673
673
673
673
674
674
674
674
675
675
675
675
676
676
676
676
677
677
677
677
678
678
678
678
679
679
679
679
679
679
679
680
680
680
680
680
680
680
681
681
681
681
682
682
682
682
682
683
683
683
683
683
684
684
684
-1
685
685
686
686
687
687
687
688
688
688
688
689
689
690
690
690
690
690
690
690
-1
691
691
691
692
692
692
692
692
-1
693
693
693
-1
694
694
694
-1
695
695
695
696
696
696
696
696
696
696
696
697
697
697
697
697
697
697
-1
698
698
698
-1
699
699
699
699
699
-1
700
700
700
-1
701
701
701
701
702
702
702
702
702
702
702
703
703
703
703
703
703
703
704
704
704
704
705
705
705
705
706
706
706
706
707
707
707
707
707
708
708
708
708
709
709
709
709
710
710
710
710
711
711
711
711
712
712
712
712
712
712
712
713
713
713
713
713
713
713
713
714
714
714
714
715
715
715
715
715
716
716
716
716
717
717
717
717
718
718
718
718
718
718
718
719
719
719
719
719
719
719
720
720
720
720
721
721
721
721
722
722
723
723
723
723
724
724
724
724
725
725
725
725
725
725
-1
726
726
726
-1
727
727
727
728
728
728
728
729
729
729
729
-1
730
730
730
-1
731
731
731
732
732
732
733
733
733
733
734
734
734
734
734
735
735
735
735
735
735
735
736
736
736
736
737
737
737
737
-1
738
738
738
-1
739
739
739
740
740
741
741
741
742
742
742
742
742
742
742
742
-1
743
743
743
744
744
744
744
-1
745
745
745
746
746
746
-1
747
747
747
-1
748
748
748
307
307
749
749
-1
-1
750
750
751
751
751
751
-1
752
752
752
-1
753
753
-1
754
754
754
755
755
755
755
756
756
756
756
757
757
757
757
758
758
758
758
759
759
759
759
-1
-1
760
760
760
761
761
761
761
762
762
762
762
763
763
763
763
764
764
765
765
766
766
766
766
767
767
767
767
767
767
-1
768
768
768
769
769
769
769
769
769
770
770
770
770
770
770
770
-1
771
771
772
772
772
772
772
772
772
773
773
773
773
773
773
773
774
774
774
774
774
774
774
775
775
775
775
-1
776
776
776
-1
-1
777
777
777
778
778
778
778
778
778
778
778
779
779
779
779
780
780
780
780
780
781
781
781
781
781
781
781
-1
782
782
782
-1
783
783
783
784
784
784
784
785
785
785
785
785
785
785
786
786
786
786
786
-1
787
787
787
787
787
787
787
788
788
788
788
788
788
789
789
789
789
789
790
790
790
790
790
790
790
791
791
791
791
791
791
791
792
792
792
792
792
792
792
793
793
793
793
793
793
794
794
794
794
795
795
795
795
796
796
796
796
797
797
797
797
798
798
798
798
798
798
798
799
799
799
799
799
799
799
799
800
800
800
801
801
801
801
801
802
802
802
802
803
803
-1
804
804
804
804
805
805
805
805
806
806
806
806
807
807
807
230
808
808
808
808
808
808
808
809
809
809
809
809
809
810
810
810
810
810
810
810
811
811
811
811
811
811
811
812
812
812
812
813
813
813
813
814
814
814
814
-1
815
815
815
815
816
816
816
816
817
817
817
817
818
818
818
818
819
819
819
819
820
820
820
820
821
821
821
821
822
822
822
822
-1
-1
-1
823
823
823
823
-1
824
824
824
-1
825
825
825
826
826
826
826
826
827
827
827
828
829
829
829
830
830
830
830
830
830
-1
-1
831
831
831
832
832
832
832
832
832
833
833
833
833
833
834
834
834
834
834
835
835
835
835
835
835
836
836
836
836
836
837
837
837
837
838
838
838
838
839
839
839
839
839
839
839
840
840
840
840
841
841
841
841
-1
842
842
842
843
843
843
843
843
844
844
844
844
844
844
845
845
845
845
846
846
846
846
847
847
847
847
-1
848
848
848
849
849
849
-1
850
851
851
-1
852
852
852
-1
-1
853
853
-1
854
854
855
855
855
855
855
855
855
856
-1
-1
857
857
857
858
858
858
-1
80
859
859
860
860
861
861
861
861
862
862
862
862
862
862
862
-1
-1
-1
863
863
863
864
864
864
864
864
-1
865
865
865
865
865
865
865
-1
866
866
866
867
867
867
867
867
867
-1
868
868
-1
869
869
869
-1
870
870
870
871
871
871
871
871
871
871
872
872
872
872
873
873
873
873
874
874
874
874
875
875
875
875
876
876
876
876
877
877
877
877
877
877
878
878
878
878
879
879
879
879
880
880
880
880
881
881
881
881
881
882
882
882
882
882
882
882
883
883
883
884
884
884
884
884
884
884
885
885
885
886
886
886
886
887
887
887
887
888
888
888
888
888
888
888
888
889
889
889
890
890
890
890
891
828
828
828
892
892
892
892
892
892
892
893
893
893
893
894
894
894
894
894
894
894
-1
-1
-1
895
895
895
895
895
895
895
896
896
896
896
896
896
896
897
897
897
897
898
898
898
898
898
899
899
899
899
900
900
900
900
-1
901
901
901
902
902
902
902
902
902
902
903
903
903
903
904
904
904
904
-1
905
905
905
905
905
-1
906
906
906
907
907
907
907
908
908
908
908
909
909
909
909
910
910
910
910
910
910
910
-1
911
911
911
912
912
912
912
913
913
913
914
914
914
914
915
915
915
915
915
916
916
916
916
-1
917
917
917
918
918
918
918
919
919
919
919
919
919
920
920
920
920
920
920
921
921
921
921
921
921
921
922
922
922
922
922
922
922
923
923
923
923
923
923
924
924
924
924
924
925
925
925
925
-1
-1
926
926
926
-1
927
927
927
-1
928
928
928
929
929
929
929
929
930
930
930
930
930
930
930
931
931
931
931
931
931
932
932
932
932
932
932
932
933
933
933
933
933
934
934
934
934
935
935
935
935
935
936
936
936
936
-1
937
937
937
-1
-1
-1
938
938
938
939
939
939
-1
940
940
940
941
605
302
302
942
942
942
942
-1
943
943
943
-1
944
944
944
-1
945
945
945
946
946
946
946
946
946
947
947
947
947
947
947
947
948
948
948
948
948
948
948
949
949
949
949
949
949
949
950
950
950
950
950
950
951
951
951
951
951
951
951
952
952
952
952
952
952
953
953
953
953
953
953
953
954
954
954
954
954
954
954
955
955
955
955
956
956
956
956
956
-1
957
957
957
423
958
958
-1
959
959
959
960
960
960
-1
-1
961
961
961
962
962
962
962
962
962
962
-1
963
963
963
-1
964
964
964
-1
965
965
965
-1
966
966
966
967
967
967
967
967
967
967
968
968
968
968
-1
969
969
969
970
970
970
970
970
970
970
971
971
971
971
-1
-1
299
-1
972
972
972
973
973
-1
974
974
974
974
975
975
975
975
975
975
975
-1
976
976
976
977
977
977
977
978
978
978
979
979
979
979
979
980
980
980
980
980
981
981
981
981
981
-1
982
982
982
982
982
982
982
-1
983
983
983
983
983
983
983
984
984
984
984
984
984
985
985
985
985
986
494
494
494
494
494
987
987
987
987
987
987
987
-1
-1
-1
-1
988
988
988
-1
989
989
989
990
990
990
990
990
990
990
991
991
991
991
991
991
992
992
992
992
992
992
993
993
993
993
994
994
994
994
995
995
995
995
995
995
995
996
996
996
996
996
996
996
-1
997
997
997
-1
998
998
998
999
999
999
999
1000
1000
1000
1000
1001
1001
1001
1001
1001
1001
1002
1002
1002
1002
1002
1003
1003
1003
1003
1004
1004
1005
1005
-1
1006
1006
1006
-1
1007
1007
1007
-1
1008
1008
1008
1009
1009
1009
1009
1010
1010
1010
1010
1010
1010
1010
1011
1011
1011
1011
1012
1012
1012
1012
1012
-1
1013
1013
1013
1014
1014
1014
1014
1014
1014
1014
1014
1015
1015
1015
1016
1016
-1
1017
1017
1017
1018
1018
1018
1019
1019
1019
1019
1020
1020
1020
1020
1021
1021
1021
1021
1022
1022
-1
1023
1023
1023
1024
1024
1024
1024
1024
1024
1024
1025
1025
1025
1025
1025
1025
1025
1026
1026
1026
1026
1026
1026
1026
-1
1027
1027
1027
1028
1028
1028
1028
-1
1029
1029
1029
1030
1030
1030
1030
1031
1031
1031
1031
1031
1031
1032
1032
1032
1032
1032
-1
1033
1033
1033
1033
1033
1033
1033
-1
1034
1034
1034
-1
1035
1035
1035
1036
1036
1037
1037
1037
1037
1037
1038
1038
1038
1039
1039
1039
1039
1040
1040
1040
1040
-1
1041
1041
1041
-1
1042
1042
1042
1043
1043
1043
1043
1044
1044
1044
1044
-1
1045
1045
1045
-1
1046
1046
1046
-1
1047
1047
1047
1048
1048
1048
1048
-1
-1
1049
1049
1049
1049
1050
1050
1050
1051
1051
1051
1052
1052
1052
1052
-1
1053
1053
1053
1054
1054
1054
1054
1054
1054
1055
1055
1055
-1
1056
1056
1056
1057
1057
1057
-1
1058
1058
1058
1058
1058
1058
1058
-1
1059
1059
1060
1060
1061
1061
1061
1061
1062
1062
1062
1063
1063
1063
1063
1063
1063
1063
1064
1064
1064
1065
1065
1065
1066
1066
1066
1066
1067
1067
1067
1067
1067
1067
1067
1068
1068
1068
1068
1068
1069
1069
1069
1070
1070
1070
1070
1070
1070
1070
1071
1071
1071
1071
1071
1071
1071
1072
1072
1072
1072
1073
1073
1073
1073
1074
1074
1074
1075
1075
1075
1076
1076
1076
1076
1077
1077
1077
1077
1078
1078
1078
1078
1079
1079
1079
1080
1080
1080
1081
1081
1081
1081
1082
1082
1082
1082
1082
1082
1083
1083
1083
1083
1083
1084
1084
1084
1084
1085
1085
1085
1086
1086
1086
1086
1086
1086
1086
1087
1087
1087
1087
1087
1087
1087
1088
1088
1088
1088
1088
1088
1088
1089
1089
1089
1089
-1
-1
-1
1090
1090
1090
1090
1090
1090
1090
-1
-1
-1
1091
1091
1092
1092
1092
1092
1092
1092
-1
1093
1093
1093
1094
1094
1094
1094
1094
1094
1094
1095
1095
1095
1095
1095
1095
1095
1095
-1
1096
1096
1096
1096
-1
1097
1097
1098
1098
1098
1098
1098
1098
1099
1099
1099
1099
1099
1099
1099
1099
-1
-1
1100
1100
-1
-1
1101
1101
-1
-1
1102
1102
1103
1103
1103
1103
1103
1103
1103
-1
1104
1104
1104
-1
1105
1105
1105
1106
1106
1106
1106
1106
1106
-1
-1
1107
1107
-1
-1
1108
1108
-1
-1
1109
1109
-1
1110
1110
1111
1112
1112
1112
1112
-1
707
707
707
707
1113
1113
1113
1113
1113
1113
1113
1114
1114
1114
1114
1114
1115
1115
1115
1115
1115
1115
1116
1116
1116
1117
1117
1117
1118
1118
1118
1118
1118
1118
1118
1118
1119
1119
1119
1119
1119
1119
1119
1120
1120
1120
1120
1120
1120
1120
1121
1121
1121
1121
1121
-1
1122
1122
1122
1123
1123
1123
1123
1124
1124
1124
1124
1125
1125
1125
1125
1125
1125
1125
1126
1126
1126
1126
-1
1127
1128
1128
1128
1128
1129
1129
1129
1129
1130
1130
1130
1130
1130
1130
1131
1131
1131
1131
1131
1131
1131
1131
1132
1132
1132
1132
1132
1132
1132
1133
1133
1133
1133
1133
1133
1133
1134
1134
1134
1134
1134
1134
1134
1135
1135
1135
1135
1135
1135
1135
1136
1136
1136
1136
1136
1136
1136
1136
1137
1137
1137
1137
1137
1137
1137
1138
1138
1138
1138
1139
1139
1139
1139
1140
1140
1140
1140
1141
1141
1141
1141
1142
1142
1142
1142
1143
1143
1143
1143
1144
1144
1144
1144
1144
1144
1144
1145
1145
1145
1145
1145
1146
1146
1146
1146
1147
1147
1147
1148
1148
1149
1149
1149
1149
1149
1149
1149
1150
1150
1150
1150
1151
1151
1151
1151
1151
1152
1152
1152
1153
1153
1153
1153
1153
-1
1154
1154
1154
-1
1155
1155
1155
1156
1156
1156
1156
1156
1156
1156
1156
-1
1157
1157
1157
1158
1158
1158
1158
1158
1158
-1
1159
1159
1159
1160
1160
1160
1160
1160
185
185
185
1161
1161
1161
1161
1161
1161
1161
1162
1162
1162
1162
1162
1162
1162
1163
1163
1163
1163
-1
1164
1164
1164
-1
1165
1165
1165
-1
1166
1166
1166
1167
1168
1168
1168
1169
1169
1169
1169
1169
1169
1169
1169
1170
1170
1170
1170
1170
1170
1171
1172
1172
1172
1172
1172
1172
1172
1172
1173
1173
1173
1173
1173
1173
1173
-1
1174
1174
1174
1175
1175
1175
1176
1176
1176
1177
1177
1177
1177
1178
1178
1178
-1
1179
1179
1179
-1
1180
1180
1180
1181
1181
1181
1181
1181
1181
1182
1182
1182
1182
1182
1182
1182
-1
1183
1183
1183
-1
1184
1184
1184
1185
1185
1185
1185
1185
1185
-1
1186
1186
1186
-1
1187
1187
1187
1188
1188
1188
1188
1188
1188
1188
-1
1189
1189
1189
-1
1190
1190
1190
-1
1191
1191
1191
-1
1192
1192
1192
-1
1193
1193
1193
1194
1194
-1
1195
1195
1195
-1
1196
1196
-1
1197
1197
1197
1198
1198
1198
1198
1198
1198
1198
1199
1199
1199
1199
1199
1199
1199
1200
1200
1200
1200
1200
1200
1200
1201
1201
1201
1201
1201
1201
1201
1202
1202
1202
1202
1202
1202
-1
1203
1203
1203
-1
1204
1204
1204
1205
1205
1205
1205
1206
1206
1206
1206
1206
1206
1206
1207
1207
1207
1207
1207
1207
1207
1208
1208
1208
1208
1208
1208
1208
1209
1209
1209
1209
1209
1209
1209
-1
1210
1210
1210
-1
1211
1211
1211
1211
-1
1212
1212
797
797
797
1213
1213
1213
1213
1213
1213
-1
1214
1214
1214
1215
1215
1215
1215
1215
1215
1215
1216
1216
1216
1216
1216
1216
1216
1217
1217
1217
1217
1217
1217
1217
1218
1218
1218
1218
1218
1218
1218
1219
1219
1219
1219
1219
1220
1220
1220
1221
1221
1222
1222
1222
1222
1223
1223
1223
1223
1224
1224
1224
1224
1225
1225
1225
1225
1225
1226
1226
1226
1226
1227
1227
1227
1227
1227
1227
1227
1228
1228
1228
1228
1228
1228
1228
1229
1229
1229
1229
1230
1230
1230
1230
1231
1231
1231
1232
1232
1232
1232
1233
1233
1233
1233
1234
1234
1234
1234
1235
1235
1235
1235
1236
1236
1236
1236
1236
1236
1237
1237
1237
1237
1237
1238
1238
1238
1238
1239
1239
1239
1239
1239
1239
1240
1240
1240
1240
1241
1241
1241
1241
1242
1242
1242
1242
1242
1242
1243
1243
1243
1243
1244
1244
1244
1244
1245
1245
1245
1245
1246
1246
1246
1246
1246
1246
1246
1247
1247
1247
1247
1247
1247
1247
-1
1248
1248
1248
-1
-1
1249
1249
1250
1250
1250
1250
1250
1251
1251
1251
1251
1251
1251
1251
1252
1252
1252
1252
1252
1253
1254
1254
1254
-1
1255
1255
1255
-1
234
1256
1256
1256
1256
1256
1256
-1
1257
1257
1257
1258
1258
1258
-1
1259
1259
1259
-1
1260
1260
1260
-1
1261
1261
1261
-1
-1
-1
1262
1262
1262
1262
1262
1262
1263
1263
1263
1263
1263
1263
1263
1264
1264
1264
1265
1265
1265
1265
-1
-1
1266
1266
1266
-1
-1
-1
1267
1267
-1
-1
1268
1268
-1
-1
1269
1269
-1
-1
1270
1270
1270
1270
1270
1271
1271
1271
1271
1271
1271
1271
1272
1272
1272
1272
1272
1272
1272
1273
1273
1273
1273
1273
1273
1273
-1
-1
1274
1274
-1
1275
1275
1275
1276
1276
1276
1276
1277
1277
1277
-1
-1
1278
1278
-1
-1
1279
1279
-1
-1
1280
1280
-1
1281
1281
1281
1282
1282
1282
1282
1282
1282
1282
-1
-1
1283
1283
1284
1284
1284
1284
1284
1284
1284
1285
1285
1285
1285
1285
1285
1285
-1
1286
1286
-1
1287
1287
1287
-1
-1
1288
1288
1289
1289
1289
1289
1289
1289
1289
1290
1290
1290
1290
1290
1290
1291
1291
1291
1291
1291
-1
145
1292
1292
1293
1294
1294
1294
-1
-1
1295
1295
-1
1296
1296
1296
1296
1297
1297
1297
1297
1298
1298
1298
1298
1299
1299
1300
1300
1300
1300
1300
1300
1300
1301
1301
1301
1301
1301
1301
-1
194
194
194
-1
-1
1302
1302
-1
1303
1303
1303
-1
-1
-1
-1
1304
1304
-1
-1
1305
1305
1306
1306
1306
1306
1306
1307
1307
1307
1307
1307
1307
1307
1308
1308
1308
1308
1308
1308
1308
1309
1309
1309
1309
1309
1310
1310
1310
1310
1310
1310
1310
1311
1311
1311
1311
-1
1312
1312
1312
-1
-1
1313
1313
1314
1314
1314
1314
1314
-1
1315
1315
1315
1316
1316
1317
1317
1318
1318
1318
1318
1319
1319
1319
1319
1320
1320
1320
1320
1321
1321
1321
1321
1322
1322
1322
1322
1323
1323
1323
1323
1324
1324
1324
1324
1325
1325
1325
1325
1326
1326
1326
1327
1327
1327
1327
1327
1327
1327
1327
1328
1328
1328
-1
1329
1329
1329
-1
1330
1330
1330
1331
1331
1331
1331
1331
1331
-1
1332
1332
1332
1332
1332
1332
1333
1333
1333
1333
1334
1334
1334
1335
1335
1335
1335
1335
1335
1336
1336
1336
1336
1336
1336
1337
1337
1337
1337
1338
1338
1338
1338
1339
1339
1339
1339
1340
1340
1340
1341
1341
1341
1341
1341
1341
1341
1342
1342
1342
1342
1342
1342
1342
1343
1343
1343
1343
1343
1343
1343
1344
1344
1344
1344
-1
-1
1345
1345
-1
763
763
763
-1
1346
1346
411
-1
1347
1347
1347
1348
1348
1348
1348
1349
1349
1349
1349
1349
1349
1349
1350
1350
1350
1350
1351
1351
1351
1351
1352
1352
1352
1352
1353
1353
1353
1353
1353
1353
1353
1354
1354
1354
1354
1355
1355
1355
1355
1356
1356
1356
1356
1356
1357
1357
1357
1357
1357
1357
1357
1357
1358
1358
1358
1358
1358
1358
1358
1359
1359
1359
1359
1359
1360
1360
1360
1360
1360
1361
1361
1361
1361
1361
1361
1361
1362
1362
1362
1362
1362
1362
1362
1363
1363
1363
1363
1363
1363
1363
-1
1364
824
824
1365
1365
1365
1365
1366
1366
1366
1366
1367
1367
-1
1368
1368
1368
1368
1368
1369
1369
1369
1369
1369
1369
1369
1370
1370
1370
1370
1370
1370
1370
1371
1371
1371
1371
1371
-1
1372
1372
1372
-1
1373
1373
1373
-1
497
497
497
1374
1374
1374
1374
1374
1375
1375
1375
1375
-1
1376
1376
1376
1377
1377
1377
1377
1378
1378
1379
1379
1379
1379
1379
1379
1379
1380
1380
1380
1380
1381
1381
1381
1381
1382
1382
1382
1382
1383
1383
1383
1383
1384
1384
1384
1384
1384
-1
-1
1385
1385
1385
1386
1386
1386
1386
1386
1386
-1
1387
1387
1387
-1
1388
1388
1388
-1
1389
1389
1389
-1
1390
1155
1155
1391
1391
1391
1391
1391
1391
1391
1392
1392
1393
1393
1393
1394
-1
1395
1395
1395
1396
1397
1397
1397
1398
1398
1398
1398
1398
1398
1398
1398
-1
1399
1399
1399
1399
1399
-1
1400
1155
1155
-1
1401
1401
1401
1402
1402
1402
1402
1403
1403
1403
1403
1403
1403
-1
1404
1404
1404
1405
1405
1405
1405
1405
1405
1405
1406
1406
1406
1406
1406
1406
1406
1407
1407
1407
1407
1408
1408
1408
1408
-1
1409
1409
1409
1410
1410
1410
1410
1411
1411
-1
-1
1412
1412
1413
1413
1413
1413
-1
-1
-1
1414
1414
1414
1414
1414
1414
1415
1415
1415
1415
1415
1415
1415
1416
1416
1416
1416
1417
1417
1418
1418
1418
1418
-1
1419
1419
1419
1420
1420
1420
1420
1420
-1
-1
1421
-1
1422
1422
1422
1423
1423
1423
1423
-1
1424
1424
1424
1425
1425
1425
1426
1426
1426
1426
1427
1427
1427
1427
1428
1428
1428
1428
1429
1429
1429
1429
-1
-1
1430
1430
1430
-1
1431
1431
1431
1432
1432
1432
1432
1433
1433
1433
1433
1434
1434
1434
1434
1435
1435
1435
1435
1436
1436
1436
1436
1437
1437
1437
1437
1438
1438
1438
1438
1439
1439
1439
1439
1439
1439
1439
-1
1440
1440
1440
-1
1441
1441
1441
1442
1442
1443
1443
1443
1443
1443
1444
1444
1444
1444
1445
1445
1445
-1
1446
1446
1446
-1
1447
1447
1447
-1
1448
1448
1448
1449
1449
1449
1449
1449
1449
1449
-1
1450
1450
1450
1451
1452
1452
1452
1453
1453
1453
1453
1453
1453
1453
1454
1454
1454
1454
1454
1454
1454
1455
1455
1455
1455
1455
1455
1455
-1
1456
1456
1456
-1
1457
1457
1457
1458
1458
1458
1458
1458
1458
1458
-1
1459
1459
1459
1460
1460
1460
1460
1461
1461
1461
1461
-1
1462
1462
-1
1463
1463
1463
-1
-1
-1
-1
-1
-1
-1
1464
1464
1464
1464
-1
-1
1465
1465
-1
1466
1466
1466
-1
-1
1467
1467
1468
1468
1468
1468
1468
1468
1468
1469
1469
1469
1469
-1
1470
1470
1470
-1
1471
1471
1471
-1
-1
1472
1472
-1
1473
1473
-1
1474
1474
1474
1475
1475
1475
1475
1475
-1
1476
1476
-1
-1
1477
1477
-1
-1
1478
1478
1479
1479
1479
1479
1480
1480
1480
1480
1480
1480
1480
1480
-1
1481
198
198
198
198
198
198
1482
1482
1482
1482
1482
1482
1482
1482
1483
1483
1483
1483
1484
1484
1484
1484
1484
1485
1485
1485
1485
1485
1485
1485
729
1486
1486
1487
1487
1487
1487
1487
1487
1487
1488
1488
1488
1489
1489
1489
1490
1490
1490
-1
1491
1491
1491
-1
1492
1492
1492
1493
1493
1493
1493
1494
1494
1494
1495
1495
1495
1495
1496
1496
1496
1496
-1
1497
1497
1497
1498
1498
1498
1498
1499
1499
1499
1500
1500
1500
1500
1500
1500
-1
1501
1501
1501
1501
1501
1501
1501
1502
1502
1502
1502
1503
1503
1503
1503
1503
1503
1503
1504
1504
1504
1504
1504
-1
1505
1505
1505
1506
1506
1506
1506
1507
1507
1507
1507
1508
1508
1508
1508
1508
1508
1508
1509
1509
1509
1509
1509
1509
1509
-1
1510
1510
1510
1511
1511
1511
1511
1511
1511
1511
1512
1512
-1
1513
1513
1513
1513
1513
1513
1513
1514
1514
1514
1514
1515
1515
1515
-1
1516
1516
1516
1517
1517
1517
1517
-1
1518
1518
1518
1519
1519
1519
1519
1519
1519
1519
1520
1520
1521
1521
1521
1521
1521
1521
1521
1522
1522
1522
1522
1522
1522
1523
1523
1523
1523
1523
1523
1523
1524
1524
1524
1524
1524
1524
1524
1525
1525
1525
1525
1526
1526
1526
1526
1526
1526
1526
1526
1527
1527
1527
1527
1527
1527
1527
-1
1528
1528
1528
-1
853
1529
1530
1530
1530
1531
1531
1531
1531
-1
1532
1532
1532
1533
1533
1533
-1
1534
1534
-1
1535
1535
1535
1536
1536
1536
1536
1536
1536
1537
1171
1171
1171
1538
1538
1538
1538
1538
-1
1539
1539
1539
-1
1540
1540
1540
-1
1541
1541
1541
1542
1111
701
701
701
1543
1543
1543
1543
1543
-1
1544
1544
1544
-1
1545
1545
1545
-1
1546
1546
1546
-1
1547
1547
1547
-1
1548
1548
-1
1549
1549
1549
-1
1550
1550
1550
-1
1551
1551
1551
-1
1552
1552
1552
-1
1553
1553
1553
1554
1554
1554
1554
1554
1554
-1
1555
1555
1555
1556
1556
1556
1556
1556
-1
-1
1557
1557
1557
1558
1558
1558
1558
1558
1558
-1
1559
1559
1559
-1
1560
1560
1560
-1
1561
1561
1561
-1
1562
1562
1562
1563
1563
1563
1563
1564
1564
1564
1565
1565
1565
-1
1566
1566
1566
1567
1567
1567
1568
1568
1568
1568
1569
1569
1569
1569
1570
1570
1570
1570
1570
1570
1570
1571
1571
1571
1571
1572
1572
1572
1572
-1
-1
1573
1573
-1
-1
1574
1574
1575
1575
1575
1575
1575
-1
1576
1576
1576
1576
-1
-1
1577
1577
1578
1578
1579
1579
1579
1579
1579
1580
1580
1580
1580
1580
1580
-1
1581
373
373
1582
1582
1582
1582
1582
1582
1583
1583
1583
1583
1583
1583
1584
1584
1584
1584
1585
1585
1585
1585
1585
1586
1586
1586
1586
1587
1587
1587
933
1588
1588
-1
1589
1589
1589
-1
1590
1590
1590
-1
1591
1591
1591
1592
1592
1592
1592
1593
1593
1593
722
1594
1594
1595
1595
1595
1595
1595
1596
1596
1596
1596
1596
1596
1596
1597
1597
1597
1597
1597
1597
1597
-1
1598
1598
1599
1599
1599
1600
1600
1600
1600
1601
1601
1601
1601
-1
1602
1602
1602
1603
1603
1603
1603
1603
1603
1603
1604
1604
1604
1604
1604
1604
1604
1604
1605
1605
1605
1605
1605
1606
1606
1606
1606
1606
1606
1606
1607
1607
1607
1607
1607
1607
1608
1608
1608
1608
1609
1609
1609
1609
1610
1610
1610
1610
1610
1610
1610
1611
1611
1611
1612
1612
1612
1612
1612
1613
1613
1613
1613
1614
1614
1614
1614
-1
1615
1615
1615
-1
1616
1616
1616
-1
1617
1617
1617
-1
1618
1618
1618
1619
1619
1619
1619
1619
1619
1620
1620
1620
1620
1620
1621
1621
1621
1621
1621
1621
1622
1622
1622
1622
1623
1623
1623
1623
1624
1624
1624
1624
1624
1625
1625
1625
1625
1625
1625
1625
1626
1626
1626
1626
1626
1626
1626
-1
1627
1627
1127
1127
-1
1628
1628
1628
1628
