0
0
-1
-1
-1
-1
-1
1
1
1
1
2
2
2
3
3
3
3
3
3
3
4
4
4
5
5
5
5
6
6
6
6
7
7
7
7
8
8
8
8
-1
9
9
10
10
10
10
11
11
11
11
-1
12
12
12
13
13
13
13
13
13
13
14
14
14
15
15
15
16
16
16
17
17
17
18
18
18
18
19
19
19
19
20
20
20
20
21
21
22
22
22
22
22
22
23
23
23
23
23
23
23
24
24
24
24
24
24
24
25
25
25
25
25
25
25
26
26
26
26
26
26
26
27
27
27
27
-1
28
28
28
29
29
29
29
30
30
30
30
31
31
31
31
-1
-1
-1
32
32
32
32
33
33
33
33
33
33
33
34
34
34
34
34
34
34
34
35
35
35
35
35
35
35
35
36
36
37
37
37
-1
-1
-1
-1
-1
38
39
38
38
40
40
40
40
41
41
41
41
42
42
42
42
43
43
43
43
44
44
44
44
45
45
46
46
46
47
47
47
47
48
48
48
48
48
48
48
49
49
49
49
-1
38
38
38
-1
50
50
50
51
52
52
52
53
54
-1
-1
-1
55
55
-1
56
56
56
57
57
57
-1
58
58
58
-1
59
59
59
-1
-1
60
60
60
60
60
-1
61
61
61
-1
62
62
62
62
62
63
63
63
63
63
63
63
-1
-1
-1
-1
64
64
65
65
65
65
65
65
-1
66
66
66
66
66
66
66
67
67
67
67
67
67
67
-1
68
68
68
-1
69
69
69
70
70
70
70
70
70
71
71
71
71
71
71
-1
72
72
-1
73
73
73
74
74
74
74
-1
75
75
75
75
75
-1
-1
76
76
77
77
77
78
78
78
79
79
79
79
79
-1
80
80
-1
81
81
-1
82
82
83
83
83
84
84
85
85
86
86
86
87
87
87
87
88
88
88
88
-1
89
89
89
89
89
89
89
90
90
90
90
90
90
90
91
91
91
91
92
92
92
92
-1
93
93
93
94
94
94
94
94
95
95
95
95
95
95
95
96
96
96
96
96
96
96
97
97
97
98
98
98
99
99
99
99
99
99
99
100
100
100
100
100
100
101
101
101
101
-1
102
102
102
102
103
103
-1
-1
-1
104
104
104
104
104
105
105
105
105
106
106
106
106
106
107
107
107
107
107
107
107
108
108
108
109
109
109
109
110
110
110
110
110
110
110
111
111
111
111
111
111
111
112
112
112
112
113
113
113
113
114
114
114
114
115
115
115
115
116
116
116
116
117
117
117
117
118
118
118
118
119
119
119
119
119
119
119
120
120
120
120
120
120
121
121
121
121
122
122
122
122
122
122
122
123
123
123
123
124
124
124
124
125
125
125
125
125
125
125
126
126
126
126
127
127
127
127
128
128
128
128
129
129
129
129
129
129
129
129
-1
130
130
130
130
131
131
131
131
132
132
132
132
133
133
133
133
134
134
134
134
135
135
135
135
136
136
136
137
137
137
137
138
138
138
138
139
139
139
139
139
139
140
140
140
141
141
141
-1
142
142
142
142
143
143
143
143
144
144
144
144
144
145
145
145
145
145
145
146
146
146
146
146
147
147
147
147
147
147
-1
148
148
148
149
149
149
149
149
149
150
150
150
150
150
150
151
151
151
151
151
-1
152
152
152
-1
153
153
153
153
153
-1
-1
154
154
155
155
155
155
155
156
156
156
156
156
156
156
-1
-1
157
157
-1
158
159
159
-1
160
160
160
-1
161
161
161
-1
162
162
162
-1
-1
163
163
-1
164
164
-1
480
-1
-1
165
165
165
165
165
165
166
166
166
166
-1
167
167
167
168
168
168
168
169
169
169
169
169
169
170
170
170
170
171
171
172
172
172
172
172
172
173
173
173
173
173
173
-1
174
174
175
175
175
175
-1
176
176
176
177
177
177
177
178
178
178
178
179
179
179
179
-1
180
180
180
181
181
182
182
182
183
183
184
184
184
184
184
184
184
-1
185
185
185
186
186
186
186
187
187
187
187
187
-1
188
188
188
-1
189
189
189
-1
190
190
190
191
191
191
191
192
192
192
192
192
192
193
193
193
193
194
194
195
195
195
195
195
195
195
-1
196
196
196
197
197
197
197
197
197
197
197
198
198
198
198
198
198
198
198
-1
199
199
199
-1
200
200
200
201
201
201
201
202
202
202
202
202
202
203
203
203
203
203
203
203
204
204
204
204
204
205
205
205
205
206
206
206
206
207
207
207
207
207
207
207
208
208
209
209
209
209
210
210
210
210
211
211
211
211
212
212
212
212
212
212
212
213
213
213
213
214
214
214
214
214
214
214
214
215
215
215
215
215
215
215
215
216
216
216
216
216
216
216
217
217
217
217
217
217
217
-1
218
218
218
218
218
-1
219
219
219
-1
220
220
220
-1
221
221
221
-1
222
222
222
223
223
223
223
224
224
-1
225
225
225
226
226
226
226
226
226
-1
227
227
227
-1
228
228
228
-1
229
229
229
-1
230
230
230
-1
231
231
231
-1
232
232
232
-1
233
233
233
-1
234
234
234
-1
235
235
235
236
236
236
236
236
236
236
237
237
237
237
238
238
238
238
239
239
164
240
240
240
-1
241
241
241
-1
242
242
242
243
243
243
243
243
244
244
244
244
245
245
245
245
246
246
246
247
247
247
247
247
-1
248
248
248
-1
249
249
249
250
250
250
250
250
250
250
250
-1
251
251
251
252
252
252
252
252
252
-1
253
253
253
-1
-1
254
254
-1
255
255
256
256
256
256
256
-1
257
257
257
-1
258
258
258
-1
259
259
-1
-1
260
260
-1
-1
261
261
262
262
-1
263
263
263
264
264
264
264
264
264
265
265
265
265
265
265
265
-1
-1
-1
266
266
266
266
267
267
267
268
268
268
268
-1
269
269
269
-1
270
270
270
271
271
271
271
-1
272
272
272
272
272
272
272
273
273
274
274
274
274
275
275
275
275
275
275
275
276
276
276
276
276
276
277
277
277
277
277
277
-1
278
278
278
278
278
278
278
279
279
279
279
279
279
280
280
280
281
281
281
281
281
281
282
282
282
282
283
283
283
283
284
284
284
284
284
284
284
285
285
285
285
285
-1
-1
286
286
286
286
286
287
287
287
-1
-1
288
288
289
289
289
289
289
289
289
-1
47
47
47
-1
290
290
290
291
291
291
291
291
291
-1
292
292
292
293
293
293
293
293
294
294
294
294
294
294
295
295
295
295
295
-1
296
296
297
297
297
297
298
298
298
298
298
298
298
-1
-1
299
299
300
300
300
300
300
301
301
301
301
301
301
-1
302
302
302
303
303
303
303
303
303
303
304
304
304
304
304
304
304
-1
305
305
305
306
306
306
306
306
306
307
307
307
307
-1
308
308
308
309
309
309
309
309
310
310
310
310
311
311
311
311
311
311
311
-1
312
312
312
-1
313
313
313
314
314
314
314
315
315
315
315
315
315
315
316
316
316
316
316
317
317
317
-1
318
318
318
319
319
319
319
320
320
320
320
320
320
320
321
321
321
-1
322
322
323
323
323
323
324
324
324
325
325
325
325
325
325
326
326
326
326
326
326
327
327
327
327
327
327
327
328
328
328
-1
329
329
329
-1
330
330
330
331
331
331
332
332
332
332
333
333
333
333
333
333
333
334
334
334
334
334
334
334
335
335
335
335
335
335
335
336
336
336
336
337
337
337
337
338
338
338
338
338
-1
339
339
339
-1
340
340
340
-1
341
341
341
-1
342
342
342
-1
343
343
343
-1
344
344
344
-1
345
345
345
346
346
346
346
346
347
347
347
347
-1
348
348
348
-1
349
349
349
-1
350
350
350
351
351
351
351
352
352
352
352
353
353
353
354
354
354
354
354
354
354
-1
355
355
355
356
356
356
356
357
357
357
357
358
358
358
359
359
359
359
359
359
-1
360
360
360
-1
361
361
361
362
362
362
362
362
362
362
363
363
363
363
363
363
363
364
364
365
365
365
365
365
365
-1
366
366
366
367
367
368
368
368
368
369
369
369
369
-1
370
370
370
-1
371
371
371
372
372
373
373
373
373
-1
374
374
374
-1
375
375
375
375
-1
376
376
376
-1
377
377
377
-1
378
378
378
-1
379
379
379
380
380
380
380
-1
381
381
381
382
382
382
382
382
382
382
382
383
383
383
384
384
384
385
385
385
386
386
386
386
386
386
386
387
387
387
387
387
387
387
388
388
388
388
389
389
389
389
389
389
390
390
390
-1
391
391
391
392
392
392
392
392
392
392
393
393
393
393
393
393
394
394
394
394
394
394
394
395
395
396
396
396
396
396
396
397
397
398
398
398
398
398
-1
399
399
399
400
400
400
401
401
401
401
401
401
401
-1
402
402
402
-1
403
403
403
404
404
404
404
405
405
406
406
406
-1
407
407
407
-1
408
408
408
409
409
409
409
410
410
410
410
410
411
411
411
411
411
412
412
412
413
413
413
413
414
414
415
415
415
415
415
415
416
416
416
-1
417
417
417
418
418
418
-1
419
419
419
420
420
420
420
-1
-1
-1
-1
421
421
421
-1
422
422
422
-1
423
423
423
424
424
424
424
425
425
425
426
426
426
426
426
426
426
427
427
427
427
427
-1
-1
428
428
428
429
429
429
430
430
430
431
431
431
-1
432
432
432
433
433
433
433
434
434
434
434
434
434
434
-1
435
435
435
435
436
436
436
436
437
437
437
437
437
437
438
438
438
438
438
438
438
439
439
440
440
440
440
441
441
441
441
441
441
441
442
442
442
442
442
442
-1
443
443
443
-1
444
444
444
-1
445
445
445
445
-1
-1
-1
446
446
-1
-1
-1
-1
447
447
448
448
448
448
448
448
449
449
449
449
449
449
450
450
450
450
451
451
451
451
452
452
452
452
453
453
453
453
454
454
454
454
455
455
455
455
456
456
456
456
456
456
456
457
457
457
457
457
457
458
458
458
458
459
459
459
459
460
460
460
460
461
461
461
461
462
462
462
462
462
462
462
463
463
463
464
464
464
464
464
279
465
465
465
466
466
466
466
467
467
467
467
468
468
468
468
-1
469
469
469
-1
470
470
470
-1
-1
-1
-1
471
471
-1
472
472
472
472
472
472
473
473
473
473
474
474
474
474
474
475
475
475
475
476
476
476
476
476
476
-1
477
477
477
478
478
478
478
479
479
479
479
479
479
479
480
480
480
480
481
481
481
481
482
482
482
482
482
483
483
483
483
483
483
483
484
484
484
484
485
485
486
486
486
486
487
487
487
487
487
487
-1
488
488
488
-1
489
489
489
490
490
490
491
491
491
491
492
492
492
492
492
492
492
493
493
493
493
493
493
493
494
494
494
494
495
495
495
495
495
496
496
496
496
497
497
497
497
497
-1
498
498
498
-1
499
499
499
500
500
501
501
501
501
501
501
501
-1
-1
502
502
-1
503
503
503
-1
-1
504
504
505
505
-1
506
506
506
-1
507
507
507
-1
508
508
508
-1
-1
509
509
-1
-1
-1
510
510
-1
511
511
511
-1
512
512
512
-1
513
513
513
-1
-1
514
514
514
515
515
515
515
515
515
-1
-1
516
516
516
517
517
517
517
518
518
518
518
519
519
519
519
519
519
519
520
520
520
520
521
521
521
521
522
522
522
522
522
522
523
523
523
523
524
524
524
524
524
525
525
525
525
526
526
526
526
526
527
527
527
527
528
528
528
528
528
528
528
-1
529
529
530
530
530
531
531
531
531
531
531
531
532
532
532
532
532
532
532
533
533
533
533
-1
534
534
534
535
535
535
535
536
536
536
536
537
537
537
-1
538
538
538
539
539
539
539
540
540
540
541
541
541
541
542
542
542
542
-1
543
543
543
-1
544
544
544
545
545
545
545
546
546
546
546
546
-1
547
547
547
548
548
548
548
549
549
549
549
549
549
550
550
85
85
551
551
551
551
552
552
552
-1
553
553
553
554
554
554
554
554
554
554
555
555
555
555
555
555
555
556
556
556
556
556
556
556
557
557
557
557
-1
558
558
558
559
559
559
559
560
560
560
560
560
560
560
560
561
561
561
562
562
562
562
563
563
563
563
563
563
564
564
564
564
564
565
565
565
565
565
565
566
566
566
567
567
567
567
568
568
568
568
569
569
569
569
569
569
569
569
570
570
570
570
570
570
571
571
571
571
571
572
572
572
572
573
573
573
573
574
574
574
574
575
575
575
575
576
576
576
576
577
577
577
577
578
578
578
578
579
579
579
579
580
580
580
580
581
581
581
581
582
582
582
582
583
583
583
583
583
583
583
583
584
584
584
584
584
584
585
585
585
585
585
585
585
585
586
586
586
586
586
586
586
587
587
587
587
587
588
588
588
588
588
588
588
-1
589
589
589
589
590
590
590
590
591
591
591
9
592
592
592
592
592
592
592
593
593
593
593
593
593
593
593
594
594
594
594
594
594
594
-1
595
595
596
596
596
-1
597
597
597
598
598
598
599
599
599
599
600
600
600
600
600
600
600
-1
601
601
601
-1
602
602
602
-1
603
603
603
-1
604
604
604
-1
605
605
605
-1
606
606
606
-1
-1
607
607
608
608
608
608
608
608
608
-1
-1
-1
-1
-1
609
609
609
610
610
610
610
610
610
-1
611
611
-1
612
612
612
613
613
613
614
614
614
614
615
615
-1
616
616
617
617
617
617
617
617
617
618
618
618
618
618
618
618
618
619
619
619
619
620
620
620
621
621
621
621
621
621
621
622
622
622
622
622
622
622
623
623
623
623
623
623
623
624
624
624
624
625
625
625
625
625
625
625
626
626
626
626
626
626
626
627
627
627
627
628
628
628
628
629
629
629
629
629
630
630
630
630
631
631
631
631
632
632
632
632
632
632
633
633
633
633
633
633
634
634
634
635
635
635
635
636
636
636
636
637
637
637
637
637
-1
638
638
638
-1
639
639
639
-1
640
640
640
-1
641
641
641
-1
642
642
642
-1
643
643
643
644
644
644
644
644
-1
645
645
645
-1
646
646
646
-1
647
647
647
-1
648
648
648
649
649
650
650
650
650
650
650
650
651
651
651
651
-1
652
652
652
-1
653
653
653
654
654
654
654
654
654
654
655
655
655
655
655
655
656
656
656
656
656
656
657
657
657
657
657
657
657
658
658
658
658
658
658
658
659
659
659
659
659
659
659
660
660
660
-1
661
661
661
661
661
-1
662
662
662
-1
663
663
663
-1
664
664
664
665
665
665
665
665
665
666
666
666
666
666
-1
-1
667
667
-1
668
668
668
-1
669
669
669
-1
670
670
670
671
671
671
671
671
672
672
672
672
672
672
673
673
673
673
673
673
-1
674
674
674
675
675
675
675
676
676
676
676
676
677
677
677
677
677
677
677
-1
678
678
678
-1
679
679
679
680
680
680
680
680
680
680
-1
681
681
681
-1
682
682
682
-1
683
683
684
684
684
684
684
684
684
-1
685
685
685
-1
686
686
686
-1
687
687
687
-1
688
688
689
689
689
689
689
-1
690
690
-1
691
691
691
-1
692
692
692
693
693
693
693
693
693
693
-1
-1
694
694
695
695
695
695
695
695
695
696
696
696
696
696
696
-1
697
697
697
698
698
698
698
698
698
698
699
699
699
699
-1
700
700
-1
-1
701
701
702
702
702
702
702
702
702
703
703
703
703
703
703
703
704
704
704
704
704
704
704
705
705
705
705
705
-1
-1
706
706
-1
707
707
708
708
708
708
708
708
708
-1
709
709
709
710
710
710
710
710
710
-1
711
711
711
-1
712
712
712
713
713
713
713
713
713
-1
714
714
-1
715
715
715
-1
716
716
716
-1
-1
-1
717
717
717
717
717
717
717
-1
718
718
718
-1
719
719
719
-1
720
720
720
721
721
721
721
-1
722
722
722
-1
723
723
723
724
724
724
724
724
725
725
725
725
725
725
725
-1
726
726
726
727
727
727
727
727
727
727
728
728
728
728
728
-1
729
729
729
-1
730
730
730
730
730
730
-1
731
731
731
-1
732
732
732
733
733
733
733
733
-1
734
734
734
-1
735
735
735
-1
736
736
736
736
736
736
736
-1
737
737
738
738
738
738
739
739
739
739
739
739
739
740
740
740
740
740
740
740
740
741
741
741
741
741
741
741
742
742
742
742
742
742
742
743
743
743
743
743
743
743
744
744
745
745
745
745
745
746
746
746
746
746
746
747
747
747
747
748
748
748
749
749
749
749
750
750
750
750
-1
751
751
751
752
752
752
752
753
753
753
753
754
754
754
754
754
754
755
755
755
755
755
755
-1
756
756
756
757
757
757
758
758
759
759
759
760
760
760
760
761
761
761
761
761
-1
-1
762
762
762
-1
763
763
763
-1
764
764
764
765
765
765
765
765
765
765
-1
766
766
766
767
768
768
768
769
769
769
769
770
770
770
770
770
770
-1
771
771
771
772
772
772
772
772
773
773
773
773
773
774
774
774
774
775
775
775
775
775
776
776
776
776
776
777
777
777
777
-1
778
778
778
-1
779
779
779
780
780
780
780
780
-1
-1
781
781
-1
782
782
782
783
783
783
783
-1
784
784
784
785
785
785
785
785
-1
786
786
786
-1
787
787
787
-1
-1
788
788
789
789
789
789
789
790
790
790
791
791
792
792
792
793
793
793
793
793
793
793
793
794
794
794
794
794
794
794
795
795
795
795
795
795
795
-1
796
796
796
796
796
-1
797
797
797
797
-1
798
798
798
799
799
799
799
800
800
800
801
801
801
801
801
802
802
802
802
802
802
802
803
803
803
803
803
804
804
804
804
804
804
804
805
805
805
805
-1
806
806
806
807
807
807
807
807
808
808
808
808
808
808
808
809
809
809
809
809
809
809
810
810
810
810
-1
811
811
811
811
-1
-1
812
812
-1
-1
813
813
-1
814
814
-1
815
815
815
-1
-1
816
816
817
817
817
817
-1
818
818
818
819
819
819
819
819
819
819
820
820
820
820
820
821
821
821
821
821
821
821
822
822
822
822
-1
823
823
823
-1
-1
824
824
825
825
825
825
825
826
826
827
827
827
827
827
828
828
828
829
829
829
830
830
830
830
831
831
831
831
831
831
831
832
832
832
832
832
832
833
833
833
833
834
834
834
834
835
835
835
835
835
835
835
836
836
836
836
836
836
837
837
837
837
838
838
838
838
839
839
839
839
839
839
839
840
840
840
840
841
841
841
841
842
842
842
842
842
842
842
843
843
843
843
844
844
844
844
845
845
845
845
846
846
846
846
847
847
847
847
847
-1
848
848
848
848
849
849
849
849
850
850
850
850
851
851
851
851
852
852
852
852
853
853
853
853
854
854
854
854
855
855
855
855
855
855
855
-1
856
856
856
-1
857
857
857
-1
858
858
858
-1
859
859
859
860
860
860
860
860
860
861
861
861
861
862
862
863
863
863
863
863
863
863
864
864
864
864
865
865
865
866
866
866
866
867
867
867
867
867
867
867
868
868
868
868
868
868
868
869
869
869
869
-1
-1
870
870
-1
-1
871
871
-1
872
872
872
873
873
873
873
873
873
873
-1
874
874
874
875
875
875
876
876
876
876
876
877
877
877
877
878
878
878
878
878
879
879
879
879
880
880
880
880
881
881
881
881
881
881
881
882
882
882
882
882
882
882
883
883
883
883
-1
884
884
884
885
885
885
885
886
886
886
886
887
887
887
888
888
888
888
888
888
888
889
889
889
889
889
890
890
890
890
891
891
891
891
892
892
892
892
892
892
892
893
893
893
893
894
894
894
894
894
894
895
895
895
895
895
895
896
896
896
896
897
897
897
897
898
898
898
898
899
899
899
900
900
900
901
901
901
901
902
902
902
902
902
-1
903
903
903
904
904
904
904
905
905
905
906
906
906
906
907
907
907
907
908
908
908
908
909
909
909
909
910
910
910
910
911
911
911
911
912
912
912
912
912
912
912
912
913
913
913
913
913
913
913
913
914
914
914
914
915
915
915
916
916
916
916
916
916
916
917
917
917
917
917
917
917
918
918
918
918
-1
919
919
919
920
920
920
921
921
921
921
-1
922
922
922
923
923
923
923
924
924
924
925
925
925
925
925
925
-1
-1
-1
926
926
926
926
-1
927
927
927
-1
928
928
928
929
929
929
929
930
930
930
930
930
930
930
931
931
931
932
932
932
933
933
933
933
933
933
-1
934
934
934
935
935
935
935
935
935
935
-1
936
936
936
937
937
937
937
937
-1
938
938
938
938
938
938
-1
939
939
939
939
939
-1
-1
940
940
941
941
941
941
941
941
941
942
942
942
942
942
943
943
943
943
-1
944
944
944
945
945
945
945
945
945
-1
946
946
946
-1
947
947
947
-1
-1
-1
948
948
948
948
-1
949
949
949
-1
950
950
950
-1
951
951
951
-1
952
952
952
953
953
953
953
953
953
953
954
954
954
954
954
954
954
955
955
955
955
956
956
956
956
957
957
957
957
957
-1
958
958
958
958
959
959
959
960
960
960
960
960
960
961
961
961
961
961
961
-1
962
962
962
963
963
963
963
963
963
963
963
-1
964
964
964
965
965
965
965
965
965
965
965
-1
-1
966
966
966
-1
967
967
967
968
968
968
968
-1
969
969
969
970
970
970
970
971
971
971
971
972
972
972
972
972
973
973
973
973
973
973
973
974
974
974
974
974
974
975
975
975
976
976
976
976
976
-1
977
977
977
977
978
978
978
978
979
979
979
980
980
980
980
981
981
981
981
981
982
982
982
982
983
983
983
983
984
984
984
984
984
-1
985
985
985
985
985
985
985
986
986
986
986
987
987
987
987
987
987
987
988
988
988
988
989
989
989
989
990
990
990
990
990
991
991
991
992
992
992
992
993
993
993
993
993
993
993
994
994
994
994
994
994
995
995
995
995
996
996
996
997
997
997
997
997
998
998
998
998
998
998
998
999
999
999
999
999
999
999
1000
1000
1000
1000
1001
1001
1001
1001
1002
1003
1003
1003
1004
1004
1004
1005
1005
1005
1005
1005
1005
-1
-1
-1
-1
-1
-1
-1
-1
1006
1006
1006
-1
1007
1007
1007
1008
1008
1008
1008
1008
1008
1008
1009
1009
1010
1010
1010
1010
-1
1011
1011
1011
1012
1012
1012
1012
1012
1012
1012
1013
1013
1013
1013
1013
1013
1013
1014
1014
1014
1014
1014
1014
1015
1015
1016
1016
1016
1016
1016
1017
1017
1018
1018
1018
1018
1019
1019
1019
1019
1019
1019
1019
1020
1020
1020
1020
1020
1021
1021
1022
1022
1022
1022
1023
1023
1023
1023
1023
1023
1023
1024
1024
1024
-1
1025
1025
1025
-1
1026
628
628
1027
1027
1027
1027
1027
1027
1027
-1
1028
1028
1028
-1
1029
1029
1029
1030
1030
1030
1030
1030
1030
1030
1031
1031
1031
1031
1031
1031
1031
1032
1032
1032
1033
1033
1033
1033
1033
1034
1034
1034
1034
1034
1034
1034
1035
1035
1035
1035
1035
1035
1035
1036
1036
1036
1036
1036
1036
1036
1037
1037
1037
1037
1037
1037
1038
1038
1038
1038
1038
1038
1039
1039
1039
1039
1040
1040
1040
1040
1041
1041
1041
1041
1042
1042
1042
1042
1042
1042
1042
1042
1043
1043
1043
1043
1043
1043
1043
1044
1044
1044
1044
1045
1045
1045
1045
1046
1046
1046
1046
1046
1046
1046
1047
1047
1047
1047
1047
1047
1047
1048
1048
1048
1048
1049
1049
1049
1049
1050
1050
1050
1050
1051
1051
1051
1051
1051
1051
1051
1052
1052
1052
1052
1052
1052
1052
1053
1053
1053
1053
1053
1053
1053
1054
1054
1054
1054
1054
1054
1054
1055
1055
1055
1055
1056
1056
1056
1056
1057
1057
1057
1058
1058
1059
1059
1059
1059
1060
1060
1060
1060
1060
1060
1060
-1
1061
1061
1061
-1
1062
1062
1062
1062
1063
1063
1063
1063
1064
1064
1064
1064
1064
1064
1065
1065
1065
1065
1065
1065
1065
1066
1066
1066
1066
1066
1066
1066
1067
1067
1067
1067
1067
1068
1068
1068
1068
1068
1068
1068
1069
1069
1069
1069
1069
1070
1070
1070
-1
-1
1071
1071
1072
1072
1072
1072
1072
-1
1073
1073
1073
-1
-1
1074
1074
-1
1075
1075
1075
1076
1076
1077
1077
1077
1077
1077
1077
1077
1078
1078
1078
1078
1078
1078
-1
1079
158
158
1080
1080
1080
1080
1080
1080
-1
1081
1081
1081
-1
1082
1082
1082
-1
1083
1083
1083
-1
1084
1084
1084
1085
1085
1085
1085
1085
1085
1085
-1
1086
1086
1086
1087
1087
1087
1087
1087
1087
1087
1088
1088
1088
1089
1089
1089
1090
1090
1090
1090
1091
1091
1091
1091
1091
1091
1092
1092
1092
1092
1092
1093
1093
1093
1093
1094
1094
1094
1094
1095
1095
1095
1096
1096
1096
1096
1096
1096
1096
1097
1097
1097
1097
1097
1097
1097
1097
1098
1098
1098
1098
1098
1098
1098
1099
1099
1100
1100
1100
1101
1101
1101
1101
1101
1101
1101
1102
1102
1102
1102
1102
1102
1102
-1
1103
1103
1103
1104
1104
1104
1104
1104
1104
1105
1105
1105
1105
1105
1105
1105
-1
1106
1106
859
1107
1107
1107
1107
1108
1108
1108
1109
1109
1109
1109
1110
1110
1110
1110
1111
1111
1111
1111
1112
1112
1112
1112
1113
1113
1113
1113
1113
1114
1114
1114
1114
1115
1115
1116
1116
1117
1117
1117
1117
1117
1117
1117
1118
1118
1118
1118
1118
1118
1118
1119
1119
1119
1120
1120
1120
1121
1121
1121
1121
1121
1121
1121
-1
1122
1122
1122
-1
1123
1123
1123
