-1
0
0
0
-1
1
1
1
-1
2
2
2
3
3
3
3
4
4
4
4
5
5
5
5
-1
6
6
6
-1
7
7
7
-1
8
8
8
9
9
9
9
-1
10
10
10
11
11
11
11
12
12
12
12
13
13
13
13
14
14
14
14
-1
15
15
15
-1
16
16
16
-1
17
17
17
-1
18
18
18
19
19
19
19
20
20
11
11
21
21
21
21
22
22
22
22
23
23
23
23
24
24
24
24
25
25
25
25
26
26
26
26
27
27
27
27
28
28
28
28
29
29
29
29
30
22
22
22
31
31
-1
32
32
32
33
33
33
33
34
34
34
34
-1
35
35
35
36
36
36
36
37
37
38
38
39
39
39
39
40
40
40
40
41
41
41
41
42
42
42
42
42
42
43
43
43
43
44
44
44
44
45
45
45
45
45
45
45
46
46
46
46
46
46
47
47
47
47
47
47
47
-1
48
48
48
-1
-1
49
49
-1
50
50
50
-1
51
51
51
52
52
52
52
52
-1
53
53
53
-1
54
54
54
55
55
55
55
55
55
56
56
56
56
56
-1
57
57
57
58
58
58
58
58
59
59
59
59
-1
60
60
61
61
61
61
61
61
61
62
62
62
62
62
63
63
63
63
63
63
64
64
64
64
65
65
65
65
65
65
65
66
66
66
66
67
67
67
67
-1
68
68
68
69
69
69
69
69
69
69
-1
70
70
70
-1
71
71
71
72
72
72
72
73
73
73
73
73
73
-1
74
74
74
-1
75
75
75
-1
76
76
76
77
77
77
77
78
78
78
78
78
79
79
79
79
79
-1
80
80
80
80
81
81
81
81
-1
-1
82
82
-1
83
83
83
-1
84
84
84
-1
85
85
85
86
86
86
86
86
86
86
87
87
87
87
88
88
88
88
88
88
88
89
89
89
89
90
90
90
90
91
91
91
91
91
91
91
92
92
92
92
92
93
93
93
93
93
93
93
94
94
94
-1
95
95
95
-1
-1
-1
-1
-1
-1
-1
-1
-1
-1
-1
-1
-1
-1
-1
96
96
96
96
96
96
96
97
97
97
97
97
97
98
98
-1
-1
99
99
99
100
100
100
-1
101
101
101
102
102
102
102
102
102
102
-1
103
103
103
-1
104
104
104
-1
105
105
105
106
106
106
107
107
108
108
108
108
109
109
109
110
110
110
110
-1
111
111
112
112
112
112
112
113
113
113
114
114
114
114
115
115
115
115
116
116
116
116
116
116
116
117
117
117
117
118
118
-1
119
119
119
-1
-1
120
120
120
120
120
120
121
121
121
121
122
122
123
123
123
123
123
123
124
124
124
125
125
125
125
126
126
126
126
126
126
127
127
127
127
127
127
127
128
128
128
128
128
128
128
129
129
129
129
129
129
129
130
130
130
130
130
131
131
131
131
-1
132
132
132
-1
133
133
133
134
134
134
134
134
135
135
135
135
135
135
135
136
136
136
136
137
137
137
137
138
138
138
138
139
139
139
139
140
140
-1
141
141
141
141
142
142
142
142
143
143
143
143
144
144
144
144
145
145
145
145
146
146
146
146
146
146
146
146
147
147
147
147
148
148
149
149
149
149
150
150
150
150
151
151
151
151
152
152
152
152
153
153
153
153
154
154
154
154
155
155
155
155
155
155
155
156
156
156
156
-1
157
157
157
158
158
158
158
158
158
158
158
-1
159
159
-1
160
160
160
-1
161
161
161
162
162
162
162
162
162
162
163
163
163
163
163
163
163
-1
-1
164
164
-1
165
165
165
-1
166
166
166
-1
167
167
167
168
168
168
168
168
168
168
169
169
169
169
169
170
170
170
170
170
170
171
171
171
171
-1
172
172
172
173
173
173
173
173
173
173
-1
174
174
174
-1
175
175
175
176
176
176
176
176
176
-1
177
177
177
178
178
178
178
179
179
179
180
180
180
180
-1
181
181
181
181
182
182
182
182
183
183
183
183
-1
184
184
184
184
184
184
184
-1
-1
185
185
-1
186
186
186
-1
187
187
187
188
188
188
188
188
188
-1
189
189
189
190
190
190
190
190
190
190
191
191
191
191
-1
-1
192
83
193
193
193
-1
194
194
194
-1
-1
195
195
195
196
196
196
-1
197
197
197
197
197
197
197
-1
198
198
198
-1
-1
199
199
199
199
199
199
200
200
200
200
-1
201
201
201
-1
202
202
202
202
202
202
203
203
203
203
204
204
204
204
204
-1
-1
205
205
205
205
205
206
206
206
206
206
206
206
207
207
207
207
208
208
208
208
208
209
209
209
209
209
209
210
210
210
210
210
210
210
211
211
211
211
211
211
211
212
212
212
212
213
213
213
213
213
213
213
214
214
214
215
215
215
-1
216
216
216
216
217
217
217
217
217
217
217
218
218
218
218
218
218
218
219
219
219
219
220
220
220
220
-1
221
221
221
-1
222
222
222
223
223
223
223
-1
224
224
224
-1
225
225
225
226
226
226
226
226
226
226
227
227
227
227
228
228
228
228
228
228
229
229
229
229
-1
230
230
230
231
231
231
-1
232
232
232
-1
233
233
233
-1
234
234
234
-1
235
235
235
236
236
236
236
236
237
237
237
237
237
237
-1
238
238
238
-1
239
239
239
-1
240
240
240
241
241
241
241
241
241
241
