0
0
0
0
0
0
1
1
1
1
1
1
1
2
2
2
2
2
3
3
3
3
3
3
3
3
-1
4
4
4
-1
5
5
5
-1
6
6
6
7
7
7
7
7
7
7
8
8
8
8
8
8
8
9
9
9
9
9
9
-1
10
10
10
10
10
10
11
11
11
11
11
11
11
-1
12
12
12
-1
13
13
13
-1
14
14
14
15
15
15
15
15
15
15
16
16
16
16
16
16
17
17
18
18
18
18
18
18
18
19
19
19
19
-1
20
20
20
-1
21
21
21
22
22
22
22
22
22
22
23
23
23
23
23
23
-1
24
24
24
-1
25
25
25
-1
26
26
26
-1
27
27
27
-1
28
28
28
29
29
29
29
29
29
29
-1
-1
30
30
30
-1
31
31
31
32
32
32
32
-1
33
33
33
34
34
34
34
35
35
35
35
36
36
36
36
37
37
37
37
37
37
38
38
38
38
38
38
39
39
39
39
39
40
40
40
40
-1
41
41
41
41
41
41
41
42
42
42
42
42
43
43
43
43
-1
44
44
44
-1
45
45
45
46
46
46
46
47
47
47
47
48
48
48
48
48
48
49
49
49
49
49
49
50
50
-1
51
51
51
52
52
52
53
54
54
54
-1
55
55
55
-1
56
56
51
57
57
57
57
57
58
59
59
59
-1
60
60
60
61
61
61
61
62
62
62
62
63
63
63
63
-1
53
54
64
64
64
64
65
65
65
65
-1
66
66
66
66
67
67
67
67
68
68
68
68
68
68
69
69
69
69
69
69
70
70
70
71
71
71
71
72
72
72
72
73
73
73
74
74
74
75
75
75
75
76
76
76
76
77
77
77
77
77
77
77
78
78
78
78
79
79
79
79
79
79
79
79
80
80
80
80
81
81
81
81
81
82
82
82
82
83
83
83
83
84
84
84
84
84
84
85
85
85
85
85
85
85
-1
-1
86
86
86
86
87
87
87
87
88
88
88
88
89
89
89
89
-1
90
90
90
-1
91
91
91
-1
92
92
92
93
93
93
94
94
94
-1
95
95
95
96
96
96
96
96
97
97
97
97
97
97
97
98
98
98
98
98
98
98
99
99
99
99
99
99
99
100
100
100
100
101
101
101
-1
102
102
102
-1
103
103
103
-1
-1
104
104
-1
105
105
105
-1
106
106
106
107
107
107
107
107
107
107
108
108
108
108
-1
-1
109
109
-1
110
110
110
-1
111
111
111
-1
112
112
112
113
113
113
113
113
-1
114
114
114
-1
115
115
115
-1
116
116
116
-1
117
117
117
-1
118
118
118
-1
119
119
119
120
120
120
120
120
-1
121
121
121
122
122
122
122
122
123
123
123
124
124
124
124
124
124
-1
125
125
125
-1
126
126
126
127
127
127
128
128
128
129
129
129
129
129
129
129
129
130
130
130
130
130
130
130
131
131
131
131
131
131
131
132
132
132
133
133
133
133
-1
134
134
134
135
135
135
136
136
136
136
136
136
137
137
137
137
138
138
138
138
138
138
138
-1
139
139
139
140
140
140
140
-1
141
141
141
-1
142
142
142
143
143
143
144
144
144
-1
145
145
145
-1
146
146
146
147
147
147
147
147
-1
148
148
148
-1
149
149
149
-1
150
150
150
151
151
151
151
151
151
151
152
152
152
152
153
153
153
153
154
154
154
154
155
155
155
155
156
156
156
156
156
156
156
157
157
157
157
-1
158
158
158
159
159
159
159
159
-1
160
161
161
161
-1
162
162
162
163
163
163
163
163
-1
164
164
164
165
165
165
165
166
166
166
-1
167
167
167
-1
168
168
168
-1
169
169
169
170
170
170
170
-1
171
171
171
-1
172
172
172
-1
173
173
173
-1
174
174
174
-1
175
175
175
175
176
176
176
176
177
177
177
177
177
178
178
178
178
178
178
178
-1
179
179
179
179
179
179
180
180
180
180
180
180
180
181
181
181
181
181
182
182
182
182
183
183
183
183
184
184
184
184
185
185
185
185
185
185
186
186
186
186
187
187
187
187
187
187
187
-1
188
188
188
189
189
189
189
190
190
190
190
190
190
190
190
191
191
191
191
192
192
192
192
-1
193
193
193
-1
-1
194
194
-1
195
196
196
-1
197
197
197
198
198
198
198
198
-1
199
199
199
200
200
200
201
201
201
202
202
202
202
202
203
203
203
203
203
204
204
204
204
205
205
205
205
206
206
206
206
207
207
207
207
207
207
207
208
208
208
208
209
209
209
209
209
209
209
210
210
211
211
211
211
211
211
211
212
212
212
212
212
212
212
213
213
213
213
213
213
214
214
214
214
214
214
214
215
215
215
215
216
216
216
216
217
217
217
217
218
218
218
218
218
218
218
-1
219
219
219
219
219
220
220
220
221
221
221
221
221
221
221
222
222
222
222
223
223
223
223
223
-1
224
224
224
224
225
225
225
225
225
225
225
226
226
226
226
226
226
227
227
227
228
228
228
228
229
229
229
229
230
230
230
230
230
230
231
231
231
231
232
232
232
232
233
233
233
233
234
234
234
234
235
235
235
235
235
236
236
236
236
236
236
236
237
237
237
237
238
238
238
238
239
239
239
240
240
240
240
-1
241
241
242
242
242
242
243
243
243
243
243
243
243
244
244
244
244
244
245
245
245
245
245
245
245
246
246
246
246
246
-1
247
247
247
247
248
248
248
248
249
249
249
249
250
250
250
250
251
251
251
251
252
252
252
252
253
253
253
253
254
254
254
254
255
255
255
255
255
255
255
256
256
256
256
257
257
257
257
258
258
258
258
258
258
258
259
259
259
259
259
259
259
260
260
261
261
261
261
262
262
262
262
262
263
263
263
263
-1
264
264
264
264
264
264
264
265
265
265
265
265
265
265
266
266
266
267
267
267
267
267
267
267
-1
268
268
268
269
269
269
269
269
270
270
270
270
270
271
271
271
271
271
271
271
272
272
272
273
273
273
273
273
273
273
274
274
274
274
274
274
275
275
275
275
275
275
275
276
276
276
276
276
276
276
277
277
277
277
277
277
277
-1
278
278
278
-1
279
279
279
-1
280
280
280
281
281
281
281
281
281
281
282
282
282
282
282
282
282
283
283
283
283
284
284
285
285
285
285
285
286
286
286
286
286
286
286
287
287
287
287
-1
288
288
288
288
288
289
289
289
289
289
290
290
290
290
290
290
290
291
291
291
291
291
291
291
-1
292
292
292
-1
293
293
293
-1
294
294
294
-1
295
295
295
296
297
297
297
298
298
298
298
299
299
299
299
300
300
300
300
300
300
300
301
301
301
301
301
301
301
-1
302
302
302
303
303
303
303
303
303
303
304
304
304
304
304
304
304
305
305
305
305
305
305
305
306
306
306
306
306
306
307
307
307
307
308
308
308
308
308
308
308
-1
309
309
309
-1
310
310
310
-1
311
311
311
312
312
312
313
313
313
313
-1
-1
314
314
314
314
-1
315
315
315
316
316
316
316
317
317
317
317
317
317
317
318
318
318
318
318
318
318
319
319
319
319
319
320
320
320
320
320
320
320
321
321
321
321
322
322
322
322
323
323
323
323
323
323
324
324
324
324
325
325
325
325
325
325
325
326
326
326
326
326
326
326
327
327
327
327
327
328
328
328
328
328
329
329
329
330
330
330
330
330
330
330
331
331
331
331
331
331
331
332
332
332
332
333
333
333
333
333
333
334
334
334
334
335
335
335
335
336
336
336
336
337
337
337
337
338
338
338
-1
339
339
339
340
340
340
340
341
341
341
341
341
341
341
342
342
-1
343
343
343
343
344
344
345
345
345
346
346
346
346
347
347
347
347
347
347
347
347
348
348
348
348
348
348
348
349
349
349
349
349
350
350
350
351
351
351
-1
352
352
352
-1
353
353
353
354
354
355
355
355
355
356
356
356
356
-1
357
357
357
357
358
358
358
358
-1
359
359
359
360
360
360
360
360
360
360
361
361
361
361
362
362
362
362
362
362
362
363
363
363
363
364
364
364
364
-1
365
365
365
366
367
367
367
-1
368
368
368
-1
369
369
369
370
370
370
371
371
371
372
372
373
373
373
373
373
373
374
374
374
375
375
375
375
375
-1
376
376
376
377
377
377
377
377
377
377
378
378
378
378
378
378
378
379
379
379
379
380
285
285
285
285
381
381
381
381
381
381
381
381
-1
382
382
382
383
383
383
383
384
384
-1
385
385
385
386
386
386
386
386
386
386
387
387
387
388
388
388
388
389
389
390
390
390
391
391
391
391
391
392
392
392
392
393
393
393
393
393
393
393
-1
394
394
394
-1
395
395
395
396
396
396
396
396
396
396
396
397
397
397
397
397
397
397
398
398
398
398
398
399
399
399
399
399
399
400
400
400
400
400
401
401
401
401
401
402
402
402
402
402
402
402
403
403
403
403
404
404
404
404
404
404
404
405
405
405
405
406
406
406
406
407
407
407
407
408
408
408
408
408
409
409
409
409
410
410
410
410
411
411
411
411
412
412
412
117
413
413
413
413
413
414
414
414
414
414
414
415
415
415
415
416
416
416
416
417
417
417
417
418
419
419
419
420
420
420
421
421
421
421
421
421
421
421
422
422
422
422
422
422
422
423
423
423
423
423
423
424
424
424
424
425
425
425
425
425
426
426
426
426
427
427
427
427
428
428
428
428
429
429
429
429
430
430
430
430
431
431
-1
432
432
432
-1
-1
433
433
433
434
434
434
434
435
435
435
436
436
436
436
437
437
437
437
438
438
438
438
438
438
438
439
439
440
440
440
440
441
441
441
441
442
442
442
443
443
443
-1
444
444
445
445
445
445
445
-1
446
446
446
446
446
446
446
447
447
447
447
448
448
448
448
448
448
-1
449
449
449
-1
-1
450
450
-1
-1
451
451
-1
452
452
452
-1
-1
453
453
-1
-1
454
454
455
455
455
455
455
455
455
456
456
456
456
456
456
456
-1
457
457
457
-1
458
458
458
-1
459
459
459
-1
460
460
460
460
461
461
461
462
462
462
462
463
463
463
463
463
463
463
463
464
464
464
464
465
465
465
465
466
466
466
-1
-1
467
467
467
467
468
469
469
469
469
470
470
470
470
470
470
471
471
471
471
471
471
472
472
472
472
473
473
473
473
474
474
474
474
475
475
475
475
476
476
476
477
477
477
477
478
478
478
478
478
478
478
479
479
479
479
480
480
480
480
481
481
481
482
482
482
482
483
483
483
483
483
483
483
-1
484
484
484
484
484
484
484
485
485
485
485
486
486
486
487
487
487
487
488
488
195
195
489
489
489
489
490
490
490
490
491
491
491
491
491
491
492
492
492
492
492
492
492
492
493
493
493
493
493
493
-1
494
494
494
494
494
494
494
495
495
495
495
496
496
496
496
497
497
497
497
498
498
498
498
499
499
499
499
500
500
500
500
501
501
501
502
502
502
502
503
503
503
503
504
504
504
504
504
504
505
505
505
505
506
506
506
506
507
507
507
507
507
507
507
508
508
508
509
509
509
510
510
510
510
510
511
511
511
511
511
511
511
512
512
512
512
512
513
513
513
513
513
514
514
514
514
514
514
514
515
515
515
515
516
516
516
516
517
517
517
517
518
518
518
518
519
519
519
519
520
520
520
520
521
521
521
522
522
522
522
522
522
523
523
523
523
524
524
524
524
525
525
525
525
526
526
526
526
526
526
526
526
527
527
527
527
528
528
528
528
528
528
528
529
529
529
529
529
529
529
530
530
530
530
530
530
531
531
531
531
531
531
532
532
532
532
532
532
-1
533
533
533
533
534
534
534
534
535
535
535
536
536
536
536
537
537
537
537
538
538
538
538
539
539
539
539
540
540
540
540
541
541
541
-1
542
542
543
543
543
543
543
543
543
543
544
544
544
544
544
544
544
545
545
545
545
545
545
545
546
546
546
547
547
547
548
548
548
548
549
549
549
549
549
549
549
549
550
550
550
550
550
550
551
551
551
551
551
551
551
552
552
552
552
553
553
554
554
555
555
555
555
555
555
555
556
556
556
556
556
556
556
557
557
557
557
558
558
558
558
559
559
559
559
560
560
560
560
560
560
560
561
561
561
561
561
562
562
562
562
563
563
563
563
564
564
564
564
565
566
566
566
566
566
567
567
567
567
568
568
568
568
-1
569
569
569
569
570
570
570
570
571
571
571
571
572
572
572
572
573
573
573
573
573
573
573
574
574
574
574
575
575
575
575
576
576
576
576
577
577
577
577
577
577
578
578
578
578
578
578
578
579
579
579
579
579
579
579
580
580
580
580
580
580
580
581
581
581
581
581
581
581
582
582
582
582
583
583
583
-1
584
584
584
585
585
585
585
-1
586
586
586
587
587
587
587
587
587
-1
588
588
588
588
588
589
589
589
589
590
590
590
590
590
590
590
591
591
591
591
591
591
591
592
592
592
592
592
592
592
592
593
593
593
593
593
593
594
594
594
594
-1
595
595
595
595
596
596
596
596
597
597
597
597
598
598
598
598
599
599
599
599
599
599
599
600
600
600
600
601
601
601
601
601
601
601
602
602
602
602
603
603
603
603
604
604
604
604
605
605
605
30
606
606
606
606
607
607
607
607
608
608
608
608
609
609
609
609
610
610
610
610
611
611
611
611
612
612
612
612
612
612
613
613
613
613
613
613
613
613
614
614
614
614
614
615
615
615
615
615
615
616
616
616
616
616
616
616
617
617
617
617
618
618
618
618
619
619
619
619
620
620
620
620
621
621
621
621
621
621
622
622
622
622
622
622
623
623
623
623
623
623
623
623
624
624
624
624
625
625
625
625
626
626
626
627
627
627
627
627
627
627
628
628
628
628
629
629
629
629
629
629
629
630
630
630
630
630
630
630
631
631
631
631
631
631
632
632
632
632
633
633
633
633
634
634
634
634
635
635
635
635
636
636
636
636
637
637
637
637
638
638
638
638
639
639
639
639
640
640
640
640
641
641
641
641
642
642
642
642
643
643
643
643
644
644
644
644
645
645
645
646
646
646
646
647
647
647
647
648
648
648
648
649
649
649
650
650
650
650
650
-1
651
651
651
651
652
652
652
652
652
652
653
653
653
653
653
653
653
654
654
654
654
655
655
655
655
655
655
655
656
656
-1
-1
657
657
657
657
657
657
657
658
658
658
658
659
659
659
659
660
660
660
660
661
661
661
661
662
662
662
662
662
662
662
663
663
664
664
664
664
664
664
664
665
665
665
665
665
665
666
666
667
667
667
667
667
667
667
668
667
667
667
667
667
667
669
669
669
669
670
670
670
670
670
-1
671
671
671
671
671
672
672
672
672
-1
673
673
673
674
674
675
674
676
676
676
676
676
676
676
677
677
677
677
678
678
678
678
678
678
678
679
679
679
679
680
680
680
680
681
681
681
681
682
682
682
682
683
683
683
-1
-1
684
684
684
685
685
685
685
685
685
-1
-1
686
686
-1
687
687
687
-1
688
688
688
-1
689
689
690
690
690
690
690
690
690
691
691
691
691
691
691
-1
692
692
692
-1
-1
-1
693
693
693
693
693
693
693
694
694
694
694
695
695
695
695
695
695
695
696
696
696
696
697
697
697
697
697
697
697
-1
698
698
699
700
700
-1
-1
-1
701
701
701
702
702
702
702
703
704
704
704
705
705
705
706
706
706
706
706
-1
707
707
707
-1
708
708
708
709
709
709
709
709
709
710
710
710
710
710
710
711
711
711
711
711
711
-1
712
712
712
713
713
713
713
713
714
714
714
714
714
714
714
714
715
715
715
715
715
715
715
715
716
716
716
716
716
716
716
717
717
717
717
717
717
718
718
718
718
718
718
718
719
719
719
719
719
719
719
-1
720
720
720
-1
721
721
721
722
722
722
722
722
722
-1
723
723
723
724
724
724
724
724
724
724
-1
725
725
725
-1
726
726
726
-1
727
727
727
728
728
728
728
728
728
728
-1
729
729
729
730
730
730
-1
731
731
732
732
732
732
732
732
732
732
733
733
733
733
733
733
-1
734
316
316
-1
735
735
735
736
736
736
736
736
736
736
737
737
737
737
737
738
739
739
739
-1
740
740
740
-1
741
741
741
-1
742
742
527
743
744
744
744
-1
745
745
745
-1
746
746
746
747
747
747
747
748
748
748
748
-1
749
749
749
-1
750
750
750
751
751
751
752
753
753
753
754
754
754
754
754
755
755
755
755
755
755
756
202
202
202
757
757
757
757
757
757
757
758
758
758
758
758
759
759
759
759
759
759
760
760
760
760
760
760
760
761
761
761
761
761
761
761
762
762
762
762
762
762
762
763
763
-1
764
764
764
-1
765
765
765
766
766
766
767
767
767
767
768
418
-1
769
769
769
-1
770
770
770
771
771
771
771
772
772
773
773
773
773
774
774
774
774
774
774
774
775
775
775
775
775
-1
776
776
776
777
777
777
777
777
777
777
778
778
778
778
778
778
778
-1
779
779
779
-1
780
780
780
781
781
781
781
-1
782
782
782
-1
783
783
783
-1
784
784
784
-1
785
785
785
-1
786
786
786
-1
787
787
787
-1
788
788
788
789
789
789
789
789
789
789
789
-1
790
790
790
791
791
791
791
-1
792
792
792
-1
793
793
793
-1
794
794
794
-1
795
795
795
796
796
796
796
796
796
796
796
-1
797
797
797
-1
798
798
798
-1
538
538
538
-1
799
799
799
800
800
800
800
800
-1
801
801
801
-1
802
802
802
803
803
803
803
804
805
805
805
806
806
806
806
807
807
807
807
807
808
808
808
808
808
808
808
809
809
809
809
809
809
809
810
810
810
810
810
810
810
811
811
811
811
811
811
811
-1
812
812
812
-1
813
813
813
-1
417
417
417
-1
814
814
814
-1
815
815
815
816
817
817
817
-1
818
818
818
819
819
819
819
819
819
819
820
820
821
821
821
821
821
821
-1
822
822
822
-1
823
823
823
824
824
824
825
825
825
826
826
826
-1
827
827
827
828
828
828
828
-1
829
829
829
830
830
830
830
830
830
830
-1
-1
-1
831
831
832
832
832
-1
-1
833
833
833
834
834
834
834
834
835
835
835
835
835
835
835
835
836
836
836
836
837
837
837
837
838
366
366
366
839
839
839
839
839
839
840
840
840
840
840
840
841
841
841
842
842
-1
843
843
125
-1
844
844
844
845
845
845
332
846
846
846
846
846
846
846
847
847
847
847
847
847
847
848
848
848
848
848
848
848
-1
849
849
849
-1
850
850
850
-1
851
851
852
852
852
852
852
852
852
853
853
853
853
854
854
854
855
855
855
855
856
856
856
856
857
857
857
857
492
-1
858
858
858
858
858
858
858
859
859
859
859
859
859
859
-1
860
860
860
-1
861
861
861
-1
862
862
862
862
862
862
-1
863
863
863
864
864
864
864
864
865
865
865
865
866
866
866
866
866
866
867
867
867
867
868
868
868
868
868
868
868
869
869
869
869
869
869
869
870
870
870
870
-1
871
420
-1
872
872
872
873
874
874
874
875
875
875
875
875
875
876
876
876
876
876
877
877
877
877
877
877
877
878
-1
879
879
-1
-1
880
880
-1
-1
881
881
882
-1
883
883
884
885
885
885
-1
-1
886
886
-1
887
887
887
-1
888
888
888
888
-1
-1
889
889
-1
890
890
688
891
891
891
891
891
891
892
893
496
496
-1
-1
894
894
-1
-1
895
895
896
897
897
897
898
898
898
898
898
898
898
-1
-1
-1
899
899
689
-1
900
900
900
901
901
901
901
902
902
902
903
903
903
903
904
904
904
904
905
905
-1
906
906
906
906
907
907
907
907
907
907
907
908
908
908
908
909
909
909
909
910
910
910
910
911
911
911
911
912
912
912
912
912
912
912
913
913
913
913
913
913
913
913
914
914
914
914
914
914
-1
915
915
915
916
916
916
916
916
917
917
918
918
918
918
918
918
918
919
919
919
919
919
-1
920
920
920
920
920
921
921
922
922
922
-1
923
-1
-1
924
924
924
925
925
925
925
925
925
925
-1
926
926
926
926
927
927
927
927
928
928
928
928
928
928
929
929
929
929
929
929
929
930
930
930
930
931
931
931
931
932
932
932
932
933
933
933
934
934
934
934
935
935
935
935
936
936
936
936
936
936
936
937
937
937
937
937
937
937
937
938
938
938
938
938
938
939
939
939
939
939
-1
940
940
940
940
941
941
-1
942
942
942
942
943
943
943
943
944
944
944
210
945
945
945
946
946
946
946
947
947
947
947
-1
948
948
948
948
948
949
949
949
949
949
949
949
950
950
950
950
950
950
951
951
951
951
951
951
951
952
466
466
953
953
953
953
954
878
878
878
955
956
956
956
956
-1
957
957
957
957
957
957
957
958
958
958
958
958
959
959
959
959
959
959
959
-1
-1
960
960
-1
-1
961
829
-1
-1
-1
962
962
962
963
964
964
964
-1
-1
965
965
-1
-1
966
966
967
967
967
968
968
968
969
969
969
969
969
969
969
-1
970
970
971
971
971
971
971
971
972
972
972
972
973
428
428
428
974
974
974
974
974
-1
975
975
975
975
-1
976
976
976
-1
977
977
977
978
135
135
135
135
-1
979
979
979
-1
980
980
980
-1
981
981
981
-1
982
982
982
-1
983
983
983
-1
984
984
984
-1
985
985
985
-1
986
986
986
-1
987
987
987
988
988
988
988
988
988
988
989
989
989
989
-1
990
990
990
-1
991
991
991
-1
992
992
992
993
993
993
993
994
994
994
994
995
995
995
995
996
996
996
996
997
997
997
997
997
997
997
-1
998
998
998
998
999
999
999
999
999
999
999
-1
1000
1000
1000
1001
1001
1001
1001
1001
-1
1002
1002
1002
-1
1003
1003
1003
1003
-1
1004
1004
1004
1005
1005
1005
1005
-1
1006
1006
1006
-1
1007
1007
1007
1008
1008
1008
1008
-1
-1
1009
1009
1009
1009
1009
1009
1009
1009
-1
2139
1010
1010
1010
1011
1011
1011
1011
1012
1012
1012
1012
1013
1013
1013
1013
1013
1013
1013
1014
1014
1014
1014
1014
1014
1014
-1
1015
1015
1015
1016
1016
1016
1016
-1
1017
1017
1017
-1
1018
1018
1018
-1
1019
1019
1019
1020
1020
1020
1020
1021
1021
1021
1021
1021
1022
1022
1022
1022
1022
1023
884
884
884
-1
1024
1024
1024
1025
1025
1025
1025
1026
1026
1026
1026
-1
1027
1027
1027
-1
1028
1028
1028
1029
1030
1030
1030
-1
1031
1031
1031
1032
1032
1032
1032
1033
1033
1033
1034
1034
1034
1034
-1
1035
1035
1035
1036
1036
1036
1036
1036
1037
1037
1037
1037
1037
1037
1037
1038
1038
1038
1038
1039
1039
1039
1040
1040
1040
1040
-1
1041
1041
1041
1042
1042
1042
1042
1042
1042
1043
1043
1043
1043
1044
1044
1044
1044
-1
1045
1045
1045
1046
1046
1046
1046
1046
1046
1046
1047
1047
1047
1047
1048
1048
1048
1048
1048
1048
1048
1049
1049
1050
1050
1050
1051
1051
1051
1052
1052
1052
1052
1053
1053
1053
1053
1054
1054
1054
1054
1055
1055
1055
1055
1056
1056
1056
1056
-1
1057
1057
1057
1057
1057
1057
1057
1058
1058
1058
1058
1059
1059
1059
1059
1059
1059
1059
1059
1060
1060
1060
1060
1060
1060
1060
1060
1061
1061
1061
1061
1061
1061
1062
1062
1062
1063
1063
1063
1063
1064
1064
1064
1064
1064
1065
1065
1065
1065
1065
1066
1066
1066
1066
1067
955
955
955
1068
1068
1068
619
1069
136
136
136
136
136
1070
1070
1070
1070
1070
1071
1071
1071
1071
1071
1071
1071
1071
1072
1072
1072
1072
1073
1073
1073
1073
1074
1074
1074
1075
1075
1075
1075
1075
1075
1075
1076
1076
1076
1076
1076
1076
1076
1076
1077
1077
1077
1077
1077
1077
1077
1078
1078
1078
1078
1079
1079
1079
1079
1080
1080
1080
1080
1081
1081
1081
1081
1082
1082
1082
1082
1083
1083
1083
1083
1084
1084
1084
1084
1085
1085
1085
1085
1086
1086
1086
1086
1087
1087
1087
1087
1087
1087
1087
1088
1088
1088
1088
1089
1089
1089
1089
1090
1090
1090
1090
1090
1090
1090
1091
1091
1091
1091
1091
1091
1091
1092
1092
1092
1092
1092
1092
1093
1093
1093
1093
1093
-1
-1
-1
1094
1094
1094
1094
1094
1094
1094
1095
1095
1095
1096
1096
1096
1096
1096
1096
1096
1097
1097
1097
1097
1097
1097
1097
-1
1098
1098
1098
1098
1098
1098
1098
1099
1099
1099
1099
1099
1099
1100
1100
1100
1100
1100
-1
1101
1101
1101
1101
-1
1102
1102
1102
1103
1103
1103
1103
1104
1104
1104
1104
1104
1104
1104
-1
1105
1105
1105
1105
1106
1106
1106
1107
1107
1107
904
-1
1108
1108
1108
1109
1109
1109
1109
1110
534
534
534
1111
1111
1111
1111
1111
1111
1111
1112
1112
1112
1112
1112
1112
1113
1113
1113
1113
1113
1113
1114
1114
1114
1115
1115
1115
1115
-1
1116
1116
1117
1117
1117
1118
1118
1118
1118
1118
1118
1118
1118
-1
1119
1119
1119
-1
1120
1120
1120
1121
1121
1121
1121
-1
1122
1122
1122
1123
1123
1123
1123
1123
1123
1123
1124
1124
1124
1124
1037
1037
1037
-1
1125
1125
1125
1126
1126
1126
1126
1126
1126
1126
1126
-1
1127
1127
1127
-1
1128
1128
1128
-1
1129
1129
1129
-1
-1
1130
1130
1130
-1
1131
1131
-1
1132
1132
1132
-1
1133
1133
1134
1134
1134
1134
1134
1134
1134
-1
-1
-1
1135
1135
1135
1135
1135
1135
1135
1135
-1
1136
1136
1136
1136
1136
1136
-1
1137
1137
1137
1138
1138
1138
1138
1139
1139
1139
1139
1139
1139
1140
1140
1140
1140
1140
1140
1140
1141
1141
1141
1142
1142
1142
1142
1142
1142
1142
-1
1143
1143
1143
-1
1144
1144
1145
1145
1145
1146
1146
1146
1146
1146
1146
1146
1147
1147
1147
1147
1147
1147
1147
1148
1148
1148
1148
1148
1148
1148
-1
-1
1149
842
-1
1150
1150
1150
-1
1151
1151
1151
-1
1152
1152
1152
1153
1153
1153
1153
1153
1153
1153
-1
1154
1154
1154
1155
1155
1155
1155
1155
1155
1155
1156
1156
1156
1156
1157
1157
1157
1158
1158
1158
1158
1158
1158
1158
1159
1159
1159
1159
1159
1159
1159
1160
1160
1160
1160
1160
-1
1161
1161
1161
1161
1161
1161
1161
1162
1141
1163
1163
1163
1163
1163
1163
1163
1163
1164
905
905
905
-1
1165
1165
1165
1166
1166
1166
1166
1167
1167
1167
1167
1168
1168
1168
1168
1169
-1
-1
-1
-1
-1
-1
-1
1170
1170
1171
1171
1171
1171
1171
1171
-1
1172
1172
1172
1173
1173
1173
1173
-1
1174
1174
1174
-1
1175
1175
1176
1176
1176
1176
1176
1176
1176
1177
1177
1177
1177
1177
1177
-1
1178
1178
1179
1179
1179
1179
1179
1179
1180
1180
1181
1181
1181
1182
1182
1182
1182
1182
1182
1182
-1
-1
1183
1183
1183
1183
1183
1183
1183
-1
1184
1184
1184
-1
1185
1185
1185
-1
1186
1186
1186
-1
1187
1187
1187
-1
-1
1188
1188
1189
1189
1189
1189
1190
1190
1190
1190
1191
1191
1191
1191
1191
1192
1192
1192
1192
1192
1192
1192
1193
1193
1193
1193
-1
1194
1194
1194
1195
1195
1195
1195
1195
1195
1195
-1
1196
1196
1197
1197
1197
1197
1198
1198
1198
1198
1199
1199
1199
1199
1200
1200
1200
1200
1200
1200
1200
1201
1201
1201
1201
-1
1202
1202
1202
1203
1203
1203
1204
1204
1205
1205
1205
1206
1206
1206
1206
1206
1206
1207
1207
1207
1207
1207
1207
1207
1208
1208
1208
1208
1208
1208
1209
1209
1209
1209
1209
-1
1210
1210
1210
1210
1210
1210
1210
1211
1211
1211
1211
1211
1211
1211
1212
1212
1212
1212
1212
-1
1213
1213
1213
1214
1214
1215
1215
1215
1216
1216
1216
1216
1216
-1
-1
-1
1217
1217
1217
-1
1218
1218
1218
1219
1219
1219
1219
1219
1219
1220
1220
1220
1220
1220
1220
1221
1221
1221
1221
1221
-1
-1
1222
1222
1222
1223
1223
1223
1223
1223
1223
1224
1224
1224
1225
1225
1225
-1
1226
1226
1226
-1
1227
1227
1227
-1
1228
1228
1228
1229
1229
1229
1229
1229
1229
1229
1230
1230
1230
1230
1230
1230
1230
1231
1231
1231
1231
1231
1232
1232
1232
1232
1232
1232
1232
-1
1233
1233
831
1234
1235
1235
1235
-1
1236
1236
1236
1169
1169
1237
1237
1237
1237
1237
1237
1237
-1
1238
1238
-1
1239
1239
1239
1240
1240
1240
1240
1240
1241
1241
1241
1241
1241
-1
1081
1081
1081
-1
1242
1242
-1
204
204
1243
1243
1243
1243
1243
1244
1244
1244
1244
1244
1245
1245
1245
1245
1245
1245
1245
1246
1246
1246
1246
1246
1246
1246
-1
1247
1247
1247
-1
1248
1248
1248
1249
1249
1250
1250
1250
1250
1251
1251
1251
1251
1252
1252
1252
707
1253
1253
1253
1253
1254
1254
1254
1254
1255
1255
1255
1255
1256
1256
1256
1256
1257
1257
1257
1257
1258
1258
1258
1259
1259
1259
1259
1259
1259
1259
-1
1260
1260
1260
1261
1261
1261
-1
-1
1262
1262
1262
1263
1263
1263
1263
1263
1264
1264
1264
1264
1264
1264
1264
1265
1265
1265
1265
1265
1265
1266
1266
1266
1266
1266
1266
-1
1267
1267
1267
1268
1268
1268
1268
-1
1269
1269
1269
-1
1270
1270
1270
1271
1271
1271
1271
1271
-1
1272
1272
1272
1273
1273
1273
1273
1273
1274
1274
1274
1274
1275
1275
1275
1275
1276
1276
1276
1276
1276
1276
1276
-1
1277
1277
1277
1277
1277
1277
-1
1278
1278
1278
-1
1279
1279
-1
1280
1280
1280
-1
1281
947
947
1282
1282
1282
1282
1283
1283
1283
1283
1283
1283
1283
1284
1284
1284
1284
1285
1285
1285
1285
1285
1285
1286
1286
1286
1286
1287
1287
1287
1288
1288
1288
1288
1288
1288
1288
1289
1289
1289
1289
1289
-1
1290
1290
1290
-1
1291
1128
1128
1292
1292
1292
1292
-1
-1
1293
1293
1293
1294
1294
1294
1294
1294
1294
-1
-1
1295
1295
-1
1296
1296
1296
1297
1297
1297
1297
1297
1298
1298
1298
1298
1298
-1
1299
1299
1299
1300
1300
1300
-1
-1
1301
1301
1302
1303
1303
1303
-1
1304
1304
1304
-1
1305
1305
1305
-1
1306
1306
1306
1307
1307
1307
1307
1307
1307
1307
1308
1308
1308
1308
1308
1308
1309
1309
1309
1309
1309
-1
1310
1310
1310
-1
1311
1311
1311
1312
1312
1312
1312
1312
1313
1171
1171
1171
1171
1171
1314
1314
1314
1314
1315
1315
1315
-1
1316
1316
1316
-1
1317
1317
1317
-1
1318
1318
1318
1319
1319
1319
1319
1319
1319
1319
1320
1320
1320
-1
1321
1321
1321
-1
1322
1322
1322
1323
1323
1323
1323
1323
-1
1324
1324
1324
1325
1325
1326
1327
1327
1327
1327
-1
1328
1328
1328
1329
1329
1329
1329
-1
1330
1330
1330
1331
1331
1331
1331
-1
-1
-1
-1
1332
1332
1332
1333
1333
1333
1333
1334
1334
1334
1334
1335
1335
1335
1335
1335
1335
1336
1336
1336
1336
1336
1336
1336
1337
1337
1337
1337
1337
1337
1337
1338
1338
873
873
-1
1339
1339
1339
-1
1340
1340
1340
1341
1341
1341
1341
1341
1341
1341
-1
1342
1342
1342
1342
1342
1342
1342
-1
1343
1343
1343
-1
1344
1344
1344
1345
1345
1345
1345
1346
1346
1346
1346
1347
1347
1347
1347
1348
1348
1348
1348
1349
1349
1349
1349
1350
1350
1350
1350
1351
1351
1351
1351
1351
1351
1351
1352
1352
1352
1352
1352
1353
1353
1353
1353
1354
1354
1354
1354
1354
1355
1355
1355
1355
1355
1355
1356
1356
1356
1356
1357
1357
1357
1357
1358
1358
1358
1358
1359
1359
1359
1359
1360
413
413
413
413
1361
314
1362
1362
1362
817
1363
1363
1363
1363
1364
1364
1364
1364
1364
1364
1365
203
203
203
203
1366
1366
1366
1366
1367
1367
1367
1367
1368
1368
1368
1368
1369
1369
1369
1369
1369
1369
1369
1369
1370
1370
1370
1370
1370
1370
1371
1371
1371
1371
1371
1371
1371
1372
1372
1372
1372
1372
1373
1373
1373
794
1374
1375
1375
1376
1376
1376
1376
1377
1377
1377
1377
1377
1378
1378
1378
1378
1378
1378
1379
1379
1379
1379
1379
1380
1380
1380
1380
1381
1381
1381
1376
1382
1382
1382
1382
1383
1383
1383
1383
1384
1384
1384
1384
1385
1385
1385
1385
1386
1386
1386
1386
1387
1387
1387
1387
1388
1388
1388
1388
1389
1389
1389
1389
1390
1390
1390
1390
1391
1391
1391
1392
1392
1392
1392
1393
1393
1393
1393
1394
1394
1394
1394
1394
1394
1394
1394
1395
1395
1395
1395
1395
1395
1395
1396
1396
1396
1396
1396
1396
1396
1396
1397
1397
1397
1398
1398
1398
1398
1398
1398
1399
1399
1399
1399
1400
1400
1400
1400
1400
1400
1400
1401
1401
1401
1401
1402
1401
1401
1401
1403
804
804
804
1404
1404
1404
1404
1404
1404
1404
1405
1405
1405
1405
1406
1406
1407
1407
1407
1407
1408
1408
1408
1408
1409
1409
1409
1409
1409
1410
1410
1410
1410
1410
1411
1411
1411
1411
1412
643
643
643
1413
1413
1413
1413
1414
1414
1414
1414
1415
1415
1415
1415
1416
1416
1416
1417
1417
1417
1417
1418
1418
1418
1418
1419
1419
1419
1419
1419
1419
1419
1420
1420
1420
1420
1623
-1
1421
1421
1421
1421
1422
1422
1422
1422
1422
1422
1422
1423
1423
1423
1423
1423
1423
1424
1424
1424
1424
1425
1425
1425
1425
-1
1426
1426
1426
1427
1427
1427
1427
1427
1427
1427
1428
1428
1428
1428
1428
1428
1428
1429
1429
1429
1429
1430
1430
1430
1430
1431
1431
1431
1431
1431
1431
1431
1432
1432
1432
1432
1432
1432
1432
1432
-1
1433
1433
1433
1434
1333
1333
1333
-1
1435
1435
1435
-1
1436
1436
1436
1437
1437
1437
1437
-1
1438
1438
1438
1439
1439
1439
1439
-1
1440
1440
454
1441
698
1442
1442
1442
1442
1442
1443
1443
1443
1443
1443
1443
1443
1444
1444
1444
1444
1444
1444
1444
1445
1445
1445
1445
1445
1445
1445
-1
1446
1446
1446
1447
1447
1447
1447
1447
1447
1447
1448
1448
1448
1448
1448
1448
1448
-1
1449
1449
1449
-1
1450
1450
1450
-1
-1
1451
1451
-1
1452
1452
1452
-1
-1
1453
256
-1
1454
1454
1454
-1
1455
1455
1456
1456
1456
1456
1456
1457
1457
1457
1457
1457
1457
1457
-1
1458
1458
1458
-1
1459
1459
148
-1
703
703
1460
-1
-1
1461
1461
1461
1461
1462
1462
1462
1462
1462
1462
1462
1463
1463
1463
1463
1464
1464
887
887
1465
1465
1465
1465
1466
1466
1466
1466
1467
1467
1467
1467
1468
1468
1468
1468
1469
1469
1469
1469
1470
1470
1470
1470
1471
1471
1471
1471
1472
1472
1472
1472
1473
1473
1473
1473
1474
1474
1474
1475
1475
1475
1475
1475
1475
1475
1476
1476
1476
1476
1476
1476
1476
1476
1477
1477
1477
1477
1478
1478
-1
1479
1479
1479
1480
1480
1480
1480
1480
1481
1481
1481
1481
1481
1481
1482
1482
1482
1482
1482
1482
1483
1483
1483
1483
1484
1484
141
141
1485
1485
1485
1485
1486
1486
1486
1486
1487
1487
1487
1487
1487
1487
1487
1488
1488
1488
1488
1488
1489
1489
1489
1489
1489
1489
1489
1490
489
489
489
1491
1491
1491
1491
1492
1492
1492
1492
1493
1493
1493
1493
1494
160
160
160
1495
1495
1495
1495
1496
1496
1496
1496
1497
1497
1497
1497
1497
1497
1497
1498
1498
1498
1498
1498
1498
1498
1498
1499
1499
1499
-1
1500
1500
1500
1500
1501
1501
1501
1501
1502
1502
1502
1502
1503
1503
1503
1503
-1
1504
1504
1504
1505
1505
1505
1505
1505
1505
1505
1506
1506
1506
1506
1506
1506
-1
1507
1507
1507
-1
-1
1508
1508
1508
1509
1509
1509
1509
1509
1509
1509
1509
-1
1510
1510
1511
1511
1511
1511
1511
1511
1512
1512
1512
1512
1512
1512
1512
-1
1513
1513
1513
-1
1514
1514
1514
-1
-1
-1
1515
1515
1515
-1
1516
1516
1516
-1
1517
141
141
1518
1518
1518
1518
1518
1518
1519
1519
1519
1519
1520
1520
1521
1521
1521
1521
1521
-1
1522
1522
1522
-1
1523
1523
585
1524
1525
1525
1525
1526
1526
1526
1526
1526
1526
1526
1527
1527
1527
1527
1527
1527
-1
1528
1528
1383
1529
1529
1530
1530
1530
1531
1531
1531
1531
-1
-1
1532
1532
1532
1532
1532
1532
1532
1533
1533
1533
1533
1533
1533
1533
1533
1534
1534
1534
1534
1535
1535
1535
1535
1535
1535
1536
1536
1536
1536
1537
1537
1537
1538
1538
1538
1538
1538
1539
1539
-1
1540
502
502
1541
1541
1541
1541
1541
1541
1541
-1
-1
1582
520
1542
1542
1542
1542
1542
1542
1543
1543
1485
1485
1544
442
442
1545
1545
1545
1545
-1
1546
1546
1546
-1
1547
1547
1547
1548
1548
1548
1548
1548
1548
1548
1549
1549
1549
1549
1549
1550
1550
1550
1550
1550
1551
1552
1552
1553
1553
1553
1553
1553
1553
1554
1554
1554
1554
1554
1554
1554
1554
-1
1555
1555
1555
-1
-1
1556
1556
-1
1557
1557
1557
1558
1558
1558
1558
1558
1558
1558
-1
1559
1559
83
-1
1560
1560
1560
1561
1561
1561
1561
1561
1561
1561
1562
1562
1562
1562
1562
1562
1562
-1
1563
1563
1563
-1
1564
1564
-1
-1
-1
-1
-1
-1
1565
1565
1565
1565
1565
-1
-1
-1
1566
1566
1566
1567
1567
1567
1567
1567
-1
1568
1568
1569
1569
1569
1569
1569
1570
1570
1571
1571
1571
1571
1571
1571
1571
1572
1572
1572
1572
1572
1572
1572
1573
1573
1573
1573
-1
1574
1574
1574
1574
1574
1574
1574
-1
1575
1322
1322
-1
1576
1576
1576
-1
-1
1577
1577
-1
-1
1578
1578
1578
1578
-1
1579
1579
1579
-1
1580
1580
1580
1581
1581
1581
1581
1581
1581
1581
-1
1582
-1
1583
1583
1583
1584
1585
1585
1585
-1
-1
-1
-1
-1
-1
-1
-1
-1
1586
1586
1586
1586
1586
-1
-1
-1
-1
-1
-1
256
-1
-1
-1
1587
1587
-1
1588
1588
1589
1589
1589
1589
1589
1589
1589
-1
-1
-1
-1
-1
-1
1590
1590
1591
1591
1591
1591
1591
1591
1591
1592
1592
1592
1592
1592
1592
-1
1593
984
984
-1
-1
674
496
-1
-1
1594
1594
-1
1595
1595
1595
1596
1596
1596
1596
1596
1596
1596
-1
-1
1597
1597
-1
1551
1598
1598
-1
1599
1599
1599
-1
1600
1600
1600
-1
-1
1601
1601
-1
-1
1602
1602
-1
-1
-1
58
1603
1460
-1
-1
849
-1
1604
1604
1604
1604
1604
1604
1604
-1
-1
1605
1605
1606
1606
1606
1606
1606
1607
-1
-1
-1
-1
-1
1608
1608
1608
1608
1608
1609
1609
1609
1609
1609
-1
1610
1610
1610
1610
1610
1610
1610
1611
1611
1611
1611
1611
1611
1611
-1
1612
1612
1612
-1
-1
1613
1613
1614
1614
1306
-1
1615
1615
1615
1615
1616
1616
1616
1616
1616
1616
1616
1617
1617
1617
1617
1617
1617
-1
39
39
39
1618
1619
1619
1619
-1
1620
1620
1620
1621
1621
1621
1621
1621
1621
1621
1622
1622
1622
1622
1622
1622
1622
1622
-1
1623
1623
1623
1624
1624
1624
1624
1624
1624
1624
-1
1625
1625
1625
1626
1626
1626
1626
1626
1626
1626
1627
1627
1627
1627
1627
1627
1628
1628
1628
1628
1628
1628
1628
1629
1629
1629
1629
1630
1630
1630
1630
1630
-1
1631
1631
1631
1632
1632
1632
1632
1632
1632
1632
1633
1633
1633
1633
1633
1633
1633
1634
1634
1634
1634
1635
1635
1635
1635
1636
1636
1636
1636
1637
1637
1637
1637
1638
1638
1638
1638
1638
1638
1638
1639
1639
1639
1639
1640
1640
1640
1640
1641
1641
1641
1642
1642
1642
1642
1642
1643
1643
1643
1643
1644
1644
1644
1644
1645
468
468
468
1646
1646
1646
1646
1646
1646
1646
1647
1647
1647
1647
1648
1648
1648
1648
1649
1649
1649
1649
1649
1649
1650
1650
1650
1650
1651
1651
1651
1651
1651
1651
1651
1652
1652
1652
1652
1652
1652
1652
1653
1653
1653
1653
1654
1654
1654
1654
1655
1655
1655
1655
1656
1656
1656
1656
1656
1656
1656
1657
1657
1657
1657
1657
1658
1658
1658
1658
1659
1659
1660
1660
1660
1661
1661
1661
1661
1662
1662
1662
194
1663
1663
1664
1664
1664
1664
1665
1665
1666
1666
1666
1666
1666
1666
1666
1667
1667
1667
1667
1667
1667
1668
1668
1668
1668
1668
1668
1668
1669
1669
1669
1669
1669
1669
1670
1670
1670
1671
1671
1671
1671
1671
1672
1672
1672
1673
1673
1673
1674
1674
1674
1674
1675
1675
1676
1676
1676
1676
1676
1676
1676
1677
1677
1677
1677
1677
1677
1677
1677
1678
1678
1678
1678
1679
1679
1679
1679
1680
1680
1680
1680
1680
1681
1681
1681
1681
1681
1681
1681
1682
1682
1682
1682
1683
1683
1683
1684
1684
1684
1684
1685
1685
1685
1685
1685
1685
1685
1686
1686
1686
1686
1686
1687
1687
1687
1687
1688
1688
1688
1688
1689
1689
1689
1689
1690
1690
1690
1690
1691
1691
1691
1691
1691
1691
1691
1692
1692
1692
1692
1693
1693
1693
1693
1694
1694
1694
1695
1695
887
887
1696
1696
1696
1696
1696
1696
1696
1697
1697
1697
1697
1698
1698
1698
1698
1699
1699
1699
1699
1700
1700
1700
1700
1700
1700
1701
1701
1701
1702
1702
1702
1702
1703
1703
1703
1703
1703
1703
1703
-1
1704
1704
1704
1704
1705
1705
1705
1705
1706
1706
1706
1706
1707
192
-1
1708
1708
1708
1708
1709
1709
1709
1709
1709
1709
1710
1710
1710
1710
1710
1710
1710
1710
1711
1711
1712
1712
1712
1713
1713
1713
1713
1714
1714
1714
1714
1715
1715
1715
1715
1716
1716
1716
1716
1717
1717
1717
1717
1718
1718
1718
1718
1719
1719
1719
1719
1720
1720
1720
1720
1721
1721
1721
1721
1722
1722
1722
1722
1722
1723
1723
1724
1724
1724
1724
1724
1725
1725
1726
1726
1726
1727
1727
1727
1727
1728
1728
1728
1728
1729
1729
1729
1729
1729
1730
1730
1143
1143
1731
1731
1731
1731
1732
1732
1732
1733
1733
1733
1734
1734
1734
1734
1735
1736
1736
1736
-1
-1
-1
1737
1737
1737
1737
1738
1738
1738
1738
1739
1739
1739
1739
1739
1739
-1
1740
1740
1740
1740
1740
1740
1740
1741
1741
1741
1741
1741
1741
1741
1742
1742
1742
1742
1742
1742
-1
1999
1743
1743
1744
1744
1744
1744
1744
1744
1744
1745
1745
1745
1745
1745
1745
1746
1746
1746
1746
1746
1746
1746
-1
582
-1
-1
-1
1614
1614
-1
-1
-1
-1
-1
-1
-1
-1
-1
1747
1747
1747
1747
1748
1748
1748
1748
1748
1748
1748
-1
662
662
662
662
662
662
-1
-1
1749
1749
1750
1750
1750
1750
1751
1751
1751
1751
1751
1751
1752
1752
1752
1752
1752
1752
-1
-1
-1
-1
-1
-1
1753
47
-1
963
963
1754
1754
1754
1754
1754
1754
1754
-1
-1
-1
-1
-1
-1
1755
1755
-1
1756
1756
1756
1756
1756
-1
1757
1757
-1
1758
1759
168
-1
1062
1062
-1
1760
1760
1760
1760
-1
1524
-1
-1
1761
1761
1761
1761
1761
1761
-1
-1
-1
-1
1762
1762
1762
1762
1762
1762
1762
-1
-1
1763
1763
1764
-1
1765
1765
-1
1766
1766
1766
-1
993
993
993
1767
1767
1767
1767
1767
1767
1767
-1
1768
1768
1768
-1
-1
1769
1769
-1
-1
1770
1770
-1
1771
1771
1771
1772
1772
1772
1772
1772
-1
-1
1773
1773
1774
1774
1774
1774
1774
1774
1774
-1
1775
1775
1775
1776
1776
1776
1776
-1
1777
1777
1777
-1
1778
1778
1470
-1
-1
1779
1779
-1
-1
1780
817
-1
-1
1781
1781
-1
1782
1782
1783
352
1784
1784
1784
1784
1785
1785
125
125
1786
1786
1786
1786
1787
1787
1787
1787
1787
1787
1787
1788
1788
1788
1788
1789
1789
1789
1789
1790
1790
1790
1790
1790
1790
1790
1791
1791
1791
1791
1792
1792
1792
1792
1792
1792
1793
1793
1793
1793
1794
1794
1794
1794
1794
1795
1795
1795
1795
1795
1795
1795
1796
1796
943
943
1797
1797
1797
1797
1797
1798
1798
1798
1798
1799
1799
1799
1799
1800
473
473
473
1801
1801
1801
1801
1802
1802
1802
1802
-1
-1
397
1803
1803
1803
1803
1804
1804
1804
966
1805
1805
1805
1805
1806
1806
1806
1806
1806
1806
1806
1807
1807
1808
1808
1808
1809
1809
1809
1809
1809
1809
1810
1810
1811
1811
1811
1811
1812
1812
1812
1812
1813
1813
1813
1813
1814
1814
1815
1815
1815
1815
1815
1816
1816
1816
1816
1816
1816
1817
1817
1817
1817
1818
1818
904
904
1819
1819
1819
1820
1820
1820
1820
1820
1821
1821
1821
1821
1822
1822
1822
1822
1823
1823
1823
1823
1824
1824
1824
1824
1824
1825
1825
1825
1825
1825
1825
1825
1826
1826
1826
1827
1827
1827
1827
1827
1828
1828
1828
1828
1829
1829
1829
1829
1830
1830
1830
1830
1831
1831
1831
1831
1832
1832
1832
1832
1833
1833
1833
1833
1834
1834
1834
1834
1835
1835
1835
1835
1835
1835
1835
1835
1836
1836
1836
1836
1837
1837
1837
1837
1838
1838
1838
1838
-1
1839
1839
1839
1839
1840
1840
1840
1841
1841
1841
1841
1841
1841
1841
1841
1842
1842
1842
1842
1843
1843
1843
1844
1844
1844
1844
1844
1844
1845
1845
1845
1845
1845
1845
1846
1846
1846
1846
1846
1846
1847
1847
1847
1847
1848
1848
1848
1848
1849
1059
1059
1059
1059
1059
1059
1059
1850
1850
1850
1850
1850
1850
1850
1851
1851
1851
1851
1851
1851
1851
1852
1852
1852
1852
1852
1852
1852
1853
1853
1853
1853
1854
1854
1854
1854
1855
1855
1855
1855
1855
1856
1856
1856
1857
1857
1857
1857
1857
1858
1858
1858
1858
1858
1858
1858
1859
1859
1859
1859
1860
1860
1860
1860
1860
1860
1860
1861
1861
1861
1861
1862
1862
204
204
1863
1863
1863
1863
1864
1864
1864
1864
1865
1865
1865
1865
1865
1865
1865
1866
1866
1866
1866
1866
1866
1866
1867
1867
1867
1867
1868
1868
1868
1868
1869
1869
1870
1870
1871
1871
1871
1871
1871
1871
1871
1872
1496
1496
1496
1873
1873
1873
1873
1874
1874
1874
1874
1874
1874
1875
1875
1875
1875
-1
-1
873
873
873
1876
1876
1876
1877
1877
1877
1877
1877
1878
1878
1878
1878
1878
1879
1879
1879
1879
1879
1879
1879
1880
1880
1880
1880
1880
1880
1880
1880
1881
1881
1881
1881
1881
1881
1881
1882
1882
1882
1882
1882
1883
1883
1883
1883
1884
1884
1884
1884
1885
1885
1885
1885
1886
1886
1886
1886
1887
296
296
296
1888
1888
1888
1888
1889
1889
1889
1890
1890
1890
1890
1891
1891
1891
1891
1892
1892
1892
1892
-1
1893
1893
1893
1893
1893
1894
1894
1894
1894
1894
-1
1895
1895
1895
1895
1895
1895
1895
1896
1896
1896
1896
1897
1897
1898
1898
1898
1898
1898
-1
1899
1899
1899
1899
1899
1899
1899
1900
1900
1900
1900
1900
1900
1901
1901
1901
1901
1902
1902
1902
1902
1902
1903
1903
1903
1438
1904
1904
1904
1904
1904
1904
1904
1905
1905
1905
1906
1906
1906
1906
1906
1907
1907
1907
1907
1907
1907
1907
1908
1908
1909
955
955
955
1910
1910
1910
1910
-1
1911
1911
1911
1912
1912
1912
1912
1912
1913
1913
1913
1913
1913
1913
-1
1914
1914
1914
1915
1915
1915
1915
1915
1916
1916
1916
1916
-1
565
565
565
1917
1917
1917
1917
1917
1917
1917
1918
1918
1918
1918
1918
1918
1919
1919
1919
1919
1919
1919
1920
1920
1920
1920
1920
1920
1920
1921
1921
1921
1921
1921
1921
1921
1921
1922
1922
1922
1922
1922
1922
1922
1923
1923
1923
1923
1924
1924
1924
1924
1925
1925
1925
-1
1926
1926
1926
1927
1927
1927
1927
1928
1928
1928
1928
-1
1929
1929
1929
1930
1930
1930
1930
1931
884
884
884
1932
1932
1932
1932
-1
-1
-1
-1
-1
-1
-1
699
1933
1334
-1
1934
1934
1935
1935
1936
1936
1936
1936
1936
1936
1936
1937
1937
1937
1937
1938
1938
1938
1938
1939
1939
1939
1939
1940
1940
1940
1940
1940
1940
1940
1941
1941
1941
1941
1942
1942
1942
1942
-1
1943
1943
1943
1943
1944
1944
1944
1944
1944
1945
1945
1945
1945
1945
1946
1292
1292
1292
-1
1947
1947
1947
1947
1947
1947
1948
1948
1948
1948
1948
1948
1949
1949
1949
1949
1949
1949
1950
1950
1950
1950
1951
1951
1951
1951
1951
1951
1951
1952
1952
1952
1952
1952
1952
1952
1953
1953
1953
1953
738
738
738
1954
1954
1954
1954
1955
1955
1955
1955
1956
1956
1956
1956
1956
1956
1956
1957
1957
1957
1957
1957
1957
1957
1958
1958
1958
1958
1959
1959
1959
1959
1960
1960
1960
1960
1961
1961
1961
1961
1962
1962
1962
1962
1962
1963
1963
1963
1964
1964
1964
1964
1964
-1
1965
1965
1965
1966
1966
1966
1966
1966
1966
1966
-1
816
816
816
-1
1967
1967
1967
1968
1968
1968
1968
-1
1969
1969
1969
-1
1970
1970
1970
-1
1971
1971
1971
1972
1972
1972
1972
1973
1973
1974
156
156
156
156
156
156
1975
1975
1975
1975
1975
1975
1976
1976
1976
1976
-1
1977
1977
1977
-1
1978
1978
1978
-1
1979
1979
1979
-1
-1
-1
1980
1980
1980
-1
1981
1981
1981
1982
1982
1982
1983
1983
1983
1983
1983
1984
1984
1984
1984
1984
1984
1985
1985
1985
1985
-1
1986
1986
1986
-1
1987
1987
1987
-1
1988
1988
1988
1989
1989
1989
1989
1989
1989
1989
1989
1990
1990
1990
1990
1990
1990
1991
1991
1991
1991
1991
1991
1991
1992
1992
1992
1992
1992
1992
1992
-1
1993
1993
1993
1994
1994
1994
1994
1994
1994
1994
1995
1995
1995
1995
1995
1996
1996
1996
-1
1997
1997
1997
-1
1998
1998
1998
1999
2000
2000
2000
2001
2001
2001
2001
2001
2001
-1
2002
1143
1143
2003
2003
2003
2003
2003
2003
2004
2004
2004
2005
2005
2005
-1
2006
2006
2006
-1
2007
2007
2007
2008
2008
2008
2008
2009
2009
2009
2009
2009
2009
2009
2010
2010
2010
2010
2010
2011
2011
2012
2012
2012
2013
2013
2013
2013
2013
2013
2013
-1
2014
2014
2014
2015
2015
2015
2015
2015
2015
2015
2016
2016
2016
2016
2016
2016
2016
2016
2017
2017
2017
2017
2017
2017
2017
2018
1722
1722
1722
1722
-1
2019
2019
2019
2020
2020
2020
2020
2020
2020
2020
2021
2021
2021
2021
2021
2021
2022
2022
2022
-1
2023
2023
2023
2023
2024
2024
2024
2024
-1
2025
2025
2025
-1
2026
-1
-1
2027
2027
197
-1
2028
2028
2028
-1
2029
2029
2029
-1
2030
2030
2030
-1
2031
2031
91
2032
2032
2032
2033
2033
2033
2034
2034
2034
2034
2035
2035
2035
2036
2036
2036
2037
2038
2038
2039
2039
2039
2040
2040
2040
2041
2041
2041
2042
2042
2042
2042
2043
2043
2043
2043
2043
2043
2043
2044
2044
2044
2044
2044
2044
2044
2045
2045
2045
2045
2045
2046
2046
2046
2046
2046
-1
-1
-1
-1
2047
2047
2048
2048
2048
2048
2048
2049
2049
2049
2049
2049
2049
-1
2050
2050
2050
2051
2051
2051
2051
2052
2052
2052
2052
2053
2053
2053
2054
2054
2054
2054
2054
2054
2055
2055
2055
2055
2055
2055
2055
2056
2056
2056
2056
2056
2056
2056
2057
2057
2057
2057
2058
2058
2058
2058
2058
2058
2058
2058
2059
2059
2166
-1
2060
2060
832
2061
2061
2061
2061
2062
2062
2062
2062
2062
2062
2063
2063
2063
2063
2063
2063
-1
882
2064
2065
597
597
-1
2066
2066
2066
2067
2067
2067
2067
2067
2068
2068
2068
2069
2069
2069
2069
2069
2069
2069
2069
2070
2070
2070
2070
2071
2071
2072
2072
2072
2072
2073
2073
2073
2073
2074
2074
2074
2074
2075
2075
2075
2075
2075
2076
2076
2076
2076
2076
2076
2076
2076
-1
2077
2077
2078
2078
2078
2078
2078
2078
2079
2079
2079
2079
2080
2080
2080
2080
2081
2081
2081
2081
-1
2082
2082
2082
2083
2083
2083
2083
2084
2084
2084
2084
2084
2084
2085
2085
2085
2085
-1
2086
725
725
2087
534
534
534
534
-1
-1
2088
2088
2088
2088
2088
2088
2088
-1
2089
2089
2089
2090
2090
2090
2091
2091
2091
2091
2092
2092
2092
2092
2092
-1
2093
2093
2093
-1
2094
2094
2094
-1
2095
2095
2095
-1
2096
2096
479
-1
2097
2097
2097
2098
2098
2098
2098
2098
2099
2099
2100
2100
2100
2100
2100
2100
2101
2101
2101
2101
2101
2101
2102
2102
2102
2102
2103
2103
2103
2103
2103
2103
2104
439
439
439
439
439
439
-1
2105
2105
2105
2106
2106
2106
2106
2107
2107
2107
2107
2107
2108
2108
2108
2108
2108
2108
2108
2109
-1
2110
2110
2110
2111
2111
2111
2111
2111
2111
2111
-1
2112
2112
2112
-1
2113
2113
2113
2113
2113
2113
2113
-1
2114
337
337
2115
100
100
100
100
100
100
100
2116
2116
2116
2116
2116
2116
2116
-1
473
473
473
-1
2117
2117
2117
2118
2118
2118
2118
2119
2119
2120
2120
2120
2120
2120
2121
2121
2122
2122
2122
-1
2123
2123
2123
2124
2124
2124
2124
2124
2124
2125
2125
2125
2125
-1
2126
2126
2126
2127
2127
2127
-1
2128
2128
2128
-1
2129
2129
2129
-1
2130
2130
2130
-1
2131
2131
2131
2132
2132
2132
2132
2132
2133
2133
2133
2133
2133
2133
2133
-1
2134
2134
2134
2135
2135
2135
2135
2135
2135
2135
2136
2136
2136
2136
2136
2136
2136
2137
2137
2137
2137
2138
2138
-1
2139
2139
2139
2139
2139
-1
2140
2140
2140
2141
2141
2141
2141
2141
2141
2141
2142
2142
2142
2142
2142
2142
2142
-1
-1
2143
2143
2143
-1
2144
2144
2144
-1
2145
2145
2145
2146
2146
2146
2146
2147
2147
2147
-1
-1
2148
2148
2148
923
2149
2149
2150
2150
2151
403
403
403
2152
2152
2152
2152
2153
2153
2153
2153
2153
2153
2153
2154
2154
2154
2154
2154
2154
2155
2155
2155
2155
2156
2156
2156
2156
2157
2157
2157
2157
2157
2157
2157
2158
2158
2158
2158
2158
2158
2158
2159
2159
2159
2159
2160
2160
2160
2161
2161
2161
2162
2162
2162
2162
2162
2162
2162
2163
2163
2163
2163
2163
2163
2164
2164
2164
2165
2165
2165
2165
2165
2165
2165
-1
2166
2166
-1
2167
2167
2167
2168
2168
2168
2168
2168
2168
2168
2169
2169
2169
2169
2170
2170
2170
2171
2171
2171
2172
2172
2172
2172
2172
2172
2172
-1
2173
2173
2173
2174
2174
2174
2174
2175
2175
2175
2175
2175
2175
2176
2176
2176
2176
2177
2177
2177
2177
2177
2177
