0
0
-1
-1
-1
-1
-1
1
1
1
1
2
2
2
2
3
3
3
3
3
3
3
4
4
4
5
5
5
5
5
5
5
6
6
6
7
7
7
7
8
8
8
8
9
9
9
9
10
10
10
10
-1
11
11
12
12
12
12
13
13
13
13
-1
14
14
14
15
15
15
15
15
15
15
16
16
16
17
17
17
18
18
18
19
19
19
19
20
20
20
21
21
21
22
22
22
22
23
23
23
23
24
24
24
24
25
25
26
26
26
26
26
26
27
27
27
27
27
27
28
28
28
28
28
28
28
29
29
29
29
29
29
29
30
30
30
30
30
30
30
31
31
31
31
31
31
31
32
32
32
32
-1
33
33
33
34
34
34
34
35
35
35
35
36
36
36
36
-1
-1
-1
37
37
37
37
38
38
38
38
38
38
38
39
39
39
39
39
39
39
39
40
40
40
40
40
40
40
40
41
41
42
42
42
42
43
43
43
44
44
44
44
44
44
-1
-1
-1
-1
-1
45
46
45
45
47
47
47
47
48
48
48
48
49
49
49
49
50
50
50
50
51
51
51
51
52
52
52
52
53
53
-1
54
54
54
54
54
55
55
55
56
56
56
56
57
57
57
57
57
57
57
58
58
58
58
-1
45
45
45
-1
59
59
59
-1
60
60
60
-1
61
-1
-1
-1
62
62
-1
63
63
63
64
64
64
-1
-1
65
65
-1
66
66
66
-1
67
67
67
-1
-1
68
68
68
68
68
-1
69
69
69
-1
70
70
70
70
70
71
71
71
71
71
71
71
-1
-1
-1
-1
72
72
73
73
73
73
73
73
74
74
74
74
74
74
-1
75
75
75
75
75
75
75
76
76
76
76
76
76
76
-1
77
77
77
-1
78
78
78
79
79
79
79
79
79
80
80
80
80
80
80
81
81
81
81
81
81
81
-1
82
82
-1
83
83
83
84
84
84
84
-1
85
85
85
85
85
86
86
86
86
86
86
87
-1
88
88
89
89
89
90
90
90
91
91
91
91
91
-1
92
92
-1
93
93
-1
94
94
95
95
95
96
96
96
97
97
97
98
98
99
99
100
100
100
101
101
101
101
102
102
102
102
-1
103
103
103
103
103
103
103
104
104
104
104
104
104
104
105
105
105
105
105
105
105
106
106
106
106
107
107
107
107
108
108
108
109
109
109
109
-1
110
110
110
111
111
111
111
111
-1
112
112
112
113
113
113
113
113
113
113
114
114
114
114
114
114
114
115
115
115
116
116
116
117
117
117
117
117
117
117
118
118
118
118
118
118
119
119
119
119
-1
120
120
120
120
121
121
-1
-1
-1
122
122
122
122
123
123
123
123
124
124
124
124
124
125
125
125
125
126
126
126
126
126
127
127
127
127
127
127
127
128
128
128
129
129
129
129
129
129
130
130
130
130
130
-1
131
131
131
131
132
132
132
132
132
132
132
133
133
133
133
133
133
133
134
134
134
134
134
134
134
135
135
135
135
136
136
136
136
136
136
136
137
137
137
137
138
138
138
138
139
139
139
139
140
140
140
140
141
141
141
141
142
142
142
142
143
143
143
143
143
144
144
144
144
144
144
144
145
145
145
145
145
145
146
146
146
146
147
147
147
147
148
148
148
148
148
148
148
149
149
149
149
150
150
150
150
151
151
151
151
151
151
151
152
152
152
152
153
153
153
153
154
154
154
154
155
155
155
155
155
155
155
155
-1
156
156
156
156
157
157
157
157
158
158
158
158
159
159
159
159
159
159
160
160
160
160
161
161
161
161
162
162
162
162
163
163
163
163
164
164
164
164
165
165
165
165
166
166
166
167
167
167
167
168
168
168
168
169
169
169
169
169
169
170
170
170
171
171
171
-1
172
172
172
172
173
173
173
173
174
174
174
174
174
175
175
175
175
175
175
176
176
177
177
177
177
178
178
178
178
178
-1
179
179
179
180
180
180
180
180
180
-1
181
181
181
182
182
182
182
183
183
183
183
184
184
184
184
184
184
185
185
185
185
185
185
186
186
186
186
186
186
187
187
187
187
187
-1
-1
188
188
-1
189
189
189
-1
190
190
190
190
190
-1
-1
191
191
192
192
192
192
192
193
193
193
193
193
193
193
-1
-1
194
194
-1
195
196
196
-1
197
197
197
-1
198
198
198
-1
199
199
199
-1
-1
200
200
-1
201
201
-1
600
-1
-1
202
202
202
202
202
202
-1
203
203
203
203
-1
204
204
204
205
205
205
205
206
206
206
207
207
207
207
207
207
208
208
208
208
209
209
210
210
210
210
210
210
211
211
211
211
211
212
212
212
212
212
212
213
213
213
213
213
213
214
214
214
214
214
214
214
-1
215
215
216
216
216
216
-1
217
217
217
218
218
218
218
219
219
219
219
220
220
220
220
-1
221
221
221
222
222
222
222
222
222
222
-1
223
223
223
224
224
225
225
225
225
-1
226
226
226
-1
227
227
227
228
228
229
229
229
230
230
231
231
231
231
231
231
231
232
233
233
233
-1
234
234
234
235
235
235
235
236
236
236
236
236
237
237
-1
-1
238
238
238
-1
239
239
239
-1
240
240
240
241
241
241
241
242
242
242
242
242
242
243
243
243
243
244
244
245
245
245
245
245
245
245
-1
246
246
246
247
247
247
247
247
247
247
247
-1
248
248
248
249
249
249
249
249
250
250
250
250
250
250
250
250
-1
251
251
251
-1
252
252
252
253
253
253
253
254
254
254
254
254
254
255
255
255
255
256
256
256
256
256
256
256
257
257
257
257
257
258
258
258
258
259
259
259
259
259
260
260
260
260
261
261
261
261
262
262
262
262
262
262
262
263
263
264
264
264
265
265
265
265
266
266
266
266
267
267
267
267
268
268
268
268
268
268
268
269
269
269
269
270
270
270
270
270
270
270
270
271
271
271
271
271
271
271
271
272
272
272
272
272
272
272
273
273
273
273
274
274
274
274
274
274
274
-1
275
275
236
236
236
-1
276
276
276
-1
277
277
277
-1
278
278
278
-1
279
279
279
280
280
280
-1
281
281
281
282
282
282
282
283
283
-1
-1
284
284
284
-1
285
285
285
286
286
286
286
286
286
286
286
287
287
287
287
287
287
-1
288
288
288
-1
289
289
289
-1
290
290
290
-1
291
291
291
-1
292
292
292
293
293
293
293
294
294
294
294
193
193
193
-1
295
295
295
-1
296
296
296
-1
297
297
297
-1
298
298
298
-1
299
299
299
300
300
300
300
300
300
300
301
301
301
301
301
301
301
302
302
302
302
303
303
303
303
304
304
201
305
305
305
-1
306
306
306
-1
307
307
307
308
308
308
308
308
309
309
309
309
310
310
310
310
311
311
311
312
312
312
313
313
313
313
313
-1
314
314
314
-1
315
315
315
316
316
316
316
316
316
316
316
-1
317
317
317
318
318
318
318
318
318
-1
319
319
319
-1
320
320
320
-1
-1
321
321
-1
322
322
322
-1
323
323
324
324
324
324
324
-1
325
325
325
-1
326
326
326
-1
327
327
-1
-1
328
328
-1
-1
329
329
330
330
-1
331
331
331
332
332
332
332
332
332
333
333
333
333
333
333
333
-1
-1
-1
334
334
334
334
335
335
335
336
336
336
336
-1
337
337
337
-1
338
338
338
339
339
339
339
-1
340
340
340
340
340
340
340
341
341
342
342
342
342
343
343
343
343
343
343
343
344
344
344
344
344
344
345
345
345
345
345
345
345
346
346
346
346
346
346
-1
347
347
347
347
347
347
347
348
348
348
348
348
348
349
349
349
350
350
350
350
350
350
351
351
351
351
352
352
352
352
353
353
353
353
353
353
353
354
354
354
354
354
-1
-1
355
355
355
355
355
356
356
356
-1
-1
357
357
-1
-1
-1
-1
358
358
358
358
358
358
358
-1
359
359
359
-1
360
360
360
361
361
361
361
361
361
362
362
362
362
362
363
363
363
363
363
363
-1
364
364
364
365
365
365
365
365
366
366
366
366
366
366
367
367
367
367
367
-1
368
368
368
-1
369
369
370
370
370
370
371
371
371
371
371
371
371
-1
-1
372
372
373
373
373
373
373
-1
374
374
374
374
374
374
-1
375
375
375
376
376
376
376
376
376
376
377
377
377
377
377
377
377
-1
378
378
378
379
379
379
379
379
379
380
380
380
380
-1
381
381
381
382
383
383
383
384
384
384
384
384
385
385
-1
386
386
386
386
387
387
387
387
387
387
387
-1
388
388
388
389
389
389
389
-1
390
390
390
-1
391
391
391
392
392
392
392
393
393
393
393
393
393
393
394
394
394
394
394
395
395
395
-1
396
396
396
397
397
397
397
398
398
398
398
399
399
399
399
399
399
399
400
400
400
401
401
401
401
-1
402
402
-1
403
403
403
404
404
404
404
405
405
405
406
406
406
406
406
406
407
407
407
407
407
407
408
408
408
408
408
408
408
409
409
409
-1
410
410
410
-1
411
411
411
412
412
412
413
413
413
413
414
414
414
414
414
414
414
415
415
415
415
415
415
415
416
416
416
416
416
416
416
417
417
417
417
417
417
417
418
418
418
418
419
419
419
419
420
420
420
420
420
-1
421
421
421
-1
422
422
422
-1
423
423
423
-1
424
424
424
-1
425
425
425
-1
426
426
426
-1
427
427
427
428
428
428
428
428
429
429
429
429
-1
430
430
430
-1
431
431
431
-1
432
432
432
-1
433
433
433
-1
434
434
434
435
435
435
435
436
436
436
436
437
437
437
437
438
438
438
439
439
439
439
439
439
439
-1
440
440
440
441
441
441
441
442
442
442
442
443
443
443
444
444
444
444
444
444
-1
445
445
445
-1
446
446
446
-1
447
447
447
448
448
448
448
448
448
448
449
449
449
449
449
449
449
450
450
451
451
451
451
451
451
-1
452
452
-1
453
453
453
454
454
455
455
455
455
456
456
456
456
-1
457
457
457
-1
458
458
458
459
459
460
460
460
460
461
461
-1
462
462
462
-1
463
463
463
-1
464
464
464
464
-1
465
465
465
-1
466
466
466
-1
467
467
467
468
468
469
469
469
469
470
470
470
471
471
471
471
471
471
-1
472
472
472
473
473
473
473
474
474
474
474
-1
475
475
475
476
476
476
476
477
477
477
477
477
477
477
-1
478
478
478
479
479
479
479
479
479
479
479
480
480
480
481
481
481
482
482
482
483
483
483
483
484
484
484
484
484
484
484
485
485
485
485
485
485
485
486
486
486
486
487
487
487
487
487
487
488
488
488
489
489
489
489
-1
490
490
490
491
491
491
491
491
491
491
492
492
492
492
492
492
493
493
493
493
493
493
493
494
494
494
494
494
494
494
495
495
496
496
496
496
496
496
497
497
498
498
498
498
498
-1
499
499
499
500
500
500
501
501
501
501
501
501
501
-1
502
502
502
503
503
503
503
504
504
-1
505
505
505
506
506
506
506
507
507
508
508
508
-1
509
509
509
-1
510
510
510
511
511
511
511
-1
512
512
512
513
513
513
513
513
514
514
514
514
514
515
515
515
516
516
516
516
517
517
518
518
518
518
518
518
519
519
519
-1
520
520
520
-1
521
521
521
522
522
522
-1
523
523
523
524
524
524
524
-1
-1
-1
-1
525
525
525
526
526
526
526
-1
527
527
527
-1
528
528
528
529
529
529
529
530
530
530
531
531
531
531
531
531
531
532
532
532
532
532
-1
-1
533
533
533
-1
534
534
534
535
535
535
536
536
536
537
537
537
-1
538
538
538
539
539
539
539
540
540
540
540
541
541
541
541
541
541
541
-1
542
542
542
542
543
543
543
543
544
544
544
544
544
544
545
545
545
545
545
545
545
546
546
547
547
547
547
548
548
548
548
548
548
548
549
549
549
549
549
549
-1
550
550
550
551
551
551
551
551
-1
552
552
552
-1
553
553
553
553
-1
-1
-1
554
554
-1
-1
-1
-1
555
555
556
556
556
556
557
557
557
557
557
557
558
558
558
558
558
558
559
559
559
559
560
560
560
560
561
561
561
561
562
562
562
562
563
563
563
563
564
564
564
564
565
565
565
565
566
566
566
566
566
566
566
567
567
567
567
567
567
568
568
568
568
569
569
569
569
569
570
570
570
570
571
571
571
571
572
572
572
572
573
573
573
573
573
573
573
574
574
574
575
575
575
575
575
348
576
576
576
577
577
577
577
578
578
578
578
579
579
579
579
-1
580
580
580
-1
581
581
581
581
581
-1
582
582
582
-1
-1
-1
-1
-1
583
583
-1
-1
584
584
-1
-1
585
585
586
586
-1
587
587
587
587
587
587
588
588
588
588
589
589
589
589
589
590
590
590
591
591
591
591
591
591
591
592
592
592
593
593
593
593
594
594
594
594
594
594
-1
595
595
595
596
596
596
596
596
596
596
597
597
597
598
598
598
598
599
136
136
136
136
136
136
600
600
600
600
601
601
602
602
602
602
603
603
603
603
603
604
604
604
604
604
604
604
605
605
605
605
606
606
607
607
607
607
608
608
608
608
608
608
-1
609
609
609
610
120
120
120
-1
611
611
611
612
612
612
613
613
613
613
614
614
614
614
614
614
614
615
615
615
615
615
615
615
616
616
616
616
617
617
617
617
617
618
618
618
618
619
619
619
619
619
-1
620
620
620
-1
621
621
621
-1
622
622
622
623
623
624
624
624
624
624
624
624
-1
-1
625
625
-1
626
626
626
-1
-1
627
627
628
628
-1
629
629
629
-1
630
630
630
-1
631
631
631
-1
632
632
632
-1
-1
633
633
-1
634
634
634
634
634
634
634
-1
635
537
537
-1
-1
636
636
-1
637
637
637
-1
638
638
638
-1
639
639
639
-1
640
640
640
-1
641
641
641
-1
-1
642
642
642
-1
643
643
643
644
644
644
644
644
644
-1
645
645
645
645
645
645
645
-1
646
646
646
647
647
647
647
648
648
648
648
649
649
649
649
649
649
649
650
650
650
650
651
651
651
651
652
652
652
652
653
653
653
653
654
654
654
654
654
654
655
655
655
655
656
656
656
656
657
657
657
657
657
658
658
658
658
658
658
659
659
659
659
660
660
660
660
661
661
662
662
662
662
662
663
663
663
663
664
664
664
664
664
664
664
665
665
665
665
665
665
-1
666
666
667
667
667
668
668
668
668
668
668
668
669
669
669
669
669
669
669
670
670
670
670
-1
671
671
671
672
672
672
672
672
672
673
673
673
673
674
674
674
674
675
675
675
676
676
676
676
676
676
676
-1
677
677
677
678
678
678
678
678
678
678
679
679
679
679
680
680
680
681
681
681
681
681
682
682
682
682
683
683
683
683
-1
684
684
684
-1
685
685
685
686
686
686
686
687
687
687
687
687
688
688
688
-1
689
689
689
-1
690
690
690
691
691
691
691
692
692
692
692
692
692
693
693
99
99
694
694
694
694
695
695
695
-1
696
696
696
697
697
697
697
697
697
697
698
698
698
698
698
698
698
699
699
699
699
699
699
699
700
700
700
700
-1
701
701
701
702
702
702
702
703
703
703
703
703
703
703
703
704
704
704
705
705
705
705
706
706
706
706
706
706
707
707
707
707
707
708
708
708
708
708
709
709
709
710
710
710
710
710
710
711
711
711
711
711
711
711
712
712
712
713
713
713
713
714
714
714
714
715
715
715
715
715
715
715
715
716
716
716
716
716
716
717
717
717
717
717
718
718
718
718
719
719
719
719
720
720
720
720
721
721
721
721
722
722
722
722
723
723
723
723
724
724
724
724
725
725
725
725
726
726
726
726
727
727
727
727
728
728
728
728
729
729
729
729
730
730
730
730
731
731
731
731
731
731
731
731
732
732
732
732
732
732
733
733
733
733
733
733
733
733
734
734
734
734
734
734
734
735
735
735
735
735
736
736
736
736
736
736
736
737
737
737
-1
738
738
738
738
739
739
739
739
740
740
740
740
741
741
741
741
741
741
741
742
742
742
742
742
742
742
742
743
743
743
743
743
743
743
744
744
744
744
-1
-1
745
745
745
745
745
745
745
-1
746
746
747
747
747
-1
748
748
748
-1
749
749
749
750
750
750
751
751
751
751
752
752
752
752
752
752
752
-1
753
753
753
-1
754
754
754
-1
755
755
755
-1
756
756
756
-1
757
757
757
-1
758
758
758
-1
759
759
759
-1
-1
760
760
761
761
761
761
761
761
761
-1
-1
-1
-1
-1
762
762
762
763
763
763
763
763
763
-1
764
764
765
765
765
765
765
765
765
-1
766
766
766
767
767
767
768
768
768
768
769
769
-1
770
770
771
771
771
771
771
771
771
772
772
772
772
772
772
772
772
773
773
773
773
774
774
774
775
775
775
775
775
775
775
776
776
776
776
776
776
776
-1
777
777
777
777
777
777
777
778
778
778
778
778
779
779
779
779
780
780
780
780
780
780
780
781
781
781
781
782
782
782
782
782
782
782
783
783
783
783
784
784
784
784
785
785
785
785
786
786
786
786
786
787
787
787
787
788
788
788
788
789
789
789
789
789
789
790
790
790
790
790
790
791
791
791
792
792
792
792
793
793
793
793
794
794
794
794
794
-1
795
795
795
-1
796
796
796
-1
797
797
797
-1
798
798
798
-1
799
799
799
-1
800
800
800
-1
801
801
801
802
802
802
802
802
-1
803
803
803
-1
804
804
804
-1
805
805
805
-1
806
806
806
807
807
808
808
808
808
808
808
808
809
809
809
809
-1
810
810
810
-1
811
811
811
812
812
812
812
812
812
812
813
813
813
813
813
813
814
814
814
814
814
814
815
815
815
815
815
815
815
816
816
816
816
816
816
816
817
817
817
817
817
817
817
818
818
818
-1
819
819
819
819
819
-1
820
820
820
-1
821
821
757
-1
822
822
822
823
823
823
823
823
823
824
824
824
824
824
-1
-1
825
825
-1
826
826
826
-1
827
827
827
-1
828
828
828
-1
829
829
829
830
830
830
830
830
831
831
831
831
831
831
832
832
832
832
832
832
-1
833
833
833
834
730
730
730
835
835
835
835
835
836
836
836
836
836
836
836
-1
837
837
837
-1
838
838
838
839
839
839
839
839
839
839
-1
840
840
840
-1
841
841
841
842
842
842
842
842
842
842
-1
843
843
843
-1
844
844
845
845
845
845
845
845
845
-1
846
846
846
-1
847
847
847
-1
848
848
848
-1
849
849
850
70
70
70
70
-1
851
851
-1
852
852
852
-1
853
853
853
-1
854
854
854
855
855
855
855
855
855
855
-1
-1
856
856
857
857
857
857
857
857
857
858
858
858
858
858
858
-1
859
859
859
860
860
860
860
860
860
860
861
861
861
861
-1
862
862
-1
863
864
864
865
865
865
865
865
865
865
-1
866
866
866
867
867
867
867
867
867
867
868
868
868
868
868
868
868
869
869
869
869
869
-1
-1
870
870
-1
871
574
872
872
872
873
873
873
874
874
874
874
874
874
874
-1
875
875
875
-1
876
876
876
877
877
877
877
877
877
-1
878
878
878
-1
879
879
879
880
880
880
880
880
880
-1
881
881
-1
882
882
882
-1
883
883
883
-1
1197
-1
884
884
884
884
884
884
884
885
885
885
885
885
885
-1
886
886
886
-1
887
887
887
-1
888
888
888
889
889
889
889
-1
890
890
890
-1
891
891
891
892
892
892
892
892
893
893
893
893
893
893
893
894
894
894
894
894
-1
895
895
895
896
896
896
896
896
896
896
897
897
897
897
897
-1
898
898
898
-1
899
899
899
899
899
899
-1
900
900
900
-1
901
901
901
902
902
902
902
902
-1
903
903
903
-1
904
904
904
-1
905
905
905
905
905
905
905
906
906
906
906
906
906
906
-1
907
907
908
908
908
908
909
909
909
909
910
910
910
910
910
910
910
911
911
911
911
911
911
911
911
912
912
912
912
912
912
912
913
913
913
913
913
913
913
914
914
914
914
914
914
914
915
915
916
916
916
916
916
917
917
917
917
917
917
918
918
918
918
919
919
919
920
920
920
920
921
921
921
921
-1
922
922
922
923
923
923
923
924
924
924
924
925
925
925
925
925
925
926
926
926
926
926
926
927
928
928
928
929
929
929
930
930
931
931
931
931
932
932
932
933
933
933
933
934
934
934
934
934
-1
-1
935
935
935
-1
936
936
936
-1
937
937
937
938
938
938
938
938
938
938
-1
939
939
939
-1
940
940
940
941
607
607
607
942
942
942
942
943
943
943
943
943
943
-1
944
944
944
945
945
945
945
945
946
946
946
946
946
946
946
-1
947
947
947
-1
948
948
948
949
949
949
949
949
950
950
950
950
951
951
951
951
951
952
952
952
952
952
953
953
953
953
953
954
954
954
954
955
872
872
872
-1
956
956
956
-1
957
957
957
-1
958
958
958
959
959
959
959
959
-1
-1
960
960
-1
-1
961
961
-1
962
962
962
963
963
963
963
-1
964
964
964
965
965
965
965
965
-1
966
966
966
-1
967
967
967
968
968
968
968
969
969
969
-1
-1
970
970
971
971
971
971
971
972
972
973
973
973
974
974
975
975
975
976
976
976
976
976
976
976
976
977
977
977
977
977
977
977
978
978
978
978
978
978
978
-1
979
979
979
979
979
-1
980
980
980
980
-1
981
981
981
982
982
982
982
983
983
983
984
984
984
984
984
985
985
985
985
985
985
985
986
986
986
986
986
987
987
987
987
987
987
987
988
988
988
988
989
989
989
989
989
989
989
-1
990
990
990
991
991
991
991
991
992
992
992
992
993
993
993
993
993
993
993
994
994
994
994
994
994
994
995
995
995
995
-1
996
996
996
996
-1
-1
997
997
-1
382
998
998
-1
999
999
-1
1000
1000
1000
-1
-1
1001
1001
1002
1002
1002
1002
1003
-1
-1
-1
-1
1004
1004
1004
1005
1005
1005
1005
1005
1005
1005
1006
1006
1006
1006
1006
1007
1007
1007
1007
1007
1007
1007
1008
1008
1008
-1
1009
1009
1009
1010
1010
1010
1010
1011
1011
1011
1011
1012
927
927
927
-1
1013
1013
1013
-1
-1
1014
1014
1015
1015
1015
1015
1015
-1
183
183
183
1016
1016
1017
1017
1017
1017
1017
1018
1018
1018
1019
1019
1019
1019
1019
1020
1020
1020
1021
1021
1021
1022
1022
1022
1022
1023
1023
1023
1023
1023
1023
1023
1024
1024
1024
1024
1024
1024
1025
1025
1025
1025
1025
1025
1026
1026
1026
1026
1027
1027
1027
1027
1028
1028
1028
1028
1029
1029
1029
1029
1029
1029
1029
1030
1030
1030
1030
1030
1030
1031
1031
1031
1031
1032
1032
1032
1032
1033
1033
1033
1033
1033
1033
1033
1034
1034
1034
1034
1035
1035
1035
1035
1036
1036
1036
1036
1037
1037
1037
1037
1037
1037
1037
1038
1038
1038
1038
1038
1038
1038
1039
1039
1039
1039
1040
1040
1040
1040
1041
1041
1041
1041
1042
1042
1042
1042
1043
1043
1043
1043
1043
-1
1044
1044
1044
1044
1045
1045
1045
1045
1046
1046
1046
1046
1047
1047
1047
1047
1047
1047
1047
1048
1048
1048
1048
1049
1049
1049
1049
1050
1050
1050
1050
1051
1051
1051
1051
1052
1052
1052
1052
1052
1052
1052
-1
1053
1053
1053
-1
1054
1054
1054
-1
1055
1055
1055
-1
1056
1056
-1
1057
1057
1057
1057
1057
1057
1058
1058
1058
1058
1059
1059
1060
1060
1060
1060
1060
1060
1060
1061
1061
1061
1061
1062
1062
1062
1062
1063
1063
1063
1064
1064
1064
1064
1065
1065
1065
1065
1066
1066
1066
1066
1066
1066
1066
1067
1067
1067
1067
1067
1067
1067
1068
1068
1068
1068
-1
-1
1069
1069
-1
-1
1070
1070
-1
1071
1071
1071
-1
1072
1072
1072
1073
1073
1073
1073
1073
1073
1073
-1
1074
1074
1074
-1
1075
1075
1075
1076
1076
1076
1077
1077
1077
1077
1077
1078
1078
1078
1078
1079
1079
1079
1079
1079
1080
1080
1080
1080
1081
1081
1081
1081
1082
1082
1082
1082
1082
1082
1082
1083
1083
1083
1083
1083
1083
1083
1083
1084
1084
1084
1084
1084
1084
1084
1085
1085
1085
1085
-1
1086
1086
1086
1087
1087
1087
1087
1088
1088
1088
1088
1089
1089
1089
1090
1090
1090
1090
1090
1090
1090
1091
1091
1091
1091
1091
1092
1092
1092
1092
1093
1093
1093
1093
1094
1094
1094
1094
1094
1094
1094
1095
1095
1095
1095
1096
1096
1096
1096
1096
1096
1097
1097
1097
1097
1097
1097
1098
1098
1098
1098
1098
1098
1099
1099
1099
1099
1099
1099
1100
1100
1100
1100
1101
1101
1101
1101
1102
1102
1102
1102
1103
1103
1103
1103
1104
1104
1104
1105
1105
1105
1106
1106
1106
1106
1107
1107
1107
1107
1107
-1
1108
1108
1108
1109
1109
1109
1109
1110
1110
1110
1111
1111
1111
1111
1112
1112
1112
1112
1113
1113
1113
1113
1114
1114
1114
1114
1115
1115
1115
1115
1116
1116
1116
1116
1117
1117
1117
1117
1117
1117
1117
1117
1118
1118
1118
1118
1118
1118
1118
1118
1119
1119
1119
1119
1120
1120
1120
1121
1121
1121
1121
1121
1121
1121
1122
1122
1122
1122
1122
1122
1122
1123
1123
1123
1123
-1
1124
1124
1124
-1
1125
1125
1125
1126
1126
1126
1127
1127
1127
1127
-1
1128
1128
1128
1129
1129
1129
1129
1130
1130
1130
1131
1131
1131
1131
1131
1131
1131
1132
1132
1132
1132
1132
1132
-1
-1
-1
1133
1133
1133
1133
-1
1134
1134
1134
-1
1135
1135
1135
-1
1136
1136
1136
-1
1137
1137
1137
1138
1138
1138
1138
1139
1139
1139
1139
1139
1139
1139
1140
1140
1140
1141
1141
1141
1142
1142
1142
1142
1142
1142
-1
1143
1143
1143
1144
1144
1144
1144
1144
1144
1144
-1
1145
1145
1145
1146
1146
1146
1146
1146
-1
1147
1147
1147
1147
1147
1147
-1
1148
1148
1148
1148
1148
-1
-1
1149
1149
1150
1150
1150
1150
1150
1150
1150
1151
1151
1151
1151
1151
1152
1152
1152
1152
-1
1153
1153
1153
1154
1154
1154
1154
1154
1154
-1
1155
1155
1155
1156
1156
1156
-1
1157
1157
1157
-1
-1
-1
1158
1158
1158
1158
-1
1159
1159
1159
-1
1160
1160
1160
-1
1161
1161
1161
-1
1162
1162
1162
1163
1163
1163
1163
1163
1163
1163
1164
1164
1164
1164
1164
1164
1164
1165
1165
1165
1165
1166
1166
1166
1166
1167
1167
1167
1167
1167
-1
1168
1168
1168
1168
-1
1169
1169
1170
1170
1170
1170
1171
1171
574
1172
1172
1172
1173
1173
1173
1173
1173
1173
1174
1174
1174
1174
1174
1174
-1
1175
1175
1175
1176
1176
1176
1176
1176
1176
1176
1176
-1
1177
1177
1177
1178
1178
1178
1178
1178
1178
1178
1178
-1
1179
1179
1179
1179
1179
-1
-1
1180
1180
1180
-1
1181
1181
1181
1182
1182
1182
1182
-1
1183
1183
1183
1184
1184
1184
1184
1185
1185
1185
1185
1186
1186
1186
1186
1187
1187
1187
1187
1187
1188
1188
1188
1188
1188
1188
1188
1189
1189
1189
1189
1189
1189
1190
1190
1190
1190
1191
1191
1191
1192
1192
1192
1192
1192
-1
1193
1193
1193
1193
1194
1194
1194
1194
1195
1195
1195
1195
1196
1196
1196
1197
1197
1197
1197
1198
1198
1198
1198
1199
1199
1199
1199
1199
1200
1200
1200
1200
1200
1200
1200
1200
1201
1201
1201
1201
1202
1202
1202
1202
1203
1203
1203
1203
1203
-1
1204
1204
1204
1204
1204
1204
1204
1205
1205
1205
1205
1206
1206
1206
1206
1206
1206
1206
1207
1207
1207
1207
1208
232
232
232
1209
1209
1209
1209
1209
1210
1210
1210
1211
1211
1211
1211
1212
1212
1212
1212
1212
1212
1212
1213
1213
1213
1213
1213
1213
1214
1214
1214
1214
1215
1215
1215
1216
1216
1216
1216
1216
1217
1217
1217
1217
1217
1217
1217
1218
1218
1218
1218
1218
1218
1218
1219
1219
1219
1219
1219
1219
1219
1220
1220
1220
1220
1221
1221
1221
1221
1222
1223
1223
1223
1224
1224
1224
1225
1225
1225
1225
1225
1225
-1
-1
-1
-1
-1
-1
-1
-1
1226
1226
1226
1226
1226
-1
1227
1227
1227
-1
1228
1228
1228
1229
1229
1229
1229
1229
1229
1229
1230
1230
1231
1231
1231
1231
-1
1232
1232
1232
1233
1233
1233
1233
1233
1233
1233
1234
1234
1234
1234
1234
1234
1234
1235
1235
1235
1235
1235
1235
1236
1236
1236
1236
1236
1236
1237
1237
1237
1237
1237
1238
1238
1239
1239
1239
1239
1239
1240
1240
1241
1241
1241
1241
1242
1242
1242
1242
1242
1242
1242
1243
1243
1243
1243
1243
1244
1244
1245
1245
1245
1245
1246
1246
1247
1247
1247
1247
1247
1247
1248
1248
1248
1248
1248
1248
1248
1249
1249
1249
-1
1250
1250
1250
-1
1251
785
785
1252
1252
1252
1252
1252
1252
1252
-1
1253
1253
1253
-1
1254
1254
1254
1255
1255
1255
1255
1255
1255
1256
1256
1256
1256
1256
1256
1256
1257
1257
1257
1257
1257
1257
1257
1258
1258
1258
1259
1259
1259
1259
1259
1260
1260
1260
1260
1260
1260
1260
1261
1261
1261
1261
1261
1261
1261
1262
1262
1262
1262
1262
1262
1262
1263
1263
1263
1263
1264
1264
1264
1264
1264
1264
1265
1265
1265
1265
1265
1265
1266
1266
1266
1266
1267
1267
1267
1267
1268
1268
1268
1268
1269
1269
1269
1269
1269
1269
1269
1269
1270
1270
1270
1270
1270
1270
1270
1271
1271
1271
1271
1272
1272
1272
1272
1273
1273
1273
1273
1273
1273
1273
1274
1274
1274
1274
1274
1274
1274
1275
1275
1275
1275
1276
1276
1276
1276
1277
1277
1277
1277
1278
1278
1278
1278
1278
1278
1278
1279
1279
1279
1279
1279
1279
1279
1280
1280
1280
1280
1280
1280
1280
1281
1281
1281
1281
1281
1281
1281
1282
1282
1282
1282
-1
1283
1283
1283
1284
1284
1284
1284
1285
1285
1285
1286
1286
1287
1287
1287
1287
1288
1288
1288
1288
1288
1288
1288
-1
1289
1289
1289
-1
1290
1290
1290
-1
1291
1291
1291
1291
1292
1292
1292
1292
1293
1293
1293
1293
1293
1293
1293
1294
1294
1294
1294
1294
1294
1295
1295
1295
1295
1295
1295
1295
1296
1296
1296
1296
1296
1296
1296
1297
1297
1297
1297
1297
1297
1297
1298
1298
1298
1298
1298
1299
1299
1299
1299
1299
1299
1299
1300
1300
1300
1300
1300
1301
1301
1301
-1
-1
1302
1302
1303
1303
1303
1303
1303
-1
1304
1304
1304
-1
-1
1305
1305
-1
1306
1306
1306
1307
1307
1308
1308
1308
1308
1308
1308
1308
1309
1309
1309
1309
1309
1309
-1
1310
195
195
1311
1311
1311
1311
1311
1311
-1
1312
1312
1312
-1
1313
1313
1313
-1
1314
1314
1314
-1
1315
1315
1315
-1
1316
1316
1316
1317
1317
1317
1317
1317
1317
1317
-1
1318
1318
1318
1319
1319
1319
1319
1319
1319
1319
1320
1320
1320
1320
1321
1321
1321
1322
1322
1322
1323
1323
1323
1323
1324
1324
1324
1325
1325
1325
1325
1325
1325
1326
1326
1326
1326
1326
1327
1327
1327
1327
1328
1328
1328
1329
1329
1329
1330
1330
1330
1330
1331
1331
1331
1331
1332
1332
1332
1333
1333
1333
1333
1333
1333
1333
1334
1334
1334
1334
1334
1334
1334
1334
1335
1335
1335
1335
1335
1335
1335
1336
1336
1337
1337
1337
1338
1338
1338
1338
1338
1338
1338
1339
1339
1339
1339
1339
1339
1339
-1
1340
1340
1340
1341
1341
1341
1341
1341
1341
1342
1342
1342
1342
1342
1342
1342
-1
1003
1003
1003
1343
1343
1343
1343
1344
1344
1344
1345
1345
1345
1345
1346
1346
1346
1346
1347
610
610
610
1348
1348
1348
1348
1349
1349
1349
1349
1349
1350
1350
1350
1350
1351
1351
1351
1351
1352
1352
1353
1353
1354
1354
1354
1354
1354
1354
1354
1355
1355
1355
1355
1355
1355
1355
1356
1356
1356
1356
1356
1357
705
168
168
168
1358
1358
1358
1359
1359
1359
1360
1360
1360
1361
1361
1361
1361
1361
1361
1361
-1
1362
1362
1362
-1
1363
1363
1363
-1
1364
1364
1364
