-1
0
0
0
-1
1
1
1
-1
2
2
2
-1
3
3
3
4
4
4
4
-1
5
5
6
6
6
6
-1
7
7
7
8
8
8
8
9
9
9
9
10
10
10
10
-1
11
11
11
-1
12
12
12
-1
13
13
13
14
14
15
15
15
15
15
15
15
16
16
16
16
-1
17
17
17
17
-1
18
18
18
-1
19
19
19
-1
20
20
20
-1
21
21
21
22
22
22
22
23
23
23
23
24
24
24
24
24
-1
25
25
25
26
26
26
26
-1
27
27
27
28
28
28
28
29
29
29
29
30
30
30
30
31
31
31
31
32
32
32
32
-1
33
33
33
-1
34
34
34
-1
35
35
35
36
36
36
36
36
36
36
37
37
37
37
38
38
38
-1
39
39
39
40
40
40
40
-1
41
41
41
42
42
42
42
43
43
22
22
44
44
44
44
45
45
45
45
46
46
46
46
47
47
47
47
48
48
48
48
49
49
49
49
50
50
50
50
51
42
42
42
52
52
42
42
53
53
53
53
54
54
54
54
55
55
55
55
-1
56
-1
57
57
57
-1
58
58
58
59
59
59
59
60
60
60
60
61
61
61
61
-1
-1
-1
62
62
62
63
63
63
63
64
-1
65
61
66
66
66
66
67
67
67
67
68
68
68
68
69
69
69
69
69
69
70
70
70
70
70
70
71
71
71
71
71
71
-1
72
72
72
-1
73
73
73
74
74
75
75
75
75
75
-1
76
76
76
-1
77
77
77
-1
78
78
78
-1
79
79
79
80
80
80
80
80
80
80
81
81
81
82
82
82
82
82
82
83
83
83
83
-1
84
84
84
-1
85
85
85
86
86
86
86
86
-1
87
87
87
87
87
88
88
88
88
88
88
88
88
-1
89
89
89
-1
90
90
90
91
91
91
91
92
92
92
92
93
93
93
93
93
93
93
94
94
94
94
95
95
95
95
96
96
97
97
97
98
98
98
98
98
98
98
99
99
99
99
99
99
99
99
100
100
100
100
101
101
101
101
102
102
102
102
103
103
103
103
104
104
104
104
104
105
105
105
105
105
105
105
-1
106
106
106
107
107
107
107
107
107
108
108
108
108
108
108
108
-1
109
109
109
-1
110
110
110
110
110
110
111
111
111
111
112
112
112
112
112
112
112
113
113
113
113
114
114
114
114
115
115
115
116
116
116
117
117
117
117
118
118
118
118
118
118
118
118
-1
119
119
119
119
119
119
119
-1
120
120
120
-1
121
121
121
121
121
-1
122
122
122
-1
123
123
123
124
124
124
124
125
125
125
125
125
125
125
-1
126
126
126
-1
127
127
127
128
128
128
128
128
-1
129
129
129
130
130
130
130
-1
131
131
131
132
132
132
132
132
133
133
133
133
133
-1
134
134
134
-1
135
135
135
-1
136
136
136
-1
137
137
137
-1
-1
138
138
139
139
-1
140
140
-1
141
141
141
-1
142
142
142
143
143
143
143
143
143
143
144
144
144
144
144
144
144
-1
145
145
145
-1
146
146
146
-1
147
147
147
148
148
148
148
148
148
149
149
149
149
149
150
150
150
150
150
-1
151
151
151
-1
152
152
152
-1
153
153
153
154
154
154
154
154
155
155
155
155
155
-1
156
156
156
-1
157
157
157
-1
-1
-1
-1
158
158
-1
159
159
159
-1
160
160
160
-1
161
161
162
162
162
162
162
162
163
163
163
163
163
163
163
163
164
164
164
164
164
164
165
165
165
165
165
165
165
166
166
166
166
166
166
167
167
167
167
167
167
168
168
168
168
168
-1
169
169
-1
170
170
170
-1
171
171
171
-1
-1
172
172
-1
173
173
173
-1
174
174
174
175
175
175
175
175
175
175
-1
176
176
176
-1
-1
177
177
-1
-1
178
178
-1
-1
179
179
-1
180
180
180
-1
181
181
181
-1
182
182
182
-1
183
183
147
-1
-1
180
-1
-1
184
184
-1
-1
185
185
-1
186
186
186
187
187
187
187
187
-1
188
188
188
-1
-1
189
189
-1
190
190
190
191
191
191
191
191
191
192
192
192
192
192
192
193
193
193
194
194
194
195
195
195
195
195
195
195
196
196
196
196
196
196
197
197
197
197
-1
-1
198
198
-1
199
199
199
-1
-1
200
200
-1
-1
201
201
-1
-1
202
202
-1
203
203
203
-1
204
204
205
205
205
205
205
205
205
205
206
206
206
206
206
206
207
207
207
207
207
207
208
208
208
208
208
208
-1
-1
209
209
-1
-1
-1
210
210
210
211
211
211
211
211
-1
-1
212
212
-1
-1
-1
-1
213
213
213
-1
214
214
214
215
215
215
215
215
215
215
-1
216
216
216
-1
217
217
217
-1
218
218
219
219
219
219
219
219
219
220
220
220
220
221
221
221
222
222
222
222
222
222
223
223
223
223
223
223
224
224
224
225
225
225
225
225
225
-1
-1
226
226
227
227
227
227
228
228
228
228
229
229
229
229
229
229
229
230
230
230
230
230
231
231
231
231
231
231
231
232
232
232
232
232
232
233
233
233
233
233
233
233
233
234
234
234
234
235
235
235
235
235
236
236
236
236
237
237
237
238
238
238
238
238
238
238
238
239
239
239
239
240
240
240
240
241
241
241
241
241
241
242
242
242
242
242
242
242
243
243
243
243
244
244
244
245
245
245
246
246
246
246
246
246
246
247
247
247
247
248
248
248
248
249
249
249
249
250
250
250
250
-1
251
251
251
-1
252
252
252
253
253
253
254
254
254
254
254
254
254
-1
255
255
255
256
256
256
256
256
-1
257
257
257
-1
258
258
258
-1
259
259
259
-1
260
260
260
-1
261
261
261
-1
262
262
262
-1
-1
-1
-1
263
263
264
264
264
264
264
264
264
-1
265
265
265
266
266
266
266
266
266
266
267
267
267
267
267
267
268
268
268
268
268
268
-1
-1
269
269
269
270
-1
271
271
272
272
272
272
272
272
273
273
273
273
273
273
273
274
274
274
274
-1
275
275
276
276
276
276
277
277
277
277
277
277
277
278
278
278
279
279
279
279
-1
280
280
280
-1
281
281
281
282
282
282
283
283
283
283
283
283
283
284
284
284
284
285
285
285
285
285
285
285
286
286
287
287
287
288
288
288
288
288
288
288
-1
-1
289
289
290
290
290
290
290
290
291
291
291
291
291
292
292
292
292
292
292
292
293
293
293
293
294
294
294
294
294
294
294
295
295
295
295
295
295
295
296
296
296
296
297
297
297
297
297
297
297
298
298
298
298
-1
299
299
299
-1
300
300
300
301
301
301
301
301
301
301
301
-1
302
302
302
303
303
303
303
303
303
303
304
304
304
305
305
305
-1
306
306
306
-1
307
307
307
308
308
308
308
308
309
309
309
309
309
309
310
8
8
8
311
311
311
312
312
312
312
312
313
313
313
313
-1
314
314
314
-1
315
315
315
-1
316
316
316
-1
317
317
317
-1
318
318
318
-1
319
319
320
320
320
320
320
321
321
321
321
322
322
322
323
323
323
323
323
324
324
324
324
325
325
325
325
325
326
326
326
326
326
326
326
327
327
327
327
328
328
328
328
329
329
329
329
330
330
330
331
331
331
331
331
331
-1
-1
332
332
332
333
333
333
333
-1
334
334
334
335
335
335
335
-1
336
336
336
337
337
337
337
338
338
338
338
339
339
339
339
-1
340
340
340
341
341
341
341
342
342
342
342
342
342
342
343
343
343
343
344
344
344
345
345
345
345
345
345
345
345
346
346
346
346
347
347
347
347
347
347
347
348
348
348
348
348
348
348
349
349
349
350
350
350
351
351
351
351
-1
352
352
352
353
353
353
353
353
353
-1
354
354
354
354
355
355
355
355
355
355
356
356
356
356
356
356
356
-1
357
357
357
357
358
358
358
358
359
359
359
359
-1
360
360
360
-1
361
361
361
361
361
362
362
362
362
362
362
362
363
363
363
363
363
364
364
364
364
364
364
364
365
365
365
365
365
365
365
366
366
366
366
366
367
367
367
367
367
367
367
367
368
368
368
368
368
-1
369
369
370
370
370
370
370
370
371
371
371
371
371
371
371
-1
372
372
372
372
373
373
373
373
374
374
374
374
375
375
375
375
375
376
376
376
376
376
377
377
377
377
377
377
377
-1
378
378
378
379
379
379
379
380
380
380
380
380
381
381
381
381
381
381
381
382
382
382
382
382
382
382
383
383
383
383
384
384
384
384
385
385
385
385
385
385
385
386
386
386
386
386
387
387
387
387
388
388
388
388
389
389
389
390
390
390
390
390
391
391
391
392
392
392
392
393
393
393
393
394
394
394
394
395
395
395
395
396
396
396
396
397
397
397
397
397
397
398
398
398
398
399
399
399
399
399
399
400
400
400
400
400
400
400
401
401
401
401
402
402
402
402
403
403
403
403
404
404
404
404
405
405
405
406
406
406
406
407
407
407
407
408
408
408
408
409
409
409
409
409
409
409
409
410
410
410
410
411
411
411
411
411
412
412
412
412
412
413
413
413
413
414
414
414
414
415
415
415
415
416
416
416
416
416
417
417
417
417
418
418
418
418
419
419
419
419
420
420
420
420
421
421
421
421
422
422
422
422
423
423
423
424
424
424
425
425
425
425
426
426
426
426
-1
427
427
427
-1
428
428
275
-1
-1
429
429
-1
-1
430
430
431
431
431
431
432
432
432
432
432
432
432
-1
433
434
434
-1
435
56
56
-1
-1
-1
436
436
436
437
437
437
437
437
-1
-1
438
438
438
439
439
439
439
439
439
439
440
440
440
440
440
440
440
441
441
441
441
-1
442
442
442
-1
443
443
443
-1
444
444
444
445
445
445
445
-1
446
446
446
-1
447
447
447
-1
448
448
448
-1
449
449
449
-1
450
450
450
451
451
451
451
452
452
452
452
453
453
453
453
454
454
454
454
454
454
454
455
455
455
455
455
456
456
456
456
456
457
457
457
457
457
457
458
458
458
458
-1
459
459
459
-1
460
460
460
461
461
461
461
462
462
462
462
463
463
463
464
464
464
464
464
465
465
465
465
465
465
465
-1
466
466
466
467
467
468
468
468
468
468
468
468
469
469
469
469
469
470
470
470
470
471
471
471
471
472
472
472
472
473
473
473
473
474
474
474
475
475
475
476
476
476
477
477
477
477
478
478
478
478
479
479
479
479
479
479
479
480
480
480
480
480
480
480
481
481
481
481
482
482
482
482
483
483
483
484
484
484
484
485
485
485
485
485
485
485
485
486
486
486
486
487
487
487
487
487
487
487
488
488
488
488
488
488
488
489
489
489
489
490
490
490
490
491
491
491
491
492
492
492
492
493
493
493
493
493
493
493
494
494
494
494
494
494
495
495
495
496
496
496
-1
46
46
46
-1
497
497
497
-1
498
498
77
499
499
499
499
499
500
500
501
501
501
501
502
502
502
502
502
503
503
503
503
503
504
504
504
504
504
504
504
505
505
505
505
505
505
505
505
506
506
507
507
507
507
507
507
507
508
508
508
509
509
509
509
-1
510
510
510
-1
-1
-1
-1
-1
-1
-1
-1
-1
-1
-1
-1
-1
-1
-1
511
511
511
-1
512
512
512
513
513
513
513
514
514
514
515
515
515
515
516
516
516
516
517
517
517
517
-1
-1
-1
-1
-1
-1
-1
-1
-1
518
518
518
518
518
518
519
519
519
519
520
520
520
520
521
521
522
522
522
522
522
-1
523
523
523
-1
524
524
524
524
524
524
525
525
525
525
525
525
525
526
526
526
526
526
526
527
527
527
527
528
528
528
528
529
529
-1
-1
530
530
530
-1
531
531
531
532
532
532
532
532
532
532
533
533
533
534
534
534
535
535
535
535
535
535
-1
536
536
536
537
537
537
537
537
537
537
538
538
538
538
539
539
539
539
539
539
539
539
-1
540
540
540
541
541
541
541
541
541
542
542
542
542
-1
543
543
543
-1
544
544
544
-1
545
545
545
546
546
546
-1
547
547
547
-1
548
548
548
-1
549
549
549
-1
550
550
550
-1
551
551
551
-1
552
552
552
553
553
553
553
553
553
554
554
554
554
555
555
555
555
555
555
555
556
556
557
557
557
558
558
558
558
558
558
558
559
559
559
559
559
560
560
560
560
560
560
560
-1
561
561
561
-1
562
562
562
-1
563
563
563
-1
564
564
564
-1
565
565
565
566
566
566
566
566
567
567
567
567
567
568
568
568
568
569
569
569
569
569
569
569
570
570
570
570
570
570
571
571
571
572
572
572
572
-1
573
573
573
574
574
574
574
574
574
574
574
575
575
575
575
575
576
576
576
-1
577
577
577
-1
578
578
578
-1
579
579
579
-1
580
580
580
-1
581
581
581
-1
582
582
582
-1
583
583
583
-1
584
584
584
585
585
585
585
585
585
585
586
586
586
586
586
586
586
586
587
587
587
587
587
-1
588
588
588
-1
589
589
589
-1
590
183
183
591
591
591
592
592
592
-1
593
593
593
594
594
594
595
595
-1
-1
-1
-1
-1
596
596
596
-1
597
597
597
598
598
598
598
598
598
598
-1
599
599
599
-1
600
600
600
-1
-1
601
601
602
602
603
603
603
603
604
604
605
605
605
606
606
606
607
607
607
607
608
608
608
609
609
609
609
610
610
610
610
611
611
612
612
612
612
612
612
613
613
613
613
613
613
613
613
614
614
614
614
614
614
614
614
-1
615
615
616
616
616
616
616
616
616
617
617
617
617
617
617
617
618
618
618
618
-1
619
619
619
-1
620
620
620
621
621
621
621
621
622
622
622
622
623
623
623
623
623
623
623
624
624
624
624
624
625
625
625
625
626
626
626
626
-1
627
627
627
628
628
628
629
629
629
629
630
630
630
630
631
631
631
631
631
631
631
632
632
632
632
633
633
-1
-1
-1
634
634
634
635
635
635
635
636
636
636
636
636
636
637
637
637
637
637
638
638
638
638
638
638
639
639
639
639
639
639
639
640
640
640
640
640
640
641
641
641
641
641
641
-1
-1
642
642
642
642
642
642
642
-1
-1
643
643
643
644
644
644
644
-1
645
645
645
645
645
645
645
-1
628
646
646
646
646
646
646
647
647
647
647
648
648
648
648
-1
649
649
649
649
649
649
650
650
650
650
650
651
651
651
651
652
652
652
652
653
653
653
653
654
654
654
654
655
655
655
655
656
656
656
656
656
656
657
657
657
657
657
657
657
658
658
658
658
658
659
659
659
659
660
660
660
661
661
661
661
661
662
662
445
445
663
663
663
663
664
664
665
665
665
665
666
666
667
667
667
667
-1
668
668
668
-1
669
669
669
-1
670
670
513
-1
-1
-1
-1
-1
671
671
671
671
671
671
671
672
672
672
672
672
672
672
673
673
673
673
673
673
-1
-1
-1
674
674
674
-1
675
675
675
676
676
676
676
677
677
677
677
677
-1
678
678
678
678
679
679
679
680
680
681
681
681
682
682
682
682
683
683
683
683
684
684
684
685
685
685
685
686
686
686
686
686
686
-1
687
687
687
688
688
688
688
689
689
689
689
-1
690
690
690
-1
-1
691
691
-1
692
692
-1
-1
-1
693
693
693
694
694
694
694
694
694
695
695
695
695
695
695
695
696
696
696
696
696
696
696
-1
-1
697
697
-1
698
698
698
699
699
699
699
699
699
-1
700
700
700
-1
701
701
701
-1
702
702
702
-1
703
703
703
-1
704
704
704
-1
705
705
705
-1
706
706
-1
707
707
707
708
708
708
708
708
708
709
709
709
709
709
710
710
-1
-1
711
711
712
712
712
712
712
712
712
-1
713
713
713
714
714
714
714
715
715
715
715
716
716
716
716
716
716
717
717
717
717
718
718
718
-1
719
719
719
720
720
720
720
721
721
721
721
722
722
723
723
723
723
723
723
724
724
724
724
724
724
724
725
725
725
726
726
726
726
727
727
668
668
728
728
728
728
729
729
729
729
729
729
-1
730
730
730
730
730
730
730
731
731
731
731
731
731
731
731
732
732
732
732
732
732
732
733
733
733
733
733
733
733
734
734
734
734
735
735
735
735
736
736
736
736
736
737
737
737
737
737
738
738
738
738
-1
739
739
739
-1
740
740
740
-1
741
741
741
742
742
742
742
743
743
743
743
744
744
744
744
745
745
746
746
746
746
746
746
746
746
747
747
747
747
748
748
749
749
749
749
749
749
749
750
750
750
750
750
750
750
751
751
751
751
751
751
751
752
752
752
752
752
752
-1
753
753
753
754
754
754
754
754
755
755
755
755
-1
756
756
756
-1
757
757
757
758
758
175
175
175
175
175
759
760
760
760
-1
761
761
761
761
761
761
761
762
762
762
762
762
762
762
-1
763
763
763
-1
764
764
764
-1
765
765
765
-1
766
766
766
-1
760
767
768
768
768
-1
-1
769
769
-1
770
770
770
771
771
771
771
771
771
771
-1
772
772
772
773
773
773
773
773
-1
-1
774
774
774
775
775
775
775
775
-1
776
776
776
777
777
777
622
778
778
778
778
779
779
779
779
779
779
779
780
197
197
197
197
781
781
781
781
782
782
782
782
783
783
783
783
784
784
784
784
785
785
785
785
786
786
786
786
786
786
786
787
787
787
787
788
788
788
788
788
789
789
147
147
790
790
790
790
791
791
791
791
792
792
792
792
793
793
-1
794
794
794
794
795
795
795
795
796
796
796
796
797
797
797
797
798
798
798
798
798
798
-1
-1
-1
-1
799
799
799
799
800
800
800
800
801
801
801
801
802
802
802
802
803
803
803
803
804
804
804
804
805
805
805
805
805
805
805
805
806
806
806
806
806
807
807
807
807
808
808
808
808
809
809
809
809
810
810
810
810
811
418
812
812
433
433
813
813
813
797
814
814
814
814
815
815
815
815
816
816
816
816
817
817
817
817
818
818
818
818
819
819
819
820
820
820
820
820
820
820
821
821
821
821
821
821
821
822
822
822
822
822
822
822
823
823
823
823
823
-1
824
824
824
824
824
824
825
825
825
825
825
825
825
825
-1
826
826
826
827
827
827
827
827
827
827
828
828
828
828
829
829
829
829
-1
830
831
831
831
831
831
831
831
832
832
832
832
833
833
833
833
834
834
834
834
834
834
834
835
835
835
835
835
835
835
835
836
836
836
836
837
837
837
837
837
837
837
838
838
838
838
838
838
838
839
839
839
839
839
840
840
840
840
840
840
841
841
841
-1
842
842
842
843
843
843
843
843
843
844
844
844
845
845
845
845
845
845
845
846
846
846
846
846
846
846
-1
847
847
847
-1
848
848
848
848
848
-1
270
849
849
-1
-1
850
850
851
851
851
851
851
851
-1
852
852
852
852
-1
853
853
853
854
854
854
854
854
855
855
855
855
855
855
855
-1
856
856
856
857
857
857
857
857
857
-1
858
858
858
-1
859
859
859
-1
860
860
860
861
861
861
861
861
861
861
861
862
862
862
862
862
862
862
863
863
864
864
864
864
-1
865
865
865
-1
866
866
866
-1
867
867
-1
868
868
868
-1
869
869
869
-1
870
870
870
871
871
871
871
871
-1
872
872
872
-1
873
873
874
874
-1
875
875
875
-1
876
876
876
877
877
877
-1
878
878
878
879
879
879
879
879
879
880
880
880
880
880
880
880
881
881
881
881
881
881
881
-1
-1
882
882
882
-1
-1
883
883
-1
-1
884
884
885
885
885
885
885
885
885
886
886
886
886
886
886
886
-1
887
887
887
-1
888
888
889
889
889
889
889
889
890
890
890
890
890
890
890
-1
-1
-1
-1
-1
891
891
-1
892
693
693
893
893
893
893
893
893
893
-1
894
894
894
-1
895
895
895
-1
896
896
896
-1
897
897
897
-1
-1
898
898
-1
899
899
899
900
900
900
900
900
900
900
-1
901
901
901
-1
902
902
902
903
903
903
903
903
-1
904
904
904
905
905
905
905
905
905
905
906
906
906
906
906
906
906
907
907
907
907
907
907
908
908
908
908
908
909
909
909
909
910
910
910
910
910
910
910
911
911
911
911
911
911
912
912
599
599
913
913
913
913
914
914
914
914
914
915
915
915
915
915
916
916
916
916
916
916
917
917
917
917
918
918
918
918
918
918
918
919
919
919
-1
920
920
920
-1
921
921
921
-1
922
922
922
923
923
923
923
924
924
924
924
925
925
925
925
925
-1
926
926
926
927
927
927
927
-1
928
928
928
-1
929
929
929
930
930
930
930
930
930
930
931
931
931
931
931
931
931
932
932
932
932
932
-1
933
933
933
934
934
934
934
934
934
934
-1
935
935
935
936
936
936
936
936
936
936
937
937
937
938
938
938
938
938
938
938
939
939
939
939
939
939
940
940
940
940
940
940
940
-1
-1
-1
941
941
941
-1
942
942
942
943
944
944
944
-1
945
945
945
-1
946
946
946
947
947
947
947
947
947
947
947
-1
948
948
948
-1
-1
949
949
950
950
950
950
951
951
951
951
-1
-1
952
952
-1
953
953
953
-1
954
954
954
955
955
955
955
-1
956
956
956
-1
957
957
958
958
958
958
959
959
959
959
959
959
960
960
960
960
960
960
960
-1
-1
961
961
962
962
962
962
-1
963
963
964
964
964
964
964
964
964
965
965
965
965
965
965
965
-1
966
966
966
-1
-1
967
967
967
-1
968
968
968
969
969
969
969
969
969
969
970
970
970
970
970
970
970
971
971
971
971
971
971
972
972
972
972
972
-1
973
973
973
973
974
974
974
974
974
975
975
975
975
975
975
975
975
976
976
976
976
977
977
977
977
978
978
978
978
978
979
979
979
979
979
979
979
980
980
980
980
981
981
981
981
981
982
982
982
982
983
983
983
983
-1
984
984
984
984
984
984
984
985
985
985
985
986
986
986
986
986
986
987
987
987
987
988
988
988
988
989
989
989
989
990
990
990
990
-1
991
991
992
992
992
992
992
-1
993
993
993
994
994
994
994
995
995
996
996
996
996
996
996
996
996
997
997
997
997
-1
998
998
998
-1
999
999
999
-1
1000
1000
1000
1001
1001
1001
1001
-1
1002
1002
1002
1003
1003
1003
1003
1003
1003
-1
1004
1004
-1
1005
1005
1005
-1
1006
1006
1006
-1
1007
1007
1007
-1
-1
1008
1008
1008
1009
1009
1009
1009
1009
1010
1010
1010
1010
1010
1010
1010
-1
1011
1011
1011
-1
1012
1012
1012
1013
1013
1013
1013
1013
1013
1013
1014
1014
1014
1014
1014
1015
1015
1015
1015
1015
-1
1016
1016
1016
-1
1017
1017
1017
1017
1017
1018
1018
1018
1018
1018
1018
1018
1018
1019
1019
1019
1019
1019
1019
1019
-1
1020
1020
1020
1021
1021
1021
1021
1021
1022
1022
1022
1022
-1
1023
1023
1023
1024
1024
1024
1024
1025
1025
1025
1025
1026
1026
1026
1026
1026
1026
1027
1027
1028
1028
1028
1028
1029
1029
1029
1029
1030
1030
1030
1030
1030
-1
1031
1031
1031
1031
1031
1031
1031
-1
-1
1032
1032
1032
1033
1033
-1
1034
1034
1034
-1
1035
1035
-1
1036
1036
1036
1037
1037
1037
1037
1037
1038
1038
1038
1038
1038
1038
1038
1039
1039
1039
-1
-1
1040
1040
1040
1041
1041
1041
1041
1041
1041
1041
1041
1042
1042
1042
1042
1042
1042
1042
1043
1043
1043
1043
1044
1044
1044
1044
1045
1045
1045
1045
1046
1046
1046
1046
1047
1047
1047
1047
1047
1047
1047
-1
1048
1048
1048
-1
1049
1049
1049
1050
1050
1050
1050
1050
1050
1050
-1
1051
1051
1051
-1
-1
1052
1052
-1
1053
1053
1053
-1
1054
1054
1054
-1
-1
1055
1055
1056
1056
1056
1056
1056
1056
-1
830
830
830
830
-1
-1
1057
1057
-1
1058
1058
1058
-1
1059
1059
1059
1060
1060
1060
1060
1060
1060
1060
-1
1061
1061
1061
-1
-1
1062
1062
-1
-1
1063
1063
-1
1064
1064
1064
1065
1065
1065
1065
1065
1065
1065
-1
1066
1067
1067
1067
-1
-1
1068
1068
-1
1069
1069
-1
-1
1070
1070
-1
-1
1071
1071
1072
1072
1072
1072
1072
1072
1072
-1
-1
1073
1073
-1
-1
1074
1074
-1
-1
1075
1075
-1
-1
1076
1076
-1
-1
-1
-1
-1
-1
1077
1077
1078
1078
1078
1078
1078
1078
1079
1079
1079
1079
1080
1080
1080
1080
1080
1080
1081
1081
1081
1081
1081
1081
1081
-1
1082
1082
1082
-1
1083
1083
1083
1084
1084
1084
1084
1084
1085
482
482
482
1086
1086
1086
1086
1086
1086
-1
1087
1087
1087
1088
1088
1088
1088
1089
1089
1089
1090
1090
1091
1091
1091
1092
1092
1092
1093
1093
1093
1093
1093
1093
1093
1094
1094
1094
1094
1094
1094
1094
-1
1095
1095
1095
-1
1096
1096
1096
1097
1097
1097
1097
1097
1098
1099
1099
1099
1100
1100
1100
1100
1100
1101
1101
1101
1101
1101
1102
1102
1102
1102
1102
1102
1102
-1
1103
1103
1103
1104
1104
1104
1104
1104
1104
1104
1105
1105
1105
1105
1105
1106
1106
1106
1106
1106
1106
1106
1107
1107
1107
1107
1108
1108
1109
1109
1109
1109
1109
1110
1110
1110
1110
1111
1111
1111
1111
1111
1111
1111
1112
1112
1112
1113
1113
1114
1114
1114
1114
1115
1115
1115
1115
1116
1116
1116
1117
1117
1117
1117
1117
1117
1118
1118
1118
1118
1119
1119
1119
1119
1119
1119
1119
1120
1120
1120
1120
1120
1120
1121
1121
1121
1121
1122
1122
1122
1122
-1
1123
1123
1123
1124
1124
1124
1124
1124
-1
1125
1125
1125
1125
1125
1125
1125
1126
1126
1126
1126
1126
1126
1126
1127
1127
1127
1127
1128
1128
1128
1128
1129
1129
1129
1129
1129
1129
1129
1130
1130
1130
1130
1131
1131
1131
1131
-1
1132
1132
1132
1133
1133
1133
1133
1133
1133
1133
-1
1134
1134
1134
-1
1135
1135
1135
1136
1136
1136
1136
-1
1137
1137
1137
1138
1138
1138
1138
1138
1138
1138
-1
1139
1139
1139
1140
1140
1140
1140
1140
-1
1141
1141
1141
1141
1142
1142
1142
1142
1143
1143
1143
1143
1143
1143
1144
1144
1144
1144
1144
1144
-1
1145
1145
-1
1146
1146
1146
-1
1147
1147
1147
-1
1148
1148
1148
-1
1149
1149
1149
-1
1150
1150
1150
-1
-1
270
270
-1
1151
1151
1151
-1
1152
1152
1152
-1
-1
1153
1153
1153
-1
1154
1154
953
1155
1155
1155
1155
1155
1155
1155
1155
-1
-1
1156
1156
-1
1157
1157
1157
1158
1158
1158
1158
1159
1159
1159
1159
1159
1159
1159
1159
-1
1160
1160
1160
1161
1161
1161
1161
746
746
746
746
1162
1162
1162
1162
1162
1162
1162
1163
1163
1163
1163
1164
1164
1164
1164
1165
1165
1165
1166
1166
1166
1167
1167
1167
1167
1167
1167
1167
1168
1168
1168
1168
1168
1168
1168
1169
1169
1169
1169
1169
1169
1169
1170
1170
1170
1170
1170
1170
1170
1170
1171
759
759
759
1172
1172
1172
1172
-1
1173
1173
1173
1174
1174
1174
1174
-1
-1
-1
-1
-1
-1
-1
-1
1175
1175
-1
1176
1176
1176
-1
1177
1177
1177
-1
1178
1178
1178
-1
1179
1179
1179
1180
1180
1180
1180
1180
1180
1181
1181
1181
1181
1181
1181
1181
1182
1182
1182
1182
1182
1182
1182
-1
1183
1183
1183
-1
1184
1184
441
-1
1185
1185
1185
-1
1186
1186
1186
1187
1187
1187
1187
1187
1188
1188
1189
1189
1189
1189
1189
1189
1189
1190
1190
1190
1190
1190
1190
1190
1191
1191
1191
1191
1191
1191
1191
1192
1192
1192
1192
1192
1193
1193
1193
1193
1194
1194
1194
1194
1194
1195
1195
1195
1195
-1
1196
1196
1196
1197
1197
1197
1197
1197
1197
1198
1198
1198
1198
1199
1199
1199
1199
1199
1199
1200
1200
1200
1200
1201
1201
1201
1201
1202
1202
1202
1202
1202
1203
1203
1203
1203
1204
1204
1204
1204
1205
1205
1205
1205
-1
-1
1206
1206
1206
1207
1207
1207
1207
1207
1207
1207
1208
1208
1208
1208
1209
1209
1209
1210
1210
1210
1210
1211
1211
1211
1212
1212
1212
1212
1213
1213
1213
1213
1213
1214
1214
1214
1214
1214
1214
1214
1215
1215
1215
1215
1216
1216
1216
1216
1217
1217
1217
1217
1218
1218
1218
1218
1218
1218
-1
1219
1219
1219
1219
1220
1220
1220
1220
1220
1220
1220
1221
1221
1221
1221
1222
1222
1222
1223
1223
1223
1223
1223
1223
-1
1224
1224
1224
-1
1225
1225
-1
1226
1226
1226
1227
1227
1227
1227
1227
1227
1227
-1
1228
1228
1228
1229
1229
1229
1229
1229
1229
1229
1230
1230
1230
1230
-1
1231
1231
1231
1232
1232
1232
1233
1234
1234
1234
1235
1235
1235
1235
1235
1235
1235
1235
1236
1236
1236
1236
1236
1236
1237
1237
1237
1237
1237
1238
1238
1238
1238
1238
1238
1238
1239
1239
1239
1239
1239
1239
1239
1239
-1
-1
-1
-1
1240
1240
1240
1240
1240
1240
1240
1241
1241
1241
1241
1241
1241
1241
1242
1242
-1
-1
1243
1243
1244
1244
1244
1244
1244
1244
1244
1245
-1
1246
1246
-1
1247
1247
1247
1248
1248
1248
1248
1248
1249
1249
1249
1249
1249
1249
1249
-1
1250
1250
-1
1251
1251
1251
-1
1252
1252
1252
1253
1253
1253
1253
1253
1253
1253
1254
1254
1254
1254
1254
1254
1254
1255
1255
1255
1255
1255
1255
-1
-1
1256
1256
-1
-1
1257
1257
-1
1258
1258
1258
-1
1259
1259
1260
1260
1260
1260
1260
-1
1261
1261
1261
-1
1262
533
-1
1263
1263
1263
1263
1263
1263
1263
1264
1264
1264
1264
1264
1264
1264
1265
-1
1266
1266
-1
1267
1267
-1
1268
1268
1268
-1
1269
1269
1270
1270
1270
1270
1270
1270
1271
1271
1271
1271
1271
1271
1271
1271
1272
-1
1273
1273
1273
-1
-1
-1
1274
1274
1274
1274
1275
1275
1275
1275
1275
1275
-1
1276
1276
1276
1276
1276
1276
1276
1277
1277
1277
1277
1277
-1
-1
-1
-1
1278
1278
1279
1279
1279
1279
1280
1280
1280
1280
1280
1280
1280
1280
1281
1281
1281
1281
1281
1281
1281
1282
1282
1282
1282
1282
1282
1283
1283
1283
1283
1283
1283
1284
1284
1284
1284
1285
1285
1285
1285
1286
1286
1286
1286
1287
1287
1287
1287
1288
1288
1288
1288
-1
1289
1289
-1
1290
1290
1290
-1
1291
1291
1291
-1
1292
1292
1292
-1
1293
1293
1293
1294
1294
1294
1294
1294
1294
1294
-1
1295
1295
1295
1296
1296
1296
1297
1297
1297
1297
1298
1298
1298
1298
1298
1298
1298
1299
1299
1299
1299
1299
1299
1299
1300
1300
1300
1300
1300
1300
1300
-1
1301
1301
1301
1301
1301
1301
1302
1302
1302
1302
1303
1303
1303
1303
1303
1303
1303
1304
1304
1304
1304
1304
1304
1305
1305
1305
1306
1306
1306
1306
1307
1307
1307
1307
1307
1307
1308
1308
1308
1308
1309
1309
1309
1309
1309
1309
1309
1310
1310
1310
1310
1310
1310
1311
1311
1311
1311
1311
1311
1311
-1
1312
1312
1312
-1
1313
1313
1313
1314
1314
1314
1314
1314
1314
1315
1315
1315
1315
1315
1315
1315
1316
1316
1316
1316
1317
1317
1317
1317
1318
1318
1318
1318
1319
1319
1319
1319
1320
1320
1320
1320
1321
1321
1321
1321
1322
1322
1322
1322
1323
1323
1324
1324
1324
1324
1325
1325
1325
1325
1326
1326
1326
1326
1326
1327
1327
1327
1327
1327
1327
1327
-1
1328
1328
1328
1328
1329
1329
1329
1330
1330
1330
1331
1331
1331
1332
1332
1332
1332
1332
1332
1332
-1
-1
1333
1333
1333
1333
1333
1334
1334
1334
1334
1334
1334
1334
1335
1335
1335
1336
1336
1336
1336
1337
1337
1337
1337
1337
1337
1338
1338
1338
1338
1338
1338
1338
1339
1339
1339
1340
1340
1340
1340
1340
1340
1341
1341
1341
1341
1342
1342
1342
1342
1343
1343
1343
1343
1343
1343
1343
1344
1344
1344
1344
1345
1345
1345
1345
1346
1346
1346
1346
1346
1347
1347
1347
1348
1348
1348
1348
1348
1348
1349
1349
1349
1349
1349
1349
1349
-1
1350
1350
1350
1350
1350
1351
1351
1352
1352
1352
1353
1353
1353
1353
1353
1353
1353
1354
1354
1354
1354
1354
1354
1354
1355
1355
1355
1355
1355
1355
1355
1356
1356
1356
1356
1357
1357
1357
1357
1357
1357
1358
1358
1358
1358
1358
1358
1359
1359
1359
1359
1360
1360
1360
1360
1361
767
767
767
1362
1362
1362
1362
1363
1363
1363
1363
1364
1364
1364
1364
1365
1365
1365
1365
1366
1366
1366
1366
1366
1366
1366
1367
1367
1367
1367
1367
1367
1368
1368
1368
1369
1369
1369
-1
1370
1370
1370
1370
-1
1371
1371
1371
-1
1372
1372
1372
1373
1373
1373
1373
1373
1373
1373
1374
1374
1374
1375
1375
-1
-1
-1
1376
1376
1376
1376
1376
1377
1377
1377
1377
1378
1378
1378
1378
1378
1378
1378
1378
-1
1379
1379
1379
848
848
848
848
1380
1380
1380
1380
1381
1381
1381
1381
1382
1382
1382
1382
1383
1383
1383
1383
1384
1384
1384
1384
1385
1385
1385
1385
1385
1385
1385
1386
1386
1386
1386
1386
1386
1386
1387
1387
1387
1387
1387
1387
1387
1388
628
628
1389
1389
1389
1389
1390
1390
1390
1390
1390
1390
1390
1391
1391
1391
1391
1392
1392
1392
1392
1392
1392
1393
1393
1393
1393
1394
1394
1394
1394
1395
1395
1395
1395
1396
1396
1396
1397
1397
1397
1398
1398
1398
-1
1399
1399
1399
1400
1400
1400
-1
1401
1401
1401
1401
1401
1401
1401
1402
1402
1402
1402
1403
1403
1403
1403
1404
1404
1404
1404
1405
1405
1405
1406
1406
1406
1406
1406
1406
1406
1407
1407
1407
1407
1407
1407
1407
1408
1408
1408
1408
1408
1408
1408
1409
1409
1409
1409
1409
1410
1410
1410
1410
1411
1411
1411
1411
1411
1411
1411
1412
1412
1412
1412
1412
1412
1412
1413
1413
1413
1413
-1
1414
1414
1414
-1
1415
1415
1415
1416
1416
1416
1417
1417
1417
1417
1417
1417
1417
1417
-1
1418
1418
1418
1419
1419
1419
-1
1420
1420
1420
-1
1421
122
122
1422
1422
1422
1422
1423
1423
1423
1423
1423
1423
1424
1424
1424
1424
1424
1424
1424
-1
1425
1425
1425
-1
1426
1426
1426
-1
1427
1427
1427
-1
1428
1428
1428
1429
1429
1429
1430
1430
1430
1430
1430
1430
1430
1430
-1
1431
1431
1431
1432
1432
1432
1432
1432
1432
1433
1433
1433
1433
1433
1434
1434
1434
1434
1434
1434
1435
903
903
903
903
-1
1436
1436
1436
1437
1437
1437
1437
-1
1438
1438
1438
1439
1439
1439
1439
-1
1440
1440
1440
1441
1441
1441
1441
-1
1442
1442
1442
1443
1443
1443
1443
-1
1444
1444
1444
-1
1445
1445
1445
1446
1446
1446
1446
1447
1447
1447
1447
-1
1448
1448
1448
-1
1449
1449
1449
-1
1450
1450
1450
1451
1451
1451
1451
1452
1452
1452
1452
1453
1453
1453
1453
-1
1454
763
763
-1
1455
1455
1455
1456
1456
1456
1456
-1
1457
1457
1457
-1
1458
1458
1458
-1
1459
1459
1459
1460
1460
1460
1460
1460
1460
1461
1461
1461
1461
1461
-1
1462
1462
1462
1463
1463
1463
1463
-1
1464
1464
1464
-1
1465
1465
1465
1466
1066
-1
1467
1467
1467
1467
1467
-1
-1
1468
1468
1468
-1
-1
1469
1469
-1
1470
1470
1470
1470
1470
-1
-1
1471
1073
-1
1472
1472
1472
-1
1473
1473
1473
-1
1474
1474
-1
1475
1475
1475
-1
1476
1476
1476
1477
1477
1477
1477
1477
1477
1477
1478
1478
1478
1478
-1
1479
1479
1479
1479
1479
1479
-1
1480
1480
1480
-1
1481
1481
1481
-1
1482
1482
1482
1483
958
958
1484
1484
1484
1484
1484
1484
1484
1485
1485
1485
1485
1485
1485
1485
-1
1486
1486
1486
-1
-1
1487
1487
-1
1488
1488
1488
-1
-1
1489
1489
1490
1490
1490
1490
1490
1490
1490
-1
1491
1491
818
-1
1492
1492
1493
1493
1493
1493
1494
1494
1494
1494
1495
1495
1495
1495
1496
1496
1496
1496
1497
1497
1498
1498
1498
1499
1499
1499
1499
1499
1499
1500
1500
1500
1500
1500
1500
1500
1501
1501
1501
1501
-1
1502
1502
1502
-1
-1
1503
1503
-1
1504
1504
1504
-1
1505
1505
1505
-1
45
45
45
1506
1506
1506
1506
1506
1506
1506
1507
1507
1507
1508
1508
1508
1508
1508
1508
1509
1509
1509
1509
1509
1509
1509
1510
1510
1510
1511
1511
1511
1511
-1
1512
1512
1512
-1
1513
1513
1513
1514
1514
1514
1514
1515
1515
1515
1515
1515
1516
1516
1516
1516
1517
1517
1517
1517
1517
1518
1518
1518
1519
1519
1519
1519
-1
582
582
-1
1520
1520
1520
-1
1521
1521
1521
-1
1522
1522
1522
-1
1523
1523
-1
1524
1524
1524
1525
1525
1525
1525
1525
1525
1525
1525
-1
1526
1526
1526
1527
1527
1527
1527
1528
1528
1528
1528
1528
1528
1529
1529
1529
1529
1529
1530
1530
1530
1530
1530
1530
1530
1531
1531
1531
1531
1531
1531
1531
1532
1532
1532
1532
1532
1532
1533
1533
1533
1533
1533
1533
1533
1534
1534
1534
1534
1534
1534
1534
1535
1535
1535
1535
1535
1535
1535
1536
1536
1536
1536
1536
1536
1536
1537
1537
1537
1537
1537
1537
1537
1538
1538
1538
1538
1539
1539
1539
1539
1539
1539
1539
1540
1540
1540
1541
1541
1541
1541
-1
1542
1542
1542
1543
1543
1543
-1
1544
1544
1544
-1
1545
1545
1545
-1
1546
766
766
-1
1547
1547
1547
-1
1548
1548
1548
-1
1549
1549
1549
-1
1550
1550
1550
1551
1551
1551
1551
1551
1552
1552
1552
1552
1553
1553
1553
1553
1553
1554
1554
1554
1554
1554
1554
1555
1555
1555
1555
-1
1556
1556
1556
-1
-1
1557
1557
-1
1558
1558
1558
-1
1559
1559
1559
1560
1560
1560
1560
1560
1560
1561
1561
1561
1561
1561
1561
1561
-1
1562
1562
1562
-1
1563
1563
-1
1564
1564
1564
-1
1565
1565
1565
-1
1566
1566
1566
1567
1567
1567
1567
1567
1568
1568
1568
1568
1568
-1
1569
1569
1569
1570
1571
1571
1571
-1
1572
1572
-1
-1
1573
1573
1574
1574
1574
1574
1574
1574
1574
-1
1575
1575
1575
-1
1576
1576
1576
-1
1577
1577
1577
1578
1578
1578
1578
-1
1579
1579
1579
-1
1580
1580
1580
-1
-1
1581
1581
1582
1582
1582
1582
1582
1582
1582
-1
1583
1583
1583
1583
1583
-1
1584
1584
1584
1585
1585
1585
1586
1586
1586
1586
1587
1587
1587
1587
1588
1588
1588
1588
1588
1588
1588
1589
1589
1589
1589
