0
0
0
0
1
1
1
1
2
2
2
2
3
3
3
3
3
3
3
3
4
4
4
4
5
5
5
5
6
6
6
6
7
7
7
7
8
8
8
9
9
9
9
10
10
11
11
11
11
12
12
12
12
13
13
13
13
14
14
14
14
15
15
15
15
16
16
16
16
17
17
17
17
18
18
18
18
19
19
19
19
20
20
20
20
21
21
21
21
22
22
22
22
23
23
23
23
24
24
24
24
25
25
25
25
26
26
26
26
27
27
27
27
28
28
28
28
29
29
29
29
30
18
18
18
31
31
31
32
32
32
32
33
33
33
33
34
34
34
34
35
35
35
35
36
36
36
36
37
37
37
37
38
38
38
38
39
39
39
39
40
40
40
40
41
41
41
41
42
42
42
42
-1
-1
43
43
44
44
44
44
45
45
45
45
41
41
41
46
46
46
47
47
47
47
48
48
48
48
48
49
49
49
49
50
50
50
50
50
51
51
51
51
52
52
52
52
53
53
53
53
53
53
53
-1
54
54
54
54
54
54
54
55
55
55
55
55
55
55
56
56
56
56
56
56
-1
57
57
57
-1
58
58
58
-1
59
59
59
59
60
60
60
61
61
61
61
62
62
62
62
62
62
62
63
63
63
63
63
64
64
64
64
65
65
65
65
66
66
66
66
67
67
67
67
68
68
68
68
68
68
69
69
69
69
70
70
70
70
71
71
71
71
72
72
72
72
72
72
72
73
73
73
73
73
73
73
-1
74
74
74
74
74
75
75
75
75
75
75
-1
76
76
76
77
77
77
78
78
78
78
78
78
78
79
79
79
79
79
79
79
80
80
80
80
80
80
80
81
81
81
81
81
81
81
-1
82
82
82
83
83
83
83
83
-1
84
84
84
85
85
85
86
86
86
86
86
86
86
87
87
87
87
87
87
87
-1
88
88
88
89
89
89
89
89
89
89
90
90
90
90
90
90
90
91
91
91
91
91
91
91
91
92
92
92
92
93
93
93
93
93
93
93
94
94
94
94
94
94
94
-1
95
95
95
96
96
96
96
96
96
97
97
97
97
97
97
98
98
98
98
98
99
99
99
99
-1
100
100
100
101
101
101
101
101
101
101
101
102
102
102
103
103
103
103
104
104
104
104
104
104
-1
105
105
105
-1
106
106
106
107
107
107
107
107
107
-1
108
108
108
109
109
109
109
109
109
109
110
110
110
110
111
111
111
111
111
112
112
112
112
112
112
112
112
113
113
113
113
113
113
113
-1
114
114
114
115
115
115
115
116
116
116
116
117
117
117
117
118
118
118
118
-1
119
119
119
120
120
120
120
121
121
121
121
122
122
122
122
-1
123
123
123
124
124
124
124
124
124
124
125
125
125
125
125
125
125
126
126
126
126
126
127
127
127
127
127
127
128
128
128
129
129
129
129
-1
130
130
130
-1
131
131
131
132
132
132
132
133
133
133
133
133
133
133
-1
134
134
134
-1
135
135
135
136
136
136
136
136
136
136
-1
137
137
137
-1
138
138
138
-1
-1
139
139
-1
140
140
140
-1
-1
141
141
-1
142
142
142
-1
143
143
143
143
144
144
144
144
144
144
145
145
145
145
145
145
-1
146
146
147
147
147
147
148
148
148
148
148
148
148
149
149
149
149
-1
150
150
150
150
-1
151
151
151
152
152
152
152
152
152
152
152
153
153
153
153
153
153
153
-1
154
154
154
155
155
155
155
155
155
155
-1
-1
156
156
-1
157
157
157
-1
158
158
158
159
159
159
159
159
159
159
-1
-1
160
160
-1
161
161
161
-1
162
162
162
-1
163
163
164
164
165
165
165
165
166
166
166
166
166
166
167
167
167
167
-1
168
168
168
169
169
169
169
169
-1
170
170
-1
171
171
171
-1
172
172
172
-1
173
173
173
-1
174
174
174
-1
-1
175
175
176
176
176
176
177
177
177
177
177
177
177
-1
-1
178
178
-1
179
179
179
-1
180
180
180
181
181
181
181
-1
182
182
182
-1
183
183
183
184
184
185
185
185
185
185
186
186
186
186
186
187
187
187
187
187
187
187
-1
188
188
188
189
189
189
189
189
189
189
189
-1
190
190
190
191
191
191
191
-1
192
192
192
193
193
193
193
193
193
193
-1
194
194
194
-1
195
195
195
196
196
196
196
196
196
196
196
197
197
197
198
198
199
199
199
199
199
200
200
200
200
200
200
201
201
201
201
201
201
202
202
-1
203
203
203
204
204
204
204
205
206
206
-1
207
207
207
208
208
208
208
208
209
209
209
209
209
209
209
210
210
210
210
210
210
210
-1
211
211
211
212
212
212
212
212
213
213
213
213
213
213
213
214
214
214
214
214
214
214
215
215
215
215
215
216
216
216
216
217
217
217
217
218
218
219
219
219
219
219
219
219
220
220
220
220
220
220
221
221
221
221
222
222
222
222
222
222
223
223
223
-1
224
224
-1
225
225
225
-1
226
226
226
-1
227
227
227
228
228
228
228
228
228
228
229
229
-1
230
230
230
231
231
231
231
231
232
232
233
233
233
233
233
234
234
234
234
234
234
235
235
235
235
236
236
236
236
237
237
237
237
238
238
238
238
239
239
239
239
240
240
240
240
241
241
241
241
241
-1
242
242
242
242
242
242
242
243
243
243
243
243
243
243
244
244
244
244
245
245
245
245
246
246
246
246
246
246
247
247
247
247
248
248
248
248
248
249
249
249
249
249
249
249
250
250
250
250
250
251
251
251
251
251
251
251
-1
252
252
252
252
-1
-1
253
253
-1
-1
254
254
-1
-1
255
255
-1
256
256
256
257
257
257
257
257
-1
258
258
259
259
259
259
260
260
260
260
260
261
261
261
261
262
262
262
262
262
262
262
263
263
263
263
264
264
264
265
265
265
265
265
265
265
266
266
266
266
266
266
266
267
267
267
267
267
267
267
268
268
268
268
269
269
269
269
269
270
270
270
271
271
271
271
271
272
272
272
273
273
273
273
273
274
274
274
274
275
275
275
275
276
276
276
276
277
277
278
278
278
278
279
279
279
279
279
279
280
280
280
280
280
280
280
281
281
281
282
282
282
282
-1
283
283
283
283
284
284
284
284
284
284
284
284
285
285
285
285
286
286
205
205
287
287
287
287
287
288
288
288
288
289
289
289
289
290
290
290
290
291
291
291
291
291
291
291
292
292
292
292
293
293
293
293
294
294
294
294
294
294
295
295
295
295
296
296
296
296
296
296
296
297
297
297
297
298
298
298
298
298
298
298
299
299
299
299
300
300
300
300
301
301
301
301
302
302
302
302
303
303
303
303
304
304
304
304
305
305
305
305
306
306
306
306
307
307
307
307
308
308
308
308
-1
-1
-1
309
309
309
310
310
310
310
310
310
-1
-1
311
311
311
312
312
312
312
312
312
312
-1
313
313
314
314
315
315
315
315
315
315
316
316
316
316
316
316
317
317
317
317
-1
318
318
318
-1
-1
319
319
320
320
320
320
320
320
320
-1
321
321
321
322
322
322
322
322
322
322
323
323
323
323
324
324
324
324
325
325
325
325
325
325
326
326
326
326
326
326
326
-1
327
327
-1
328
328
328
329
329
329
329
330
330
330
330
330
331
331
331
332
332
332
332
332
332
-1
333
333
333
334
334
334
334
334
-1
335
335
-1
336
336
336
-1
337
337
337
-1
-1
338
338
339
339
339
339
339
-1
340
340
340
341
341
341
341
341
341
341
341
342
342
342
342
342
-1
343
343
343
-1
344
344
344
345
345
345
345
345
345
346
346
346
346
346
346
346
-1
347
347
347
347
347
347
347
348
348
349
349
349
349
350
350
350
350
351
351
351
351
352
352
352
352
352
352
353
353
353
353
354
354
354
354
355
355
355
355
356
356
356
356
356
356
356
357
357
357
357
357
358
358
358
358
358
358
359
359
359
359
360
360
360
360
360
360
360
361
361
361
361
361
361
361
362
362
363
363
363
-1
364
364
364
-1
-1
-1
365
365
365
366
366
366
366
366
366
367
367
367
367
367
367
367
-1
368
368
368
-1
369
369
369
-1
370
370
370
-1
371
371
-1
-1
-1
372
372
372
-1
-1
373
373
-1
374
374
374
374
-1
375
375
375
-1
-1
376
376
377
377
377
377
377
377
-1
-1
378
378
379
379
379
379
379
-1
-1
380
380
-1
381
381
381
-1
382
382
382
383
383
383
383
383
383
383
384
384
-1
-1
-1
-1
385
385
385
386
386
386
386
386
386
386
387
387
387
387
387
387
-1
388
388
388
389
389
389
389
389
389
389
390
390
390
391
391
391
-1
392
392
-1
393
393
393
-1
394
394
394
395
395
395
395
395
-1
396
396
396
-1
-1
397
397
-1
398
398
398
399
399
399
399
399
399
399
400
400
400
400
401
401
401
401
401
401
401
402
402
402
402
403
403
404
404
404
404
405
405
405
405
405
405
405
-1
-1
406
406
406
407
407
407
407
408
408
408
409
409
409
409
409
409
409
-1
410
410
410
411
411
411
411
411
411
411
-1
412
412
412
412
412
412
412
413
413
413
413
414
414
414
414
415
165
165
165
416
416
416
416
416
416
416
417
417
417
417
417
417
417
418
418
418
418
419
419
419
419
420
420
420
420
421
421
421
421
422
422
422
422
423
423
423
423
424
424
424
424
424
424
424
425
425
425
425
426
426
426
426
-1
427
427
427
428
428
428
428
428
428
428
-1
429
429
429
429
430
430
430
430
-1
431
431
431
432
432
432
432
433
433
433
433
434
434
435
435
435
435
435
435
435
436
436
436
437
437
437
437
437
437
437
438
438
438
438
-1
439
439
439
-1
440
440
440
441
441
441
441
442
442
-1
443
443
443
444
444
444
445
445
445
445
446
446
446
446
446
446
447
447
447
447
448
448
448
448
-1
449
449
449
-1
450
450
450
-1
451
451
451
-1
452
452
452
-1
453
453
453
454
454
454
454
454
454
454
455
455
455
455
-1
456
456
456
-1
457
457
457
-1
458
458
458
459
459
459
459
459
459
460
460
460
460
460
-1
461
461
461
462
462
462
462
462
462
-1
463
463
463
464
464
-1
465
465
465
466
466
466
466
466
466
466
-1
467
467
467
468
468
-1
469
469
469
-1
470
470
470
-1
471
471
471
472
472
472
473
473
473
473
473
473
473
474
474
474
474
-1
475
475
475
476
476
476
476
476
476
477
477
477
477
477
477
478
478
478
478
478
478
478
479
479
479
479
479
479
479
-1
480
480
480
-1
481
481
481
481
482
482
-1
483
483
483
-1
484
484
484
485
485
485
485
485
486
486
486
486
486
487
487
487
487
488
488
488
488
488
488
488
489
489
489
489
489
-1
490
490
490
-1
491
491
491
492
492
492
492
492
493
493
493
493
493
493
