0
0
0
0
0
0
0
1
1
1
1
1
1
2
2
2
2
2
2
2
3
3
3
-1
4
4
4
-1
5
5
5
-1
6
6
6
-1
7
7
7
8
8
8
8
8
8
9
9
9
9
9
9
9
9
10
10
10
10
10
10
10
-1
-1
11
11
11
-1
-1
12
12
12
12
-1
13
13
13
14
14
14
14
14
15
15
15
15
16
16
16
16
-1
17
17
17
-1
18
18
18
19
19
19
19
19
19
19
20
20
20
20
21
21
21
21
21
21
21
22
22
23
23
23
24
24
24
24
24
25
25
25
25
25
-1
26
26
26
26
27
27
27
28
28
28
28
28
28
28
-1
29
29
29
-1
30
30
30
-1
31
31
31
-1
32
32
32
-1
33
33
33
34
34
34
34
34
34
34
34
-1
35
35
35
-1
36
36
36
-1
37
37
37
38
39
39
39
-1
40
40
40
-1
41
41
41
42
42
42
42
-1
-1
43
43
43
-1
44
44
44
-1
45
45
45
-1
46
46
46
-1
47
47
47
-1
48
48
48
49
49
49
49
49
49
49
50
50
50
50
51
51
51
51
51
51
-1
52
52
52
53
53
53
53
53
53
53
-1
-1
54
54
54
-1
55
55
55
-1
56
56
56
57
58
58
58
59
59
59
59
59
60
60
60
60
61
61
61
61
-1
-1
-1
-1
-1
62
62
62
-1
63
63
63
-1
-1
-1
64
64
64
-1
65
65
65
-1
66
66
66
-1
67
67
67
68
68
68
68
69
69
69
69
69
69
69
70
70
70
70
71
71
71
71
71
71
71
71
72
72
72
72
72
73
73
73
73
73
74
74
74
74
75
75
75
75
75
76
76
76
76
76
76
76
77
77
77
77
78
78
78
78
79
79
79
79
80
80
80
80
81
81
63
63
82
82
82
82
83
83
83
83
83
84
84
84
84
84
84
84
84
85
85
85
86
86
86
87
87
87
87
87
87
87
88
88
88
88
89
89
89
89
90
90
90
90
91
91
91
91
91
92
92
92
92
93
93
93
93
94
94
94
94
-1
95
95
95
95
95
95
95
96
96
96
96
96
96
96
97
97
97
97
97
97
97
98
98
98
98
99
99
99
99
99
99
99
100
100
100
100
101
101
101
101
102
102
102
102
-1
103
103
103
104
104
105
105
105
105
105
106
106
106
106
106
106
-1
107
107
107
-1
-1
108
108
109
109
109
110
110
110
-1
111
111
111
112
112
112
112
112
112
112
113
113
113
113
113
113
113
-1
114
114
114
-1
115
115
115
116
116
116
116
116
116
116
117
117
117
117
117
117
117
-1
118
118
118
119
119
119
119
119
119
119
-1
120
120
120
-1
-1
121
121
-1
122
122
122
123
123
123
123
123
123
123
124
124
125
125
125
125
126
126
126
126
126
126
126
127
127
127
127
127
127
127
128
128
129
129
129
129
130
130
130
130
131
131
131
131
132
132
132
132
132
132
132
132
133
133
133
133
133
134
134
134
135
135
135
135
135
136
136
136
136
137
137
137
137
138
138
138
138
138
138
138
139
139
139
139
139
139
139
140
140
140
140
141
141
141
141
142
142
142
142
142
142
142
143
143
143
144
144
145
145
145
146
146
146
146
146
-1
147
147
147
147
-1
148
148
148
149
149
149
149
-1
150
150
150
151
151
151
151
151
151
152
152
152
152
152
152
153
153
153
153
153
153
153
-1
154
154
154
-1
155
155
155
-1
156
156
156
157
157
157
157
-1
-1
158
44
-1
159
159
159
-1
160
160
160
-1
-1
161
161
-1
-1
162
162
-1
-1
163
163
164
164
164
164
164
164
-1
165
165
165
-1
166
166
166
-1
167
167
-1
-1
168
168
-1
169
169
169
-1
170
170
170
170
170
171
171
171
171
171
171
171
-1
-1
172
172
-1
173
173
173
174
174
174
174
174
-1
-1
175
175
-1
-1
176
176
-1
-1
177
177
-1
-1
178
178
179
179
179
179
179
179
179
180
180
180
180
180
181
181
181
181
181
181
181
182
182
182
182
182
182
182
183
183
183
183
183
183
183
184
184
184
184
184
185
185
185
185
185
185
186
34
34
34
34
34
34
34
-1
187
187
187
-1
-1
188
188
189
189
189
189
189
189
189
-1
190
44
44
191
192
192
192
-1
193
193
193
-1
194
194
195
195
195
195
195
195
-1
-1
196
-1
-1
-1
197
197
-1
-1
198
198
-1
-1
199
199
-1
-1
200
200
-1
201
201
201
-1
202
202
202
-1
203
203
203
-1
204
204
-1
205
205
205
-1
-1
206
206
-1
-1
207
207
-1
208
208
-1
-1
209
209
-1
-1
210
210
-1
211
211
212
212
212
212
212
212
212
213
213
213
214
214
-1
-1
-1
-1
215
215
215
215
215
215
215
216
216
216
216
217
217
217
218
218
218
218
219
219
219
219
-1
220
220
220
221
221
221
221
221
222
222
222
222
222
223
223
223
223
224
224
224
224
225
225
225
225
225
225
225
226
226
226
226
226
226
226
227
227
227
227
227
-1
228
92
92
92
229
229
229
229
229
230
230
230
230
231
231
231
231
232
232
232
232
232
233
233
233
233
233
233
233
234
234
234
234
234
234
234
234
235
235
235
235
235
235
235
235
-1
236
236
236
-1
237
237
237
238
238
238
238
238
238
238
239
239
239
239
239
-1
-1
240
240
241
241
241
241
241
241
242
242
242
242
243
243
243
243
244
244
244
244
244
244
244
245
245
245
245
245
245
245
-1
246
246
246
-1
247
247
247
248
248
248
248
248
248
248
-1
249
249
249
250
250
250
-1
251
251
251
-1
-1
252
252
253
253
253
253
253
254
254
254
254
254
254
254
255
255
255
255
255
-1
256
256
256
-1
257
257
257
258
258
258
258
258
258
258
258
259
259
259
259
260
260
260
261
261
262
262
262
262
262
262
262
263
263
263
263
263
263
263
264
264
264
264
265
265
266
266
266
266
266
266
-1
-1
267
267
-1
-1
268
268
269
269
269
269
269
269
269
270
270
270
270
270
270
-1
271
271
272
272
272
272
272
-1
-1
273
273
-1
274
274
274
275
275
275
275
275
275
276
276
276
276
276
276
276
277
277
277
277
277
277
277
278
278
278
278
278
278
278
-1
279
279
279
-1
280
280
280
-1
281
281
281
-1
282
282
282
-1
-1
-1
-1
-1
283
283
283
284
284
284
284
284
284
284
284
-1
57
57
57
-1
285
285
286
286
286
286
286
286
286
287
287
287
288
288
288
289
289
289
289
290
290
290
290
291
291
291
-1
292
292
292
293
293
293
293
294
294
294
294
-1
295
295
295
296
296
296
296
297
297
297
297
297
297
297
298
298
298
298
298
298
-1
-1
-1
-1
-1
-1
-1
299
299
299
299
299
299
300
300
300
300
300
301
301
301
301
301
301
301
301
302
302
302
302
303
303
303
304
304
304
305
305
305
-1
306
306
306
307
307
307
307
308
308
308
308
309
309
309
309
-1
310
310
310
311
311
311
311
312
312
312
312
312
313
313
313
313
314
314
314
314
315
315
315
315
316
316
316
316
317
317
317
-1
-1
-1
318
318
318
318
318
318
318
319
319
319
319
319
319
319
-1
320
320
320
320
320
321
321
321
322
322
322
322
323
323
323
323
324
324
324
324
325
325
325
325
326
326
326
326
-1
327
327
327
328
328
328
328
-1
329
329
329
-1
330
330
330
331
331
331
331
332
332
332
332
332
-1
-1
333
333
333
333
333
333
333
-1
-1
-1
-1
-1
-1
334
334
334
334
335
335
335
335
336
336
336
336
337
337
337
337
337
338
338
338
338
339
339
339
339
339
339
339
340
340
340
340
341
341
341
341
342
342
342
342
343
343
343
343
344
344
344
344
344
344
344
345
345
345
346
346
346
346
346
346
346
347
347
347
347
347
348
348
348
348
349
349
349
349
349
349
349
350
350
350
350
350
351
351
351
351
351
352
352
352
352
353
353
353
353
354
354
354
354
354
354
355
355
355
355
356
356
356
356
356
356
357
357
357
357
358
358
358
358
359
359
359
359
360
360
360
360
360
360
360
361
361
361
361
362
362
362
362
363
363
363
363
364
364
364
364
364
364
364
364
365
365
365
365
365
366
366
366
366
366
366
366
366
367
367
367
367
367
367
368
368
368
368
368
369
369
369
369
370
370
370
370
371
371
371
371
372
372
372
372
-1
373
373
373
374
374
374
374
374
375
375
375
375
375
375
375
376
376
376
376
376
376
376
377
377
377
377
377
377
377
378
378
378
378
378
378
378
379
379
379
379
379
380
380
380
381
381
381
381
381
381
382
382
382
382
383
383
383
384
384
384
385
385
385
386
386
386
386
-1
387
387
387
-1
388
388
388
389
389
389
389
389
390
390
390
390
390
390
390
391
391
391
391
391
391
391
392
392
392
392
392
393
393
393
393
393
-1
394
394
394
-1
395
395
396
396
396
396
397
397
397
-1
398
398
398
398
398
398
-1
399
399
399
400
400
400
400
400
401
401
401
402
402
402
402
402
402
-1
403
403
403
-1
404
404
404
405
405
405
405
405
406
406
395
395
407
407
407
407
407
407
407
407
408
408
408
408
408
408
409
409
409
409
409
409
409
410
410
410
410
410
410
410
411
411
411
411
411
411
411
412
412
412
412
412
412
413
413
413
413
414
414
414
414
415
415
415
415
415
415
415
416
416
416
416
417
417
417
417
418
418
-1
-1
419
419
419
419
419
419
419
419
420
420
420
420
421
421
421
422
422
422
422
423
423
423
423
424
424
424
424
424
424
424
425
425
425
425
426
426
426
426
427
427
427
427
428
428
428
428
429
429
429
429
430
430
430
430
431
431
431
431
431
432
432
432
432
433
433
433
433
434
434
434
434
435
435
435
435
435
436
436
436
196
437
437
437
437
438
438
438
438
439
439
439
440
440
440
440
441
441
441
441
442
442
442
442
443
443
443
444
444
444
444
445
445
445
445
445
445
445
446
446
446
446
447
447
447
447
447
447
448
448
448
449
449
449
449
449
450
450
450
450
450
451
451
451
451
451
451
451
452
452
452
452
452
452
452
-1
453
453
453
454
454
454
455
455
456
456
456
456
456
456
457
457
457
457
458
458
458
458
458
458
458
459
459
459
459
460
460
460
461
461
461
461
-1
462
462
462
463
463
463
463
464
464
464
464
464
464
465
465
465
465
465
465
465
466
466
466
466
466
467
467
467
468
468
468
468
468
468
-1
469
469
470
470
470
471
471
471
471
471
471
472
472
472
472
473
473
473
473
474
474
474
474
-1
475
475
475
476
476
476
476
476
476
476
477
477
477
477
477
477
478
478
478
478
478
-1
479
101
101
480
480
480
480
480
480
480
481
481
481
481
481
481
481
482
482
482
482
-1
483
483
483
484
484
484
484
484
484
485
485
485
485
486
486
486
486
486
486
486
486
-1
487
487
487
488
488
488
488
488
488
489
489
489
489
489
489
489
-1
490
490
490
490
490
490
490
491
491
491
492
492
492
-1
-1
-1
493
493
493
494
494
494
494
-1
495
495
495
496
496
496
496
497
497
498
498
498
498
-1
499
499
499
500
500
501
501
501
501
501
501
502
502
502
502
503
503
503
503
504
504
504
504
505
505
505
505
505
505
506
506
506
506
506
506
507
507
507
508
508
508
508
508
508
509
509
509
509
509
510
510
510
510
-1
511
511
511
-1
512
512
512
513
513
513
513
513
513
513
514
514
514
514
514
514
514
515
515
515
515
515
516
516
516
516
517
517
517
517
517
-1
518
518
518
519
519
519
519
520
520
520
520
-1
521
521
521
-1
522
522
522
523
523
523
523
523
523
523
-1
524
524
524
525
526
526
526
-1
527
527
527
528
528
528
528
529
529
529
529
530
530
530
530
531
531
532
532
532
532
532
533
533
533
533
533
533
534
534
534
534
535
535
535
535
535
535
536
536
536
536
536
536
537
537
537
537
537
537
537
538
538
538
538
538
538
-1
150
150
-1
539
539
539
-1
540
540
540
-1
-1
541
541
541
541
542
542
542
542
542
542
542
543
543
543
543
543
543
543
544
544
544
544
544
544
-1
545
545
545
546
546
546
546
547
547
547
547
548
548
548
548
549
549
550
550
550
550
-1
551
551
551
-1
552
552
552
553
553
553
553
553
554
554
554
554
555
555
555
555
556
556
556
556
556
556
556
557
557
557
557
557
557
557
558
558
558
558
558
558
558
559
559
559
559
559
559
559
560
560
560
560
560
-1
561
561
561
-1
562
562
562
562
562
562
562
563
563
563
563
563
563
563
564
564
564
564
-1
565
565
565
-1
566
566
566
567
567
567
567
567
567
567
567
568
568
568
568
568
568
568
569
569
569
569
569
569
570
570
571
571
571
571
572
572
573
573
573
573
573
573
574
574
574
574
575
575
575
575
576
576
576
576
577
577
577
577
578
578
578
578
579
579
579
579
580
580
580
580
581
581
581
581
582
582
582
583
583
583
583
584
584
584
584
585
585
585
586
586
586
586
587
587
587
588
588
588
588
588
588
589
589
589
589
589
589
589
590
590
590
590
-1
591
591
591
-1
592
592
592
-1
593
593
593
594
594
594
594
594
594
594
595
595
595
595
595
595
-1
579
596
596
-1
-1
597
597
-1
598
598
598
598
-1
599
599
599
599
-1
600
600
600
-1
-1
601
601
-1
602
602
602
602
603
603
603
603
603
603
603
-1
604
604
604
-1
-1
605
605
-1
-1
606
606
-1
-1
-1
-1
607
607
607
-1
-1
608
608
-1
-1
609
609
610
610
610
610
610
610
610
-1
611
611
611
-1
612
612
612
-1
-1
613
613
-1
-1
614
614
615
615
615
615
615
615
616
616
616
616
616
616
616
-1
617
617
618
618
618
618
618
618
618
618
619
619
619
619
619
620
620
620
620
620
620
621
621
621
621
621
621
621
-1
622
622
622
622
-1
-1
623
623
-1
-1
624
624
624
-1
625
625
-1
626
627
44
628
628
628
628
628
-1
629
629
629
-1
630
630
630
631
631
631
631
631
631
632
632
632
632
632
632
632
-1
633
633
633
633
633
633
633
634
634
635
635
635
-1
636
636
636
-1
637
637
637
638
638
638
638
638
638
638
639
639
639
639
639
640
640
640
640
-1
641
641
641
642
642
642
642
642
643
643
643
643
643
643
643
644
644
645
645
645
645
645
645
646
646
646
646
646
646
646
647
647
647
647
647
647
647
648
648
648
648
649
649
649
649
649
649
649
-1
650
650
650
-1
651
651
651
-1
652
652
652
653
653
653
653
653
653
653
654
654
654
654
654
-1
655
655
655
656
656
656
656
656
656
657
657
657
657
657
657
657
658
658
658
658
658
658
658
-1
659
659
659
660
660
660
660
660
660
660
661
661
661
662
662
662
662
663
663
663
663
663
663
664
664
664
-1
665
665
665
-1
666
666
666
667
667
667
667
667
667
668
668
668
668
668
668
668
-1
-1
-1
-1
669
669
669
669
670
670
670
670
670
670
-1
671
671
671
672
672
672
672
672
672
672
673
673
673
673
673
674
674
674
674
675
675
675
675
675
675
675
676
676
676
676
677
677
677
677
678
678
678
168
679
679
679
679
680
680
680
680
681
681
681
681
682
682
682
682
683
683
683
683
684
684
684
684
685
685
685
685
685
686
686
686
687
687
687
687
687
687
687
688
688
688
688
688
689
689
689
689
690
690
690
690
-1
691
691
691
691
692
692
692
692
693
693
693
693
694
694
694
694
695
695
695
695
695
696
696
696
696
696
696
697
697
697
697
698
698
698
698
698
698
698
-1
-1
699
699
699
699
-1
700
700
700
-1
701
701
701
-1
702
702
702
703
703
703
703
-1
704
704
704
705
705
705
705
706
706
706
706
706
706
706
707
707
707
708
708
708
708
708
708
708
709
709
709
709
710
710
710
710
711
711
711
711
711
712
712
712
712
713
713
713
713
714
714
714
714
-1
715
715
715
-1
-1
-1
716
716
716
716
717
717
717
717
718
718
718
718
-1
719
719
442
-1
720
720
720
-1
721
721
721
722
722
722
722
722
722
723
723
723
723
723
723
723
723
724
724
724
725
725
725
725
725
725
-1
726
726
726
727
727
727
727
-1
728
728
728
729
729
729
729
729
729
729
729
-1
-1
-1
-1
730
730
730
730
731
731
731
731
732
732
732
732
732
732
732
-1
733
733
733
733
733
733
733
734
734
734
734
734
734
734
-1
735
735
735
736
736
736
736
736
-1
-1
737
737
738
738
738
738
739
739
739
739
739
739
739
739
740
740
740
740
740
740
741
741
741
741
741
741
741
-1
742
742
743
743
743
743
743
743
743
744
744
744
744
745
745
745
745
745
746
746
747
747
747
747
748
748
748
748
748
748
748
748
749
749
749
749
750
750
750
750
751
751
751
751
751
752
752
752
752
753
753
753
753
754
754
754
754
-1
755
755
755
756
756
756
756
756
756
756
-1
757
757
757
758
758
758
758
758
-1
759
759
759
-1
760
760
760
-1
761
761
761
-1
762
702
702
-1
763
763
763
-1
764
764
764
765
765
765
765
-1
766
766
766
766
766
766
766
767
72
72
72
72
768
768
768
768
769
769
769
769
770
770
770
770
-1
771
771
771
772
772
772
772
772
772
772
-1
773
773
773
774
774
774
774
774
774
774
775
775
775
775
775
775
776
776
776
777
777
777
777
777
777
778
778
778
778
778
778
778
779
779
779
779
779
779
779
780
780
780
780
780
-1
781
781
781
-1
782
782
782
-1
783
783
783
784
784
784
784
785
785
785
785
785
785
785
786
786
786
786
787
787
787
787
787
787
788
788
788
788
788
788
-1
789
789
789
790
790
790
790
791
791
791
791
791
791
792
792
793
793
793
793
794
794
794
795
795
795
795
-1
-1
-1
796
796
796
796
796
796
796
797
797
797
797
797
-1
798
798
798
-1
-1
799
799
-1
-1
800
800
801
801
801
801
801
801
801
801
802
802
802
802
803
803
803
803
803
803
803
-1
804
804
804
-1
805
805
805
-1
-1
806
806
-1
-1
807
807
-1
-1
808
808
-1
-1
809
809
-1
810
810
811
811
811
811
811
811
811
812
812
812
812
812
812
812
-1
-1
813
813
814
815
815
815
816
816
816
816
816
816
816
816
-1
817
817
817
-1
818
818
818
819
819
819
-1
820
820
-1
-1
821
821
821
821
821
821
821
821
822
822
822
822
822
822
822
823
823
823
823
823
823
824
824
824
824
825
825
825
825
826
826
826
826
826
827
827
827
827
828
828
828
828
829
829
829
830
830
830
830
831
831
831
831
831
831
832
832
832
832
832
832
832
833
833
833
833
833
834
834
834
834
834
835
835
835
835
836
836
836
836
837
837
837
837
838
838
838
838
839
839
839
839
839
840
840
840
840
841
841
842
842
842
842
843
843
843
844
844
844
845
845
845
845
846
846
846
846
847
847
847
847
847
847
848
848
848
849
849
849
849
849
849
849
850
850
850
850
851
851
851
851
851
851
852
852
852
852
852
852
852
853
853
853
853
853
853
853
854
854
854
854
854
855
855
855
856
856
856
856
856
856
857
857
857
857
858
858
858
858
858
858
858
859
859
859
859
859
859
859
859
860
860
860
860
861
861
861
-1
862
862
862
862
863
863
863
863
864
864
864
864
865
865
865
865
866
866
866
866
866
775
867
867
867
867
867
867
867
868
868
868
868
868
869
869
869
869
869
869
869
870
870
870
870
871
871
871
871
872
872
872
872
873
873
873
873
874
874
874
874
875
875
875
875
875
875
876
876
876
876
876
876
876
877
877
877
877
878
878
878
878
878
879
879
879
879
880
880
880
880
881
881
881
881
882
882
882
882
883
420
-1
884
884
884
884
885
885
885
885
885
885
886
886
886
886
886
886
887
887
887
887
887
887
887
888
888
888
888
889
889
889
889
889
889
889
890
890
890
890
890
890
891
891
891
892
892
892
893
893
893
894
894
894
894
895
895
895
895
895
896
896
896
896
897
897
897
897
898
898
898
898
898
898
898
899
899
899
899
900
900
900
900
1088
-1
-1
901
901
901
901
902
902
902
902
902
903
903
903
903
903
904
904
904
904
904
904
904
904
-1
-1
905
905
906
906
906
906
906
906
906
907
907
907
907
907
907
907
908
908
908
908
908
908
908
909
909
909
909
909
909
909
-1
-1
-1
910
910
910
-1
911
911
911
-1
912
912
912
913
913
913
913
913
913
913
-1
-1
914
914
-1
-1
915
161
916
916
916
916
916
916
917
917
917
917
917
917
-1
-1
918
918
-1
919
919
919
919
919
919
919
920
920
920
920
920
920
921
921
921
921
921
921
921
922
922
923
923
923
924
924
924
924
925
925
925
925
925
926
926
926
926
926
926
926
-1
927
927
927
928
928
928
928
928
928
928
929
929
929
929
929
929
929
-1
930
930
930
931
931
932
932
932
932
932
933
933
933
933
933
933
934
934
934
934
934
-1
935
935
935
936
936
936
936
937
937
937
938
938
938
938
939
939
939
939
-1
940
940
940
941
941
941
941
941
941
941
942
942
942
942
942
942
942
943
943
943
943
944
944
944
944
944
-1
945
945
945
946
946
946
946
947
947
947
947
948
948
948
948
948
948
948
949
949
949
949
950
950
950
950
950
950
950
951
951
951
951
-1
952
952
952
953
953
416
416
954
954
954
954
955
955
955
955
955
956
956
956
956
956
957
957
957
957
957
958
958
958
958
958
958
958
959
959
959
959
959
960
960
960
960
960
960
960
960
961
961
961
961
961
961
961
962
962
962
962
963
963
963
963
-1
964
964
964
-1
965
965
965
966
966
966
966
966
966
-1
967
967
967
-1
968
968
968
-1
969
969
969
-1
970
970
970
-1
971
971
971
-1
972
972
972
973
973
973
973
-1
974
974
974
975
975
975
975
976
976
976
976
976
976
977
977
977
977
977
977
978
978
978
978
979
979
979
979
979
979
979
980
980
980
980
981
981
981
981
982
982
982
982
983
983
983
983
983
585
984
984
984
984
984
984
984
985
985
985
985
986
986
986
986
987
987
987
987
988
988
988
988
988
988
988
989
989
989
989
989
989
989
990
990
990
990
990
990
990
991
991
991
992
992
992
993
993
993
993
993
993
994
994
994
994
994
-1
995
995
995
-1
996
996
996
997
997
997
997
997
997
997
997
998
998
998
998
998
998
998
999
999
999
999
999
999
999
1000
1000
1000
1000
1000
1000
1001
1001
1001
1001
1002
1002
1002
1002
1002
-1
1003
1003
1003
-1
1004
1004
1004
-1
1005
1005
295
1006
1007
1007
1007
-1
1008
1008
1008
1009
1009
1009
1009
1009
-1
1010
1010
1010
1011
1011
1011
1011
1011
1011
-1
1012
1012
1012
-1
1013
1013
1013
-1
1014
1014
315
-1
1015
1015
1015
1016
1016
1016
1016
1016
1016
1016
-1
1017
1017
-1
1018
1018
1018
1019
1019
1019
1019
1020
1020
1020
1020
1020
1020
1020
-1
1021
1021
1021
-1
1022
1022
1022
-1
1023
1023
1023
1024
1024
1024
1024
1024
-1
1025
1025
1025
-1
1026
1026
1026
-1
-1
1027
1027
1028
1028
1028
1029
1029
1029
-1
1030
1030
1030
-1
1031
1031
1031
-1
1032
1032
1032
1033
1033
1033
1033
1033
1033
1033
1033
1034
1034
1034
1034
1034
1034
1034
-1
1035
1035
1035
1036
1036
1036
1036
1036
1036
1036
-1
1037
1037
1037
-1
1038
1038
1038
-1
1039
1039
1039
-1
1040
1040
1040
1041
1041
1041
1041
1041
1041
1042
1042
1042
1042
1042
1042
1042
-1
1043
1043
1043
-1
1044
1044
1044
1045
1045
1045
1045
1045
1045
1045
1046
1046
1046
1046
1046
1046
1047
1047
1047
1047
1047
1047
1047
1048
1048
1048
1048
1048
1048
1048
1049
1049
1049
1049
1049
1049
1049
-1
1050
1050
1050
-1
1051
13
13
-1
1052
1052
1052
1053
1053
1053
1053
1053
1054
1054
1054
1054
1054
1055
1055
1055
1055
1056
1056
1056
1056
1056
1056
1057
1057
1057
1057
1057
1057
1057
1058
1058
1058
1058
1058
1058
1058
1059
1059
1059
1059
1059
1059
1059
1060
1060
1060
1060
1060
1060
1060
1061
1061
1061
1061
1061
1062
1063
1063
1063
-1
1064
1064
1064
1065
1065
1065
1065
1066
1066
1066
1066
1066
1066
1067
1067
1067
1067
1068
1068
1068
1069
1069
1069
1069
1070
1070
1070
1070
1070
-1
1071
1071
-1
1072
1072
1072
1072
-1
-1
1073
1073
-1
1074
1074
1074
1075
1075
1075
1075
-1
1076
1076
1076
1077
1077
1077
1077
1077
1077
1077
1078
1078
1078
1078
1078
1078
1078
1079
1079
1079
1079
1079
1079
1079
1080
1080
1080
1080
1080
1080
1080
1081
1081
1081
1081
-1
1082
1082
1082
-1
1083
1083
1083
-1
1084
1084
1084
-1
1085
1085
1085
-1
1086
1086
1086
-1
1087
579
579
1088
1088
1088
1088
1089
1089
1089
1089
1089
1089
1089
1090
1090
1090
1090
1090
1090
1090
-1
1091
1091
1091
-1
1092
1092
1092
-1
1093
1093
1093
-1
1094
1094
1094
-1
1095
1095
1095
1096
1096
1096
1096
1096
1096
1097
1097
1097
1097
1097
1097
1097
1098
1098
1098
1098
1098
-1
1099
1099
1099
1100
1100
1100
1100
1100
1100
1100
-1
1101
1101
1101
-1
1102
1102
1102
1103
1103
1103
1103
1103
1103
1104
1104
1104
1104
1104
1104
1104
1105
1105
1105
1105
1106
1106
1106
1106
-1
1107
1107
1107
1107
1107
1107
1108
1108
1108
1108
1108
1108
1108
1109
1109
1109
1109
1109
1109
1110
1110
1110
1111
1111
1111
1111
1111
670
670
670
670
670
1112
1112
1112
1112
1112
1112
1112
1112
-1
1113
1113
1113
1113
1113
1113
1113
1114
1114
1114
1115
1115
-1
1116
1116
-1
-1
1117
1117
-1
1118
1118
1118
-1
-1
1119
1119
1120
1120
1120
1120
-1
1121
1121
1121
-1
1122
1122
1122
1123
1123
1123
1123
1123
1123
1123
-1
-1
-1
1124
1124
1124
-1
-1
1125
1125
-1
1126
1126
1126
-1
-1
1127
1127
-1
1128
1128
1128
-1
1129
1129
1129
-1
1130
1130
1130
-1
-1
1131
1131
1132
1132
1132
1132
1132
1132
1133
1133
1133
1133
1134
1134
1134
1134
1135
1135
1135
1135
1136
1136
1136
1136
1137
1137
1137
1137
1137
1138
1138
1138
1138
1139
1139
1139
1140
1140
1140
1141
1141
1141
1141
1141
1141
1141
1142
1142
1142
1142
1143
1143
1143
1143
1143
1143
1143
1144
1144
1144
1144
1144
1144
1144
1145
1145
1145
1145
1146
1028
1028
1028
1028
1028
1028
1147
1147
1147
1147
1148
1148
1148
1148
1149
1149
1149
1149
1150
1150
1150
1150
1151
1151
1151
1151
1151
1151
1152
1152
1152
1152
1152
1152
1152
1153
1153
1153
1153
1154
1154
1154
1154
1155
1155
1155
1155
1156
1156
1156
1156
1157
1157
-1
1158
1158
1158
1159
1159
1159
-1
283
283
1160
1161
1161
1161
-1
1162
1162
1162
-1
1163
1163
1163
-1
1164
702
702
1165
1165
1165
1166
1166
1166
1166
1167
1167
1167
1167
1168
1168
1168
1168
1169
1169
1169
1169
-1
-1
1170
1170
1170
1171
1171
1171
1171
1172
1172
1172
1172
1172
1172
1173
1173
1174
1174
1174
1174
1174
1174
1175
1175
1175
1175
1175
1175
1175
1176
1176
1176
1176
1177
1177
1177
1177
-1
1178
1178
1178
-1
1179
1179
1179
1180
1180
1180
1181
1181
1181
1181
1181
1181
1181
1182
1182
1182
1182
1183
1183
1183
1183
1183
-1
1184
1184
1184
1185
1185
1185
1185
1185
1185
-1
1186
1186
1186
1186
1186
1187
1187
1187
1188
1188
1188
1188
1189
1189
1189
1189
-1
1190
1190
1190
1191
1191
1191
1191
-1
1192
1192
1192
1193
1193
1193
1193
1194
1194
1195
1195
1195
1195
1195
1196
1196
1197
1197
1197
1198
1198
1198
1198
1198
1198
1199
1199
1199
1199
1200
1200
1200
1200
1200
1201
1201
1201
1201
1202
1202
1203
1203
1203
1203
-1
1204
1204
1204
1205
1205
1205
1205
1206
1206
1206
1206
1206
1206
1207
1207
1207
1207
1207
1207
-1
1208
1208
1208
-1
1209
1209
1209
1210
1210
-1
-1
-1
1211
1211
1211
1211
1211
1211
1212
1212
1212
1212
1212
1213
1213
1213
1213
-1
1214
1214
1215
1215
1215
1215
1216
1216
1216
1217
1217
1217
1217
1218
1218
1218
1218
1218
1218
1218
1219
1219
1219
1219
1219
1219
1220
1220
1220
1220
1221
1221
1221
1222
1222
1222
1222
1223
1223
1223
1223
1223
1223
1223
1224
1224
1224
1224
1224
1224
1224
1224
1225
1225
1225
1225
1225
1226
1226
1226
1226
1226
1226
1227
1227
1227
1227
1227
-1
1228
1228
1228
1228
-1
1229
1229
1229
1229
1230
1230
1230
1230
1231
1231
1231
1231
1232
1232
1232
1232
1232
1232
1232
1233
1233
1233
1233
1234
1234
1234
1234
1234
1234
1234
1234
1235
1235
1235
1235
1236
1236
1236
1236
1236
1236
1237
1237
1237
1238
1238
1238
1238
-1
1239
1239
1239
1240
1240
1240
1240
1241
1241
1241
1241
1242
1242
1242
1242
1243
814
1244
1244
1244
1244
1245
1245
1245
1245
1246
1246
1246
1246
1247
1247
1247
1247
1248
1248
1248
1248
-1
1249
1249
1249
1250
1250
1250
1250
-1
1251
1251
611
1252
1252
1252
1252
1252
1252
1252
1253
1253
1253
1253
1253
1253
1254
1254
1254
1254
1254
1254
1254
1255
1255
1255
1255
1255
1255
1255
-1
1256
1256
1256
-1
1257
1257
1257
-1
1258
1258
1258
-1
1259
1259
161
1260
1260
1260
1260
1260
1260
1260
-1
1261
1261
1261
-1
1262
1262
1262
-1
1263
1263
1263
1264
1264
1264
1264
1264
1264
1264
-1
1265
1265
1265
-1
1266
1266
1266
-1
1267
1267
1267
-1
1268
1149
-1
1269
1269
1269
1270
1270
1270
1270
1270
1270
1270
1271
1271
1271
1271
1271
1271
1271
-1
1272
1272
1272
-1
574
574
574
1273
1273
1273
1273
1273
1273
-1
1274
1274
1274
1275
1275
1275
1275
1275
1275
1275
-1
1276
1276
1277
1277
1277
1277
1278
1278
1278
1278
1279
1279
1279
1279
-1
-1
1280
1280
1281
1281
1281
1281
1281
1282
1282
1282
1282
1282
1282
1282
1283
1283
1283
1283
1283
1283
1283
1283
-1
1284
1284
1284
1285
1285
1285
1285
1286
1286
1286
1286
1287
191
191
191
1288
1288
1288
1288
1289
1289
1289
1289
1289
1289
1289
1290
1290
1290
1290
1290
1290
1290
1291
1291
1291
1291
1291
1292
1292
1292
1292
1293
1293
1293
1293
1294
1294
1294
1294
1295
1295
1295
1295
1296
1296
1296
1296
1296
1296
1296
1297
1297
1297
1298
1298
1298
1299
1299
1299
1299
1299
1299
1299
1300
1300
1300
1300
1300
1300
1300
-1
1301
336
336
1302
1302
1302
1302
1303
1303
1303
1303
1303
1303
1303
1304
1304
1304
1304
1305
1305
1305
1305
1305
1305
1305
-1
1306
1306
1306
-1
1307
1307
1307
-1
1308
1308
1308
1309
1309
1309
1309
1310
1310
1310
1310
1311
1311
1311
1311
1311
1311
1311
1311
1312
1312
1312
1312
1312
1312
1312
1313
1313
1313
1313
1313
1313
1314
1314
1314
1314
1314
1314
1314
1315
1315
1315
1315
1315
1315
1316
1316
1316
1316
1316
1316
1316
1317
1317
1317
1317
1318
1318
1318
1318
1318
1318
1318
-1
1319
1319
1319
-1
-1
1320
1320
1320
1320
1320
1320
1320
-1
1321
1321
1321
-1
1322
1322
1322
-1
1323
1323
1323
-1
1324
1324
1324
-1
1325
1325
1325
1325
1325
1325
1325
1325
1326
1326
1326
1326
1326
1327
1327
1327
1327
-1
1328
1328
1328
1329
1329
1329
1330
1330
1330
1330
-1
1331
1331
1331
-1
1332
1332
1332
-1
1333
1333
1333
1333
1333
1333
1333
1334
1334
1334
1334
1335
1335
1335
1335
1335
1336
1336
1336
1336
1336
1336
1336
1337
1337
1337
1337
1338
1338
1338
1339
1339
1339
1339
1340
1340
1340
1340
1340
1340
1341
1341
1341
1341
1341
1341
1341
1342
1342
1342
1342
1342
1342
1342
1343
1343
1343
1343
1344
59
1345
1345
1346
525
525
525
1347
1347
1347
1347
1348
1348
1348
1348
1349
1349
1349
1349
1350
1350
1350
1350
1350
1350
1350
1351
1351
1351
1351
1352
1352
1352
1352
1353
1353
1353
1353
1354
1354
1354
1354
1355
1355
1355
1356
1356
1356
1356
1357
1357
1357
1357
-1
1358
1358
1358
1358
1358
1358
1358
1359
1359
1359
1359
1359
1359
1359
1360
1360
1360
1360
1361
1361
1361
1361
1361
1361
1362
1362
1362
1362
1362
1362
1363
1363
1363
1363
-1
1364
1364
1365
1365
1365
150
1366
1366
1366
1366
1367
1367
1367
1367
1368
1368
1368
1368
1368
1368
1368
1368
-1
1369
1369
1369
1370
1370
1370
1370
1371
1371
1371
1371
1372
1372
1372
1372
1373
1373
1373
1373
1374
1374
1374
1374
1375
1375
1375
1375
1376
1376
1376
1376
1376
1376
1377
1377
1377
1377
1377
1377
1377
1378
1378
1378
1378
-1
1379
1379
1379
-1
1380
1380
1380
1381
1381
1381
1381
1381
1381
1382
1382
1382
1382
1382
1383
1383
1383
1383
1383
1383
1384
1384
1384
1384
1384
1384
1384
1385
1385
1385
1386
1386
1386
1386
-1
1387
1387
1387
1388
1388
1388
1388
1389
1389
1389
1389
1390
1390
1390
1390
1391
1391
1391
1391
1391
1392
1392
1392
1392
1393
1393
1393
1393
1394
1394
1394
1394
1395
1395
1395
1395
1395
1395
1395
1396
1397
1397
1397
-1
1398
1398
1398
-1
1399
1399
1399
1400
1400
1401
1401
1401
1402
1402
1402
1402
1402
1402
1402
1403
1403
1403
1403
1404
1404
1404
1404
1404
1404
1404
1405
1405
1405
1405
1406
1406
1406
-1
1407
1407
1407
1407
1407
-1
1006
1006
1006
-1
1408
1408
1408
1409
1409
1409
1409
-1
1410
1410
1410
-1
1411
1411
1411
1412
1412
1412
1412
1412
1413
1413
1413
1413
1413
1413
1413
1414
1414
1414
1414
1414
1414
1414
1415
1415
1415
1415
1415
1415
1415
1416
1416
1416
1416
1417
1418
1418
1418
1419
1419
1419
1419
1420
1420
1420
1420
1420
1420
1420
-1
1421
1421
1421
1422
1422
1422
1422
1423
1423
1423
1423
1424
1424
-1
1425
1425
-1
1426
1426
1426
1427
1427
1427
1427
1427
1427
1428
1428
1428
1428
1428
1429
1429
1429
1429
1429
1430
1430
1430
1430
1430
1430
1430
1431
1431
1431
1431
1431
1431
1432
1433
1433
1433
1434
-1
1435
1435
-1
-1
1436
1436
-1
1437
1437
1437
1438
1439
1439
1439
-1
1440
1440
1440
-1
1441
1441
1441
1442
1442
1442
1442
1443
1443
1443
1443
1444
1444
1444
1338
1445
1445
1445
1446
1446
1446
1446
1447
1447
1447
-1
1448
1448
1448
1448
1449
1449
1449
1449
1450
1450
1450
1450
-1
1451
1451
1451
-1
1452
1452
1452
1453
951
951
951
1454
1454
1454
1454
1454
1454
-1
-1
-1
-1
1455
1455
1455
1456
1456
1456
1456
1456
1456
1456
1456
1457
1457
1457
1457
1457
1457
1457
-1
-1
1458
1458
-1
1459
1459
1459
-1
1460
1460
1460
-1
1461
1461
1461
-1
1462
1462
1462
1463
1463
1463
1463
1463
1463
1464
1464
1464
1464
1464
1464
1464
1465
1465
1465
1465
1465
1465
1466
1466
1466
1466
890
1467
1467
1467
1467
1467
1468
1468
1468
1468
1468
1468
1468
1469
1469
1469
1469
1470
1470
1470
1470
1470
1470
1471
1471
1471
1471
1472
1472
1472
1472
1473
1473
1473
1473
1473
1473
1473
1474
1474
1474
1474
1474
1474
1474
-1
1475
1475
1476
1476
1476
1476
-1
-1
-1
1477
1477
1478
1478
1478
1478
1478
1478
1479
1479
1479
1479
1479
1479
1479
-1
1480
1480
1480
-1
1481
1481
1481
-1
1482
1482
1482
1483
1483
1483
1483
1483
1483
1483
1484
1484
1485
1438
1438
1438
1486
1486
1486
1487
1487
1487
1487
1487
1487
1488
1488
1488
1488
1488
1488
1489
1489
1489
1489
1489
1489
1489
1490
1490
1490
1490
1490
1490
1490
1491
1491
1491
1491
1492
1492
1492
1492
1493
1493
1493
1493
1493
1493
1494
1494
1494
1494
1494
-1
1495
1495
1495
1495
1495
1496
1496
1496
1496
1497
1497
1497
1497
1498
1498
1498
1498
1498
1499
1499
-1
1500
1500
1501
1501
1501
1501
1502
1502
1502
1502
1502
1502
1503
1503
1503
1503
1503
1503
1504
1504
1504
1505
1505
1505
1505
1505
1505
1505
-1
1506
1507
1507
1507
-1
1508
1508
1508
-1
1509
1509
1509
-1
1510
1510
1510
-1
1511
1511
1511
-1
1512
1512
1512
1513
1513
1513
1513
1513
1513
1513
1514
1514
1514
1514
-1
-1
1515
1515
1515
1516
1516
1516
1516
1516
1516
1516
1517
1517
1517
1517
1517
1517
1517
1517
1518
1518
1518
1518
-1
1519
1519
1519
1520
1520
1520
1520
1521
1521
1521
1521
1522
1522
1522
1522
1523
1523
1523
1523
1524
1524
1524
1524
-1
1525
1525
1525
1526
1526
1526
1526
1526
1526
1526
-1
1527
1527
1527
1528
1528
1528
1528
1528
1528
1528
-1
1529
1529
1530
1530
1530
1531
1531
1531
1531
1531
1531
1532
1532
1532
1532
1532
1532
1532
1533
1533
1533
1533
1533
-1
1534
1534
1534
1535
1535
1535
1535
1535
-1
1536
1536
1536
1537
1537
1537
1537
1538
1538
1538
1538
1538
1539
1539
1539
1539
1539
-1
1540
1540
1540
1541
1541
1541
1541
1541
1541
1541
1542
1542
1542
1542
1542
1543
1543
1543
1543
1543
1543
1543
-1
-1
1544
1544
-1
1545
1545
1545
1546
1546
1546
1546
1546
1546
-1
-1
1547
1547
1548
1548
1548
1548
1548
1548
1548
1549
1549
1549
1549
1549
1549
1550
1550
1550
1550
1550
1550
1550
-1
1551
1551
1551
-1
-1
1552
1552
1553
1553
1553
1553
1553
1553
-1
1554
1554
1554
-1
-1
1555
1555
-1
-1
1556
1556
-1
-1
1557
1557
