0
0
0
0
0
0
1
1
1
1
1
1
1
2
2
2
2
2
-1
3
3
3
-1
4
4
4
-1
5
5
5
6
6
6
6
6
6
6
7
7
7
7
7
7
7
8
8
8
8
8
8
-1
9
9
9
9
9
9
10
10
10
10
10
10
10
-1
11
11
11
-1
12
12
12
-1
13
13
13
14
14
14
14
14
14
15
15
16
16
16
16
16
16
16
-1
17
17
17
-1
18
18
18
19
19
19
19
19
19
19
-1
-1
20
20
20
21
21
21
21
22
22
22
22
22
22
23
23
23
23
24
24
24
24
-1
25
25
25
-1
26
26
26
-1
27
27
27
28
28
28
-1
29
29
29
-1
30
30
30
-1
31
31
27
-1
32
32
32
-1
33
33
33
34
34
34
34
35
35
35
35
-1
-1
-1
36
36
36
36
37
37
37
37
38
38
38
38
38
38
39
39
39
40
40
40
40
41
41
41
42
42
42
42
43
43
43
43
44
44
44
44
45
45
45
45
46
46
46
46
47
47
47
47
-1
48
48
48
49
49
49
49
49
49
49
-1
50
50
50
-1
-1
51
51
-1
52
52
52
53
53
53
53
-1
-1
54
54
-1
55
55
55
-1
56
56
56
57
57
57
57
57
-1
58
58
58
-1
59
59
59
-1
60
60
60
-1
61
61
61
62
62
62
62
62
-1
63
63
63
-1
64
64
64
65
65
65
66
66
66
67
67
67
67
67
67
67
67
68
68
68
68
-1
69
69
69
70
70
70
70
71
71
71
71
72
72
72
72
73
73
73
73
73
73
73
-1
74
74
74
75
75
75
75
75
-1
76
76
76
77
77
77
77
78
78
78
-1
79
79
79
-1
80
80
80
-1
81
81
81
82
82
82
82
-1
83
83
83
-1
84
84
84
-1
85
85
85
85
86
86
86
86
87
87
87
87
87
88
88
88
88
88
88
89
89
89
89
90
90
90
90
90
90
90
-1
91
91
91
92
92
92
92
93
93
93
93
93
93
93
93
94
94
94
94
-1
-1
95
95
96
96
96
96
96
97
97
97
97
98
98
98
98
98
98
98
99
99
100
100
100
100
100
100
100
101
101
101
101
101
101
101
102
102
102
102
103
103
103
103
104
104
104
104
104
104
104
105
105
105
105
105
106
106
106
107
107
107
107
107
107
107
108
108
108
108
109
109
109
109
109
110
110
110
110
110
110
110
111
111
111
112
112
112
112
113
113
113
113
114
114
114
114
114
114
115
115
115
115
116
116
116
116
117
117
117
117
118
118
118
118
118
118
118
119
119
119
119
120
120
120
121
121
121
121
122
122
122
122
123
123
123
123
123
123
123
124
124
124
124
124
125
125
125
125
125
125
125
126
126
126
126
127
127
127
127
128
128
128
128
129
129
129
129
130
130
130
130
131
131
131
131
131
131
131
132
132
132
132
133
133
133
133
133
133
133
134
134
135
135
135
135
-1
136
136
136
136
136
136
136
137
137
137
137
137
137
137
138
138
138
138
138
139
139
139
139
139
139
139
140
140
140
141
141
141
141
141
141
142
142
142
142
142
142
142
143
143
143
143
143
143
143
-1
144
144
144
-1
145
145
145
146
146
146
146
146
146
146
147
147
147
147
147
147
147
148
148
148
148
148
149
149
149
149
149
150
150
150
150
150
151
151
151
151
151
151
151
152
152
152
152
152
152
152
-1
153
153
153
-1
154
154
154
-1
155
155
155
-1
156
156
156
-1
157
157
157
158
158
158
158
159
159
159
159
160
160
160
160
160
160
160
161
161
161
161
161
161
161
162
162
162
162
162
162
162
163
163
163
163
163
163
164
164
164
164
165
165
165
165
166
166
166
166
167
167
167
167
167
167
167
168
168
168
168
169
169
169
169
169
169
170
170
170
170
171
171
171
171
171
171
171
172
172
172
172
172
173
173
173
173
173
174
174
174
175
175
175
175
175
175
175
176
176
176
176
176
176
176
177
177
177
177
178
178
178
178
179
179
179
179
180
180
180
180
181
181
-1
182
182
182
182
183
183
183
183
183
183
183
183
184
184
184
184
184
184
184
185
185
185
185
185
186
186
186
187
187
187
-1
188
188
188
-1
189
189
189
190
190
191
191
191
191
192
192
192
192
-1
193
193
193
194
194
194
194
194
194
194
-1
195
195
195
-1
196
196
196
197
197
197
-1
198
198
198
199
199
199
199
199
199
199
200
200
200
200
200
200
200
200
-1
201
201
201
202
202
-1
203
203
203
204
204
204
204
205
205
206
206
206
-1
207
207
207
208
208
208
208
208
209
209
209
209
209
209
210
210
210
210
210
211
211
211
211
211
212
212
212
212
212
212
212
213
213
213
213
213
213
213
214
214
214
214
214
215
215
215
215
216
216
216
216
217
217
217
59
218
218
218
218
218
218
219
219
219
219
220
220
220
220
221
221
221
221
221
221
221
222
222
222
222
222
222
223
223
223
223
224
224
224
224
224
225
225
225
225
226
226
226
226
227
227
227
227
228
228
228
229
229
229
229
230
230
230
230
231
231
232
232
232
232
233
233
233
234
234
234
234
234
234
234
235
235
235
235
-1
-1
236
236
-1
-1
237
237
-1
-1
238
238
239
239
239
239
239
239
239
240
240
240
240
240
240
240
-1
241
241
241
242
242
242
243
243
243
243
244
244
244
244
244
244
244
244
245
245
245
245
246
246
246
-1
-1
247
247
247
247
248
249
249
249
249
250
250
250
250
251
251
251
252
252
252
252
252
252
252
253
253
253
253
254
254
254
254
254
254
254
255
255
255
256
256
256
256
257
257
257
257
258
258
258
258
258
258
259
259
259
259
259
259
259
260
260
260
260
261
261
261
261
262
262
262
262
262
262
263
263
263
263
263
263
263
264
264
264
265
265
265
266
266
266
266
266
267
267
267
267
267
267
267
268
268
268
268
268
269
269
269
269
270
270
270
270
271
271
271
271
272
272
272
273
273
273
273
273
273
274
274
274
274
275
275
275
275
275
275
275
275
276
276
276
276
276
276
277
277
277
277
277
277
278
278
278
278
279
279
279
280
280
280
280
281
281
281
281
-1
282
282
283
283
283
283
283
283
283
283
284
284
284
284
284
284
284
285
285
285
285
285
285
285
286
286
286
287
287
287
288
288
288
288
288
288
288
288
289
289
289
289
289
289
290
290
290
290
290
290
290
291
291
291
291
292
292
293
293
294
294
294
294
294
294
294
295
295
295
295
296
296
296
296
297
297
297
297
298
298
298
298
299
299
299
299
300
300
300
300
301
301
301
301
302
302
302
302
303
303
303
303
303
303
303
304
304
304
304
305
305
305
305
305
305
305
306
306
306
306
306
306
306
307
307
307
307
307
307
307
308
308
308
308
-1
309
309
309
309
309
310
310
310
310
310
310
310
311
311
311
311
311
311
311
312
312
312
312
-1
313
313
313
313
314
314
314
314
315
315
315
315
315
315
315
316
316
316
316
317
317
317
317
318
318
318
318
319
319
319
319
320
320
320
320
321
321
321
321
322
322
322
322
323
323
323
323
323
323
323
323
324
324
324
324
324
325
325
325
325
326
326
326
326
327
327
327
327
327
327
328
328
328
328
329
329
329
330
330
330
330
330
330
330
331
331
331
331
332
332
332
332
332
332
332
333
333
333
333
333
333
333
334
334
334
334
334
334
335
335
335
335
336
336
336
336
337
337
337
337
338
338
338
338
339
339
339
339
340
340
340
340
341
341
341
341
342
342
342
-1
343
343
343
343
343
343
344
344
344
344
344
344
344
345
345
345
345
346
346
347
347
347
347
347
347
347
348
348
348
348
349
349
349
349
350
350
350
350
351
351
352
352
352
352
352
352
352
353
353
354
354
354
354
354
354
354
355
355
355
355
355
356
356
356
356
-1
357
357
357
358
358
358
358
359
359
359
359
360
360
360
360
361
361
361
361
-1
362
362
362
-1
363
363
363
-1
364
364
365
365
365
365
365
365
366
366
366
366
366
366
366
367
367
367
367
368
368
368
368
368
368
368
-1
369
369
370
371
371
-1
-1
372
372
372
372
-1
373
373
373
374
374
374
-1
375
375
375
376
376
376
376
376
376
377
377
377
377
377
378
378
378
378
378
378
378
378
379
379
379
379
379
379
379
379
380
380
380
380
380
380
380
381
381
381
381
381
381
381
382
382
382
382
382
382
382
-1
383
383
383
-1
384
384
384
-1
385
385
385
-1
386
386
386
-1
387
387
387
388
388
388
388
388
388
-1
389
389
389
390
390
390
390
390
390
390
-1
391
391
391
-1
392
392
392
393
394
394
394
-1
395
395
395
396
396
396
396
-1
397
397
397
-1
398
398
398
399
399
399
-1
400
400
400
401
401
401
401
401
402
402
402
402
402
402
403
403
403
403
403
404
404
404
404
404
404
405
405
405
405
405
405
405
406
406
406
406
406
406
406
407
407
-1
408
408
408
-1
409
409
409
410
410
410
411
411
411
411
-1
-1
-1
412
412
412
413
413
413
413
414
414
415
415
415
415
416
416
416
416
416
416
416
-1
417
417
417
-1
418
418
418
-1
419
419
419
-1
420
420
420
-1
421
421
421
422
422
422
422
422
422
422
422
-1
423
423
423
424
424
424
424
-1
425
425
425
-1
426
426
426
-1
427
427
427
-1
428
428
428
-1
429
429
429
-1
430
430
430
431
431
431
431
431
-1
432
432
432
-1
433
433
433
434
434
434
434
434
434
434
435
435
435
435
435
435
435
-1
436
436
436
-1
220
220
220
-1
437
437
437
-1
438
438
438
-1
439
439
439
440
440
-1
441
441
441
442
442
442
443
443
443
-1
-1
-1
444
444
-1
-1
445
445
445
446
446
446
446
446
447
447
447
447
448
448
448
448
449
449
449
449
449
449
450
450
-1
451
451
451
-1
452
452
452
453
453
453
453
453
453
453
-1
454
454
454
-1
455
455
456
456
456
456
456
456
456
-1
-1
457
457
457
457
457
457
457
-1
458
458
458
459
459
459
459
459
459
460
460
460
460
461
461
461
461
461
461
461
462
462
462
462
463
463
463
463
463
464
464
464
464
464
464
464
465
-1
466
466
-1
-1
467
467
-1
-1
468
468
-1
469
469
469
469
-1
-1
470
470
-1
471
471
471
472
472
472
472
472
472
472
-1
473
473
473
-1
474
474
475
475
475
475
476
476
476
476
477
477
477
477
477
477
477
477
478
478
478
478
478
478
479
479
479
479
479
480
480
480
480
480
481
481
482
482
482
483
483
483
483
483
483
483
-1
484
484
484
484
485
485
485
485
486
486
486
486
486
486
486
487
487
487
487
487
487
487
488
488
488
488
488
488
488
488
489
489
489
489
489
489
490
490
490
490
491
491
491
491
492
492
492
492
492
492
493
493
493
493
493
493
493
494
494
494
494
495
465
465
465
-1
496
496
496
496
496
496
496
-1
-1
497
497
-1
-1
-1
498
498
498
-1
499
499
499
-1
-1
500
500
-1
-1
501
501
502
502
502
502
502
502
503
503
503
503
504
504
504
504
-1
505
505
505
506
506
506
506
506
-1
507
507
507
-1
508
508
508
-1
509
509
509
-1
510
510
510
-1
511
511
511
-1
512
512
512
-1
513
513
513
-1
514
514
514
515
515
515
515
-1
516
516
516
517
517
517
517
-1
518
518
518
518
518
518
518
518
519
519
519
519
520
520
520
520
521
521
521
521
521
521
521
522
522
522
522
522
522
522
-1
523
523
523
524
524
524
524
-1
525
525
525
-1
526
526
526
-1
527
527
527
528
528
528
528
529
529
529
529
529
-1
530
530
530
531
531
531
531
532
532
532
532
-1
533
533
533
-1
534
534
534
-1
535
535
535
536
536
536
536
537
537
537
538
538
538
538
538
538
538
539
539
539
539
-1
540
540
540
541
541
541
541
541
541
-1
542
542
542
543
543
543
543
543
543
543
544
544
545
545
545
546
546
546
546
547
547
547
547
548
548
548
548
549
549
549
549
550
550
550
550
550
550
550
550
551
551
551
551
551
551
552
552
552
552
553
553
553
553
553
554
554
554
554
555
555
555
555
555
556
556
556
556
557
557
557
557
557
557
557
557
558
558
558
558
559
559
559
559
560
560
560
560
561
561
561
561
561
561
561
562
562
562
562
563
563
563
563
563
563
563
564
564
564
564
564
565
565
565
565
565
565
565
566
566
566
566
566
566
-1
567
567
567
568
568
568
568
568
568
568
569
569
569
569
-1
570
570
570
571
571
571
571
572
278
278
278
-1
573
573
574
574
574
575
575
575
575
-1
576
576
576
577
577
577
577
577
577
577
-1
578
578
578
-1
579
579
579
-1
580
580
580
-1
581
581
581
-1
582
582
583
583
583
583
583
583
583
583
-1
584
584
584
585
585
585
585
585
585
586
586
586
586
586
586
586
587
587
587
588
588
588
588
588
588
588
-1
589
589
590
590
590
590
590
590
590
591
591
591
591
591
591
591
592
592
592
592
592
592
592
-1
-1
593
450
-1
594
594
594
-1
595
595
595
-1
596
596
596
-1
597
597
597
598
598
598
598
598
598
598
599
599
599
599
600
600
600
601
601
601
601
601
601
601
602
602
602
602
602
602
602
603
603
603
603
603
-1
604
604
604
604
604
604
604
605
587
606
606
606
606
606
606
606
606
607
607
607
607
608
608
608
608
609
609
609
609
610
611
611
611
611
611
611
-1
612
612
612
613
613
613
613
614
614
614
614
614
614
614
-1
615
615
616
616
617
617
617
618
618
618
618
618
618
618
-1
-1
619
619
619
619
619
619
619
-1
620
620
620
-1
621
621
621
-1
622
622
622
-1
-1
623
623
-1
624
624
624
625
625
625
625
626
626
626
627
627
627
627
627
627
627
628
628
628
628
628
628
629
629
629
629
629
-1
630
630
630
630
630
630
630
631
631
631
631
631
631
631
632
632
632
632
632
-1
633
633
633
634
634
635
635
635
636
636
636
636
636
-1
637
637
637
638
638
638
638
638
638
639
639
639
639
639
639
-1
640
640
640
641
641
641
641
641
641
-1
642
642
642
-1
643
643
643
644
644
644
644
644
644
644
645
645
645
645
645
646
646
646
646
646
646
646
-1
647
647
444
-1
648
648
648
-1
649
649
649
610
610
-1
650
650
-1
651
651
651
-1
652
652
653
653
653
653
653
654
654
654
654
654
654
654
655
655
655
655
655
655
655
-1
656
656
656
-1
657
657
657
658
658
658
658
659
659
659
659
660
660
660
660
661
661
661
661
662
662
662
662
663
663
663
663
663
663
663
-1
664
664
664
-1
665
665
665
666
666
666
666
666
-1
667
667
667
-1
668
668
668
-1
669
669
669
670
670
670
670
670
671
671
671
671
672
672
672
672
672
672
672
-1
673
673
673
673
673
673
-1
674
674
674
-1
675
675
675
676
676
676
676
677
677
677
677
677
-1
678
678
678
679
679
679
679
-1
680
680
680
681
681
681
681
681
682
682
682
683
684
684
684
-1
685
685
685
686
686
686
686
686
686
686
687
687
687
687
687
687
688
688
688
688
688
-1
689
689
689
-1
690
690
690
-1
691
691
691
-1
692
692
692
-1
693
693
693
694
694
694
694
694
694
694
695
695
695
695
695
-1
696
696
696
697
697
-1
698
698
698
698
-1
699
699
699
-1
700
700
700
701
701
701
701
-1
-1
-1
-1
702
702
702
703
703
703
703
704
704
704
704
705
705
705
705
705
705
706
706
706
706
706
706
706
707
707
707
707
707
707
707
708
708
708
708
-1
709
709
709
-1
710
710
710
711
711
711
711
711
711
711
-1
712
712
712
712
712
712
712
-1
713
713
713
-1
714
714
714
715
715
715
715
716
716
716
716
717
717
717
717
718
718
718
718
719
719
719
719
720
720
720
720
720
721
721
721
721
721
722
722
722
722
722
722
723
723
723
723
724
724
724
724
725
725
725
725
726
726
727
727
727
438
728
728
728
728
729
729
729
729
729
729
730
730
730
730
730
731
731
731
731
732
732
732
732
733
733
733
733
733
734
734
734
427
735
735
735
735
736
736
736
736
736
736
737
737
737
737
737
738
738
738
738
739
739
739
739
740
740
740
740
741
741
741
741
742
742
742
742
743
743
743
743
744
744
744
744
745
745
745
746
746
746
746
747
747
747
748
748
748
748
748
748
749
749
749
749
750
750
750
750
750
750
750
751
751
751
751
752
751
751
751
753
753
753
753
754
754
754
754
754
755
338
338
338
756
756
756
756
757
757
757
757
758
758
758
758
758
758
758
759
759
759
759
759
759
759
760
760
760
760
760
760
760
761
761
761
761
762
762
762
762
762
762
762
-1
763
763
763
-1
764
764
764
765
765
765
765
766
766
766
766
766
767
767
767
767
767
767
767
768
768
768
768
768
768
768
-1
769
769
769
770
770
770
770
770
770
770
-1
771
771
771
-1
772
772
772
-1
773
773
773
-1
-1
774
774
-1
775
775
775
-1
776
776
777
777
777
777
777
-1
778
778
778
-1
779
779
779
-1
780
780
781
781
781
781
781
781
781
782
782
782
782
783
783
783
783
784
784
784
784
785
785
785
785
786
786
786
787
787
787
787
787
787
787
788
788
788
788
788
788
788
788
789
789
789
789
790
790
790
791
791
791
791
792
792
792
792
793
793
793
793
793
793
793
794
794
794
794
794
795
795
795
795
795
795
795
796
796
796
796
797
797
797
797
798
798
798
798
799
799
799
799
799
799
799
800
800
800
800
800
800
800
800
-1
801
801
801
802
802
802
802
802
802
803
803
803
803
803
803
803
-1
804
804
804
-1
805
805
805
806
806
806
806
806
-1
807
807
807
808
808
808
808
808
808
808
809
809
809
810
810
810
810
810
810
810
811
811
811
811
812
812
813
813
813
813
813
813
813
814
814
814
814
-1
815
815
815
816
816
816
816
816
817
817
817
817
817
-1
818
818
819
819
819
819
819
819
-1
-1
820
820
-1
821
821
821
-1
822
822
822
-1
823
823
823
824
824
824
824
824
824
824
825
825
825
825
825
825
825
-1
826
826
826
-1
827
827
-1
-1
-1
-1
-1
828
828
828
829
829
829
829
829
830
830
831
831
831
831
831
831
831
832
832
832
832
832
832
832
-1
833
833
833
-1
-1
834
834
-1
835
835
835
836
836
836
836
836
836
836
-1
-1
-1
683
683
683
-1
-1
-1
-1
-1
837
837
837
837
837
-1
-1
838
-1
-1
-1
839
839
-1
840
840
841
841
841
841
841
841
841
-1
-1
-1
-1
-1
-1
842
842
-1
843
843
843
-1
-1
-1
-1
-1
844
844
844
845
845
845
845
845
845
845
-1
-1
846
846
-1
-1
847
847
-1
-1
848
848
-1
-1
-1
-1
-1
-1
-1
-1
849
849
-1
850
850
850
850
850
850
850
851
851
851
851
851
851
851
-1
852
852
852
853
853
685
-1
854
854
854
855
855
855
855
855
855
855
856
856
856
856
856
856
856
856
-1
857
857
857
858
858
858
858
858
858
858
859
859
859
859
860
860
860
860
860
860
860
861
861
861
861
861
861
861
862
862
862
862
863
863
863
863
864
864
864
864
864
865
865
865
865
866
866
866
866
866
866
866
867
867
867
867
868
868
868
868
869
869
869
869
869
869
869
870
870
870
870
871
871
871
871
871
872
872
873
873
874
874
874
874
874
874
874
875
875
875
876
876
876
877
877
877
877
878
878
879
879
879
879
879
879
879
880
880
880
880
880
880
880
880
881
881
881
881
882
882
882
882
882
883
883
883
883
884
884
884
884
885
885
885
885
886
886
886
886
886
886
886
887
887
887
887
888
888
888
888
889
889
889
889
889
889
889
890
890
890
890
891
891
891
891
892
892
892
892
892
892
892
-1
893
893
893
893
894
894
894
894
895
895
895
895
896
896
896
896
897
897
897
897
897
897
898
898
898
898
898
898
898
898
899
899
900
900
900
901
901
901
901
902
902
902
902
903
903
903
903
904
904
904
904
905
905
905
905
906
906
907
907
908
908
908
909
909
909
909
910
910
910
910
911
911
911
911
912
912
912
913
913
913
-1
914
914
914
-1
-1
-1
915
915
915
915
916
916
916
916
-1
917
917
917
917
917
917
917
918
918
918
918
918
918
-1
-1
919
919
-1
308
-1
-1
-1
853
853
-1
920
920
920
920
-1
921
921
921
921
921
921
922
922
923
923
923
923
-1
-1
924
924
925
925
925
925
925
925
925
-1
-1
-1
-1
926
926
926
926
926
926
926
-1
-1
927
927
928
-1
929
929
930
930
930
930
930
930
930
-1
931
931
931
-1
-1
932
932
-1
933
933
933
934
934
934
934
934
-1
-1
935
935
-1
936
936
936
-1
937
937
938
938
938
938
938
938
938
939
939
939
939
940
940
940
940
941
941
941
941
941
941
941
942
942
942
942
943
943
943
943
944
944
944
944
944
945
945
945
945
945
945
945
946
946
946
946
946
947
947
947
947
948
948
948
948
-1
-1
-1
949
949
949
949
950
950
950
950
951
951
951
951
951
951
951
952
952
953
953
953
953
954
954
954
954
955
955
955
955
956
956
956
956
956
957
957
957
957
958
958
958
959
959
959
959
959
960
960
960
960
961
961
961
961
962
962
962
962
963
963
963
963
963
964
964
964
965
965
965
965
965
966
966
966
966
967
967
967
967
968
968
968
968
969
969
969
969
969
969
969
969
970
970
970
970
971
971
971
971
-1
972
972
972
972
973
973
973
974
974
974
974
974
974
975
975
975
975
975
975
976
976
976
976
976
976
977
977
977
977
978
978
978
978
978
978
978
979
979
979
979
980
980
980
980
980
981
981
981
981
982
982
982
982
983
983
983
983
984
984
984
984
984
984
984
985
985
985
985
985
985
985
986
986
986
986
987
987
987
987
988
988
989
989
990
990
990
990
990
991
991
991
991
991
992
992
992
992
992
992
992
993
993
993
993
993
993
993
994
994
994
994
994
995
995
995
995
996
996
996
996
997
997
997
997
998
998
998
998
999
999
999
999
1000
1000
1000
1000
1001
1001
1001
1001
1001
1002
1002
1002
1002
1003
1003
1004
1004
1004
1004
1004
1004
1004
1005
1005
1005
1005
1005
1005
1006
1006
1006
1006
1006
1006
1006
1006
1007
1007
1007
1007
1007
1007
1007
1008
1008
1008
1008
1009
1009
1009
-1
1010
1010
1010
1011
1011
1011
1011
1012
1012
1012
1012
1013
1013
1013
1013
1014
1014
1014
1014
370
1015
704
-1
1016
1016
1017
1017
1018
1018
1018
1018
1018
1018
1018
1019
1019
1019
1019
1020
1020
1020
1020
1021
1021
1021
1021
1022
1022
1022
1022
1022
1022
1022
1023
1023
1023
1023
1023
1024
1024
1024
1024
-1
1025
1025
1025
1025
1025
1025
1026
1026
1026
1026
1026
1026
1026
1027
1027
1027
1027
1028
1028
1028
1028
1029
1029
1029
1029
1029
1029
1029
1030
1030
1030
1030
1030
1030
1030
1031
1031
1031
1031
1032
1032
1032
1032
1033
1033
1033
-1
1034
1034
1034
1035
1035
1035
1035
1035
1035
1035
-1
1036
417
417
-1
1037
1037
1037
-1
1038
1038
1038
1039
1039
1039
1039
1040
1040
1041
1041
1041
1041
1041
1041
1042
1042
1042
1042
-1
1043
1043
1043
-1
1044
1044
1044
-1
-1
-1
1045
1045
1045
1046
1046
1046
1046
1046
1046
1047
1047
1047
1047
-1
1048
1048
1048
-1
1049
1049
1049
-1
1050
1050
1050
1051
1051
1051
1051
1051
1051
1051
1052
1052
1052
1052
1052
-1
1053
1053
1053
-1
1054
1054
1054
-1
1055
1055
1055
-1
1056
1056
1056
-1
1057
1057
1057
1058
1058
1058
1058
1058
1058
1058
1058
1059
1059
1059
1059
1059
1059
1059
1060
1060
1060
1060
1060
1060
1061
1061
1061
1061
1062
1062
1062
1062
-1
1063
1063
1063
-1
-1
-1
-1
-1
1064
1064
1064
-1
1065
1065
48
1066
1066
1066
1067
1067
1067
1068
1068
1068
1068
1069
1069
1069
1070
1070
1070
1071
1071
1071
1072
1072
1072
1072
1072
1073
1073
1073
1073
1073
1074
1074
1074
1074
1074
1075
1075
1075
1075
1076
1076
1076
1077
1077
1077
1077
1077
1077
1077
1078
1078
1078
1078
1078
1078
1078
1078
-1
1079
1079
1079
1080
1080
1080
1080
1081
1081
1081
1081
1081
1081
-1
1082
314
314
-1
1083
1083
1083
1084
1084
1084
1084
1085
1085
1085
1085
1086
1086
1086
1086
1086
-1
1087
1087
1088
1088
1088
1088
1089
572
572
572
572
1090
1090
1090
1090
1090
1090
1090
-1
1091
1091
1091
-1
1092
1092
1092
-1
1093
1093
1093
-1
1094
1094
1094
1095
1095
1096
1096
1096
1096
1096
1096
1097
1097
1097
1097
1097
1097
1098
1098
1098
1098
1098
1098
1098
-1
1099
1099
1099
1100
1100
1100
1100
1100
1100
1100
-1
1101
1101
1101
1102
1102
1102
1102
1102
1102
1102
1103
1103
1103
1103
1103
1103
1103
1103
1104
1104
1104
1104
1104
1104
1104
-1
1105
1105
1105
-1
1106
1106
1106
1107
1107
1107
1107
1108
1108
1109
1109
1109
1110
1110
1110
-1
1111
1111
1111
-1
1112
1112
1112
-1
1113
1113
1113
1114
1114
1114
1114
1114
1114
1114
1115
1115
1115
1115
1115
1115
1115
1116
1116
1116
1116
1116
1116
1116
-1
1117
1117
1117
1118
1118
1118
1118
1118
1118
1118
-1
1119
1119
1119
-1
1120
1120
1120
-1
1121
1121
1121
1122
1122
1122
-1
-1
1123
1123
1124
1124
1124
1124
1125
1125
1125
1125
1126
1126
1126
1126
1126
1126
1126
1127
1127
1127
1127
1127
1127
1127
1128
1128
1128
1128
1129
1129
1129
1130
1130
1130
1130
1130
1130
1130
-1
1131
1131
1132
1132
1132
1132
1133
1133
1133
1133
