-1
0
0
0
1
1
1
1
1
1
1
2
2
2
2
2
-1
3
3
3
-1
4
4
4
-1
5
4
4
-1
6
4
4
-1
7
7
7
8
8
8
8
8
8
8
-1
9
9
9
-1
10
10
10
11
11
11
11
11
-1
12
12
12
13
13
13
13
13
14
14
14
14
14
-1
15
15
15
-1
16
16
16
17
18
18
18
-1
19
19
19
20
20
20
20
-1
21
21
21
-1
22
22
22
-1
23
23
23
24
25
25
25
26
26
26
27
27
27
27
27
27
27
28
29
29
29
-1
28
28
28
-1
30
30
30
-1
31
31
31
32
32
32
-1
-1
-1
-1
-1
33
33
33
-1
34
34
34
-1
35
35
35
-1
36
36
36
-1
37
37
37
-1
24
24
24
-1
38
38
38
39
40
40
40
-1
41
41
41
-1
42
42
42
-1
43
34
34
-1
44
44
44
-1
45
45
45
-1
46
46
46
-1
47
47
47
47
47
48
48
48
49
49
49
-1
50
50
50
51
51
51
51
51
-1
52
52
52
52
52
52
52
53
53
53
53
53
53
53
54
54
54
54
54
54
54
54
-1
55
55
55
56
56
56
56
56
56
57
57
57
-1
58
58
58
-1
59
59
59
-1
60
60
60
61
61
62
62
62
62
62
-1
63
63
63
64
64
64
64
65
66
66
66
-1
67
67
67
68
68
68
68
-1
69
69
69
70
70
70
70
70
70
71
71
71
71
71
71
71
72
72
72
72
72
72
73
73
73
73
73
73
73
74
74
74
74
74
75
75
75
75
75
75
75
75
-1
76
76
76
77
78
78
78
-1
79
79
79
80
80
80
-1
81
81
81
82
82
82
82
82
82
82
83
83
83
83
83
83
83
84
84
84
84
84
84
84
85
85
85
85
85
85
85
-1
86
86
86
-1
87
87
87
-1
88
88
88
89
89
89
89
89
90
90
90
90
90
90
90
90
91
91
91
92
92
92
92
92
92
92
92
93
93
93
93
-1
94
94
94
95
95
95
95
95
95
95
96
96
96
96
96
96
96
96
97
97
97
97
97
-1
98
98
98
-1
99
99
99
100
100
100
100
101
101
-1
102
102
102
103
103
103
103
-1
104
104
104
105
105
105
106
106
106
106
107
107
107
107
107
107
107
-1
108
108
108
109
109
109
109
109
110
110
110
110
110
110
110
111
111
111
111
111
-1
112
112
112
113
113
113
113
114
114
114
114
115
115
-1
116
116
116
116
116
116
116
116
-1
117
117
117
-1
118
118
118
-1
119
119
119
-1
120
120
120
121
121
121
121
121
-1
122
122
122
123
123
123
123
124
124
124
-1
125
125
125
125
125
126
126
126
126
127
127
127
127
127
128
128
128
128
129
129
129
129
129
130
130
130
131
131
131
131
131
132
132
132
132
133
133
133
133
133
134
134
134
134
134
134
134
135
135
135
135
136
136
136
136
137
137
137
137
138
138
138
138
138
139
139
139
139
140
140
140
140
140
140
140
140
141
141
141
141
142
142
142
142
142
-1
143
143
143
144
144
144
144
145
146
146
-1
147
147
147
148
148
148
148
149
149
149
149
149
150
150
150
150
150
150
-1
151
151
151
151
151
151
152
152
152
152
152
152
152
152
153
153
153
153
153
153
154
154
154
154
154
154
-1
155
155
155
156
157
157
155
158
158
158
158
-1
159
159
159
159
159
159
-1
160
160
161
161
161
161
162
162
162
162
162
162
162
162
-1
163
163
163
-1
-1
164
164
-1
165
165
165
-1
166
166
166
167
167
167
167
167
168
169
169
169
170
170
170
170
170
170
170
171
-1
-1
172
172
-1
-1
173
173
174
174
174
174
174
174
174
175
175
175
175
175
175
175
176
176
176
176
176
176
176
-1
177
177
177
-1
178
178
178
-1
179
179
179
180
180
180
180
180
181
181
181
181
181
181
181
-1
182
182
182
183
183
183
183
184
184
184
184
184
184
184
185
185
185
185
186
186
186
186
186
186
187
187
187
187
-1
188
188
188
189
189
189
189
189
189
189
189
-1
190
190
190
-1
191
191
191
192
192
192
192
192
193
193
193
193
193
193
193
194
194
194
194
195
195
195
195
196
196
196
196
196
197
197
197
197
198
198
198
198
199
199
199
199
199
200
200
200
200
200
200
200
201
201
201
201
201
201
201
202
202
202
202
203
203
203
37
204
204
204
204
204
204
204
205
205
205
205
206
206
206
206
207
207
207
207
-1
208
208
208
209
209
209
209
210
210
210
210
210
211
211
211
211
212
212
212
213
213
213
213
214
214
214
214
215
215
215
215
216
216
216
216
217
217
217
217
218
218
218
218
219
219
219
219
220
220
220
220
221
221
221
221
222
222
222
222
223
223
223
223
-1
224
224
224
-1
225
225
225
-1
226
226
226
227
227
227
227
227
-1
228
228
228
-1
229
229
229
-1
230
230
-1
231
231
231
232
232
232
232
232
232
232
232
-1
233
233
233
-1
234
234
235
235
235
235
235
235
235
236
236
236
236
236
236
236
237
237
237
237
237
237
237
-1
238
238
238
239
239
239
239
239
-1
-1
-1
-1
-1
240
240
240
-1
241
241
241
242
242
242
242
242
242
-1
243
243
243
-1
244
244
244
-1
245
245
245
-1
246
246
246
-1
247
247
247
-1
248
248
248
248
248
248
248
249
249
249
249
250
250
251
251
251
251
251
252
252
252
252
252
252
-1
253
253
253
-1
254
254
254
-1
255
255
255
-1
256
256
256
-1
168
168
168
-1
257
257
257
258
258
258
258
258
258
259
259
259
259
259
259
259
-1
-1
260
260
-1
261
261
261
262
262
262
262
262
263
263
263
263
264
264
264
264
264
264
264
264
265
265
265
265
266
266
266
266
267
267
267
267
268
268
268
268
268
268
268
269
269
269
269
269
269
-1
270
270
270
271
271
271
271
271
271
271
271
272
272
272
272
272
272
273
273
274
274
274
274
275
275
275
275
276
276
276
276
277
277
277
277
278
278
278
278
-1
279
243
243
280
280
280
280
281
281
281
281
282
282
282
282
283
283
283
283
-1
-1
-1
-1
-1
284
284
284
284
285
285
285
286
286
286
286
287
287
287
288
288
288
289
289
289
289
289
290
290
290
290
290
290
290
291
291
291
291
291
291
291
292
292
292
292
292
292
-1
293
293
293
293
293
293
293
294
294
294
294
294
-1
295
295
295
295
295
295
296
296
296
296
297
297
297
297
297
297
297
298
298
298
298
298
298
298
-1
299
299
299
300
300
300
300
300
300
-1
-1
301
301
301
302
302
302
302
303
303
303
303
304
304
304
304
304
305
305
305
305
306
306
306
306
306
306
306
307
307
307
307
308
308
308
308
308
308
308
309
309
309
309
310
310
310
310
-1
311
311
311
312
312
312
312
313
313
313
313
313
313
313
-1
314
314
-1
315
315
316
316
-1
317
317
317
318
318
318
318
318
318
319
319
319
319
319
319
320
320
320
320
320
321
321
321
321
321
321
321
-1
322
322
322
-1
323
323
323
-1
324
324
324
-1
325
325
325
-1
326
326
326
327
327
327
327
327
327
327
-1
328
328
-1
-1
329
329
329
330
331
331
-1
332
332
333
333
333
333
333
333
334
334
334
334
334
334
334
335
335
335
335
335
335
335
336
336
336
336
336
336
336
-1
337
337
337
-1
338
338
338
-1
339
339
339
-1
340
340
340
-1
341
341
341
341
342
342
342
342
342
342
343
343
343
343
343
343
344
344
344
344
344
344
344
-1
-1
345
345
-1
346
346
346
-1
347
347
347
-1
348
348
348
-1
-1
349
349
350
350
350
350
350
350
-1
351
351
351
352
352
352
352
352
352
352
-1
353
353
353
-1
354
354
354
354
354
355
355
355
355
355
355
356
356
356
357
357
-1
358
358
358
-1
359
359
359
360
360
360
360
360
361
361
361
361
361
361
361
362
362
362
362
362
362
363
364
364
364
364
364
364
365
365
365
365
366
366
366
366
366
367
367
367
367
367
367
368
199
199
199
199
-1
369
369
369
370
370
370
370
370
370
370
371
371
371
371
371
371
371
-1
372
26
26
-1
373
373
373
-1
374
374
374
-1
375
375
375
-1
376
376
376
377
377
377
377
-1
378
378
378
-1
379
379
379
-1
380
380
380
-1
381
381
381
382
382
382
382
383
383
383
383
383
383
-1
1825
-1
384
384
243
-1
385
385
385
386
215
215
215
387
387
387
387
387
387
387
-1
388
388
388
389
389
389
389
390
390
390
390
390
390
390
-1
391
391
391
392
392
392
77
393
330
330
394
394
394
394
394
395
395
395
396
396
397
397
-1
398
398
398
399
399
399
399
399
399
399
400
400
401
401
401
401
401
401
401
401
402
402
402
402
402
-1
403
403
403
404
404
404
404
405
405
405
405
405
405
405
406
406
406
406
-1
407
407
407
408
408
408
408
408
408
408
409
409
409
409
409
409
409
-1
410
410
410
411
411
411
411
412
412
412
412
413
413
413
413
414
414
414
414
415
415
415
415
415
416
416
416
416
416
416
416
-1
417
417
417
418
406
406
406
-1
419
419
419
-1
420
420
420
-1
421
421
421
422
422
422
422
423
423
423
423
423
423
423
424
424
424
424
424
424
424
425
425
425
425
426
426
426
426
426
426
427
427
427
428
428
428
429
429
429
429
430
430
430
430
430
-1
-1
431
431
432
432
432
432
432
-1
433
433
433
-1
434
434
434
-1
435
435
435
436
436
436
436
436
436
436
-1
437
437
437
438
438
438
438
438
438
-1
439
439
439
440
440
440
440
440
441
441
441
441
441
-1
-1
442
442
442
443
443
443
443
443
443
444
444
444
444
444
445
445
445
445
445
445
446
446
447
447
447
-1
448
448
448
-1
449
449
449
450
450
450
451
451
451
451
451
451
451
451
452
452
452
452
452
453
453
453
-1
454
454
454
455
455
455
455
455
455
455
456
456
456
457
457
457
-1
458
458
458
459
459
459
459
459
459
459
460
460
460
460
460
460
461
461
461
461
461
461
461
462
462
462
462
462
462
462
-1
463
463
463
-1
-1
464
464
464
464
464
464
464
465
465
465
465
465
465
465
466
443
443
443
443
443
-1
-1
467
467
467
-1
468
468
468
469
469
469
469
469
469
469
470
470
470
470
471
471
471
472
472
472
472
473
473
473
474
474
474
474
475
475
475
475
475
475
475
476
477
477
477
477
478
478
478
478
479
479
479
479
479
479
480
480
481
481
481
481
482
482
482
483
483
484
484
484
484
485
485
486
486
486
486
486
487
487
487
488
488
488
488
489
489
489
-1
490
490
490
491
491
491
491
-1
492
492
492
493
493
493
493
494
494
494
494
494
494
494
495
495
495
495
-1
496
496
496
496
497
497
497
497
498
498
498
498
499
499
499
499
499
500
500
500
500
500
500
500
501
501
501
501
502
502
502
502
503
503
503
503
504
504
504
504
505
505
505
505
505
506
506
506
506
506
506
506
507
507
507
507
508
508
508
508
508
508
508
509
509
509
509
510
510
-1
-1
511
511
511
511
511
512
512
512
512
512
513
513
513
513
-1
514
514
514
515
515
515
515
515
515
515
516
516
516
516
517
517
517
517
-1
518
518
155
-1
519
519
519
-1
520
520
520
521
521
521
521
521
521
521
522
523
523
523
524
524
524
525
525
525
525
-1
-1
-1
-1
-1
526
526
526
526
526
526
527
527
527
527
527
528
528
528
528
529
529
529
530
530
530
530
530
530
-1
531
531
531
532
532
532
532
532
532
532
533
533
534
534
534
534
534
534
535
535
535
535
535
535
535
535
536
536
536
536
536
537
537
537
537
538
538
538
538
539
539
540
65
65
65
541
541
541
541
542
542
481
481
543
543
543
543
543
543
543
543
-1
-1
544
544
544
545
545
545
545
545
545
545
546
546
546
546
546
546
546
547
547
547
547
547
548
548
548
548
548
548
548
-1
549
549
549
550
550
550
550
550
550
550
-1
551
551
551
-1
-1
552
552
552
-1
553
553
553
-1
554
554
-1
555
556
557
557
557
557
557
557
557
558
558
558
558
558
558
558
-1
-1
559
559
559
-1
560
560
560
561
561
561
561
561
561
562
562
562
562
562
562
563
563
563
563
563
564
564
564
-1
-1
-1
-1
565
565
565
-1
566
566
566
567
567
567
567
568
568
568
568
568
569
569
569
569
569
569
569
570
570
570
570
570
570
570
571
571
571
571
571
571
571
572
572
572
572
572
572
572
-1
573
573
573
574
574
574
574
574
574
574
575
575
575
575
575
575
575
575
-1
576
576
576
576
576
576
576
577
577
577
577
577
578
578
578
578
578
578
578
579
579
579
579
579
579
579
580
580
580
580
580
580
580
581
581
581
581
581
582
582
582
582
582
583
583
583
583
583
583
584
584
584
584
584
584
584
585
585
585
585
586
472
472
472
587
587
587
587
-1
588
588
588
-1
589
589
589
-1
590
590
590
-1
591
591
591
-1
592
592
592
593
593
593
594
594
594
595
595
595
595
-1
596
596
596
597
597
597
597
597
597
597
-1
-1
-1
598
598
599
599
599
599
600
-1
-1
601
600
600
602
602
602
602
602
602
602
603
603
603
603
603
603
603
604
604
604
604
604
604
604
605
605
605
606
606
606
-1
607
607
607
-1
608
65
65
-1
609
609
609
-1
610
610
610
611
611
611
611
611
611
611
-1
612
612
612
-1
613
613
613
-1
614
614
614
615
615
615
615
615
616
616
616
616
616
-1
617
617
617
617
617
618
618
618
618
618
618
619
619
619
619
619
619
619
-1
-1
-1
620
620
620
-1
621
621
621
622
622
622
622
623
623
623
623
623
624
624
624
624
624
624
625
625
625
625
625
625
625
-1
626
626
626
627
627
627
627
628
628
628
628
628
628
629
629
629
629
629
629
629
630
630
630
630
631
631
631
632
632
632
632
632
632
632
-1
633
633
633
634
634
634
634
634
635
635
635
635
636
636
637
637
637
637
637
637
637
638
638
638
638
639
639
639
639
640
640
640
640
-1
641
641
641
642
642
642
643
643
643
644
644
644
644
644
644
645
645
645
645
646
646
646
646
646
646
646
647
647
647
647
647
647
647
648
648
648
648
648
648
648
649
649
649
649
649
650
650
650
651
651
651
651
651
651
651
652
652
652
652
652
652
652
-1
653
653
653
-1
-1
-1
654
654
654
-1
655
655
655
656
656
656
657
657
657
657
657
-1
658
658
658
658
-1
659
659
659
660
660
660
660
661
661
661
661
661
662
662
662
662
662
662
662
663
663
663
663
664
664
664
664
664
664
664
664
665
665
665
665
665
665
665
666
666
666
666
666
666
666
666
667
667
667
667
667
667
667
668
668
668
668
668
668
668
669
202
202
202
670
670
670
670
670
671
671
671
671
671
-1
672
672
672
673
673
673
673
673
673
-1
-1
674
674
255
-1
-1
675
676
676
-1
-1
677
677
-1
-1
678
678
-1
679
679
679
-1
-1
680
680
681
681
681
681
681
681
681
682
682
682
682
682
682
682
683
683
683
683
683
683
683
-1
-1
684
684
-1
-1
685
685
-1
-1
24
24
-1
-1
-1
-1
-1
-1
-1
-1
686
687
687
-1
688
688
688
688
689
689
689
689
689
689
689
690
690
690
690
690
690
690
-1
-1
691
691
-1
-1
692
692
-1
-1
693
693
694
694
694
694
694
694
694
694
-1
695
695
-1
696
696
696
696
697
697
697
697
697
-1
698
698
698
698
698
698
-1
2060
-1
699
699
699
-1
-1
700
700
-1
-1
701
701
702
-1
703
703
-1
704
704
-1
705
705
705
705
706
706
706
706
706
706
706
-1
707
707
707
707
707
708
708
708
708
708
709
709
709
709
709
-1
-1
710
710
-1
711
711
711
-1
-1
712
712
713
713
713
713
713
713
713
-1
714
714
715
715
715
715
715
715
715
716
716
716
716
716
717
717
717
717
717
717
718
718
718
719
719
719
-1
720
720
720
720
720
721
721
721
721
722
722
722
722
722
723
723
723
723
723
723
723
724
724
724
724
725
725
725
725
725
726
726
726
726
726
727
727
727
727
727
727
727
728
728
728
-1
729
729
729
729
729
729
729
730
730
730
730
730
730
730
-1
731
731
731
732
732
732
732
732
732
732
732
733
733
733
733
733
733
734
734
734
734
734
734
734
-1
735
735
735
735
736
736
736
736
737
737
737
737
738
738
738
738
738
738
738
738
739
739
739
739
739
739
739
739
-1
740
740
740
-1
741
741
741
-1
742
742
742
742
742
742
742
743
743
743
743
744
744
744
744
745
745
745
745
746
746
746
746
747
747
747
747
747
747
747
748
748
748
748
749
749
749
749
750
750
750
750
751
751
751
751
752
752
752
752
753
753
753
753
753
754
754
754
754
755
755
755
755
755
755
755
755
756
756
756
756
757
757
757
757
758
758
758
758
759
759
759
759
760
760
760
760
761
761
761
761
762
762
762
762
762
762
762
763
763
763
764
764
764
764
764
764
764
765
765
765
765
765
765
766
766
766
766
766
766
-1
767
767
767
767
767
768
768
768
768
769
769
769
769
769
769
769
770
770
770
770
770
771
771
771
771
771
771
771
772
772
772
772
772
772
773
773
773
773
773
773
773
-1
774
774
774
774
774
775
775
775
775
776
776
776
776
777
777
777
777
778
778
778
778
779
779
779
779
780
780
780
780
780
780
780
780
781
781
781
781
781
781
781
782
782
782
782
783
783
783
783
783
783
783
783
784
784
784
784
784
784
785
785
786
786
786
786
787
787
787
-1
788
788
788
788
-1
789
789
790
790
790
790
791
791
791
791
792
792
792
792
793
363
794
794
794
794
795
795
795
796
796
796
797
797
797
797
797
797
798
798
798
798
798
798
-1
799
799
799
800
800
800
800
801
801
801
802
802
802
802
803
803
803
803
804
804
804
804
804
805
805
805
805
805
805
805
806
806
806
806
806
806
806
807
807
807
807
808
808
808
809
809
809
809
809
810
810
810
810
811
811
811
811
812
812
812
812
813
813
813
813
814
814
814
814
815
815
815
815
816
816
816
817
817
817
817
818
818
818
818
818
818
819
819
819
819
819
819
819
820
820
820
820
821
821
821
821
822
822
822
822
823
823
823
823
823
823
823
824
824
824
824
824
824
825
825
825
825
825
825
825
826
826
826
826
826
826
826
827
827
828
828
828
829
829
829
829
-1
-1
-1
-1
830
830
-1
831
831
831
832
832
832
832
832
-1
833
833
833
-1
834
834
834
-1
835
835
836
836
836
836
836
836
837
837
837
837
837
-1
838
838
838
-1
839
839
839
-1
840
840
840
-1
-1
841
841
842
842
842
842
842
842
842
843
844
844
844
-1
845
845
845
846
846
846
846
846
-1
847
847
847
847
847
847
847
848
848
848
848
848
848
848
849
252
252
252
252
252
-1
-1
-1
-1
850
850
850
-1
-1
851
851
-1
-1
852
852
853
854
854
854
-1
855
855
855
856
856
857
857
857
857
857
857
857
858
858
858
858
858
858
858
859
859
859
859
-1
-1
860
860
-1
-1
861
861
-1
862
863
863
-1
864
864
855
865
866
866
866
-1
-1
867
276
868
868
868
868
868
868
868
869
869
869
869
869
869
870
870
870
870
870
871
871
871
871
871
871
872
872
872
872
873
873
874
874
874
874
874
874
874
875
875
875
875
875
875
875
876
876
876
876
-1
877
878
878
878
-1
879
879
879
-1
880
880
880
-1
881
881
881
882
883
883
883
-1
884
884
884
885
885
885
885
885
886
886
886
886
886
887
887
887
887
887
888
888
888
888
888
889
889
889
889
890
890
890
890
890
890
890
-1
891
891
891
892
893
893
893
-1
894
894
894
895
377
377
377
896
896
896
896
896
897
897
897
897
897
-1
898
898
898
899
899
899
899
899
899
899
-1
900
900
900
901
901
901
901
901
901
-1
902
902
-1
903
903
903
903
903
903
903
904
904
904
904
904
904
904
905
905
905
905
905
905
905
906
906
906
906
906
906
906
907
907
907
907
907
907
907
908
908
908
908
908
908
908
909
909
909
339
910
911
911
911
-1
912
912
912
-1
913
913
913
-1
914
914
914
-1
915
915
915
-1
916
916
916
917
917
917
-1
918
918
918
919
919
919
919
920
920
920
920
920
920
-1
921
921
921
922
922
922
922
923
923
923
923
923
923
923
923
924
924
924
925
925
925
925
925
925
926
926
926
926
926
926
926
927
927
927
927
927
927
927
928
928
928
928
928
928
929
929
929
929
929
929
-1
930
930
930
-1
931
931
931
932
932
932
932
932
932
932
933
933
933
933
934
934
934
934
935
936
936
936
937
937
937
937
937
938
938
938
938
938
938
939
939
939
939
939
940
940
940
940
940
940
941
942
942
942
943
889
889
-1
944
944
944
945
945
945
945
946
946
946
946
946
-1
947
947
947
948
948
948
948
948
948
948
-1
-1
949
949
950
950
950
950
950
950
950
951
951
951
951
952
952
952
952
952
952
952
-1
953
953
953
953
953
-1
954
954
954
-1
955
955
955
-1
956
956
956
-1
957
957
851
958
958
958
958
959
959
959
569
569
960
960
960
960
960
960
960
961
961
961
961
962
962
962
962
-1
963
963
963
964
964
964
964
965
965
965
965
965
965
966
966
966
966
966
966
966
967
967
967
968
968
968
968
969
969
969
969
970
970
970
970
970
970
971
971
971
971
971
971
972
972
972
972
972
972
972
972
973
973
973
973
974
974
974
974
975
975
975
975
-1
976
976
976
976
976
976
977
977
977
977
977
978
978
978
979
979
979
979
980
980
980
980
980
981
981
981
981
-1
982
982
982
983
983
983
983
984
984
984
984
984
985
985
985
985
-1
1458
986
986
-1
987
988
988
-1
989
989
-1
990
990
990
990
991
991
991
991
991
-1
1518
-1
-1
992
992
992
-1
993
994
994
-1
995
995
995
-1
-1
996
996
-1
-1
-1
997
997
-1
998
999
999
-1
1000
1001
1001
-1
-1
-1
-1
1002
1002
1002
1003
1003
1003
1003
1004
1004
1004
1005
1006
1006
1006
-1
-1
1007
1007
-1
-1
1008
1008
-1
-1
1009
1009
-1
1010
973
973
-1
-1
-1
1011
1011
1011
1012
1012
1012
1012
1013
1013
1013
1013
1013
1013
1013
1014
1014
1014
1014
1015
-1
1016
1016
1016
1017
1017
1017
1017
1017
1017
1017
1018
1019
1019
1019
1020
1020
1020
1020
1021
1021
1021
1021
1021
1021
-1
1022
1022
913
1023
1023
1023
1024
1024
1024
1024
1024
1024
1024
1024
1025
1025
1025
1025
1025
1025
1025
1025
1026
1026
1026
1026
1026
1026
1026
1027
1027
1027
1027
1028
1028
1028
1028
1029
1029
1029
1030
1030
1030
1030
1030
1031
1031
1031
1031
1032
1032
1032
1033
1033
1033
1033
1033
1033
1033
1034
1034
1034
1034
1034
1034
1034
1035
1035
1035
1035
1036
1036
1036
1036
1036
1036
1036
1037
1037
1037
1037
1037
1037
1038
1038
1038
1038
1038
1038
1039
1039
1039
1039
1039
1039
1039
1040
1040
1040
1040
1040
1040
1040
1041
1041
1041
1041
1041
1041
1042
1042
1042
1042
1043
1043
1043
1043
1043
1043
1043
1044
1044
1044
1045
1045
1045
1045
1046
1046
1046
1046
1046
1046
1046
1047
1047
1047
1047
1047
1047
1048
1048
1048
1048
1049
-1
1050
1050
-1
-1
1051
1051
1052
1052
1052
1052
1052
1052
1052
1053
1053
1053
1053
1053
1053
1053
-1
1054
1054
1054
-1
1055
1055
1055
1056
1056
1056
1056
1056
1056
1056
-1
1057
1057
1057
1058
1058
1058
1058
1058
1059
1059
1059
1059
1060
1060
1060
1060
1061
1061
1061
1061
1061
1061
1061
1061
1062
1062
1062
1062
1062
1062
1063
1063
1063
1063
1063
1063
1063
1064
1064
1064
1064
1065
1065
1065
1065
1065
1065
1065
1065
1066
1066
1066
1066
1067
1067
1067
1068
1068
1068
1068
1068
1068
1068
1068
1069
1069
1069
1069
1070
1070
1070
1070
1071
1071
1071
1071
1072
1072
1073
779
779
779
-1
1074
1074
1074
1074
1074
1074
1074
1075
1075
1075
1075
1076
1076
1076
1076
1076
1076
1076
1077
1077
1077
1078
1078
1078
1078
1079
1079
1079
1079
1079
1079
1079
1080
1080
1080
1081
1081
1081
1082
1082
1082
1082
1082
1083
1083
1083
1083
-1
-1
1084
1084
1085
1085
1085
1086
1086
1086
1086
1086
1086
1086
1087
1087
1087
1087
1087
1087
1087
-1
1088
1088
1088
1089
1089
1089
-1
1090
1090
1090
1091
1091
1091
1091
1092
1092
1092
1092
1093
1093
1093
1093
1094
1094
1094
1094
1094
1094
1094
1095
1095
1095
1095
1095
1095
1095
1096
1096
1096
1096
1096
1097
1097
1097
1097
1098
1098
1098
1098
1098
1098
1098
1099
1099
1099
1099
-1
-1
1100
1100
1100
1100
1101
1101
1101
1101
1102
1102
1102
1102
1102
1102
1102
1102
1103
1103
1103
1103
1104
1104
1104
1104
1105
1105
1105
1105
1106
1106
1106
1106
1106
1106
1107
1107
1107
1107
1107
1107
1107
1108
1108
1108
-1
-1
1109
1109
-1
1110
1110
-1
-1
1111
1111
-1
-1
-1
2155
1112
1112
1112
1112
1112
1112
1112
1113
-1
1114
1114
-1
1115
1115
1115
-1
-1
-1
-1
-1
-1
1116
1116
-1
-1
-1
1117
1117
-1
-1
1118
1118
-1
-1
1119
1119
1120
1120
1120
1120
1120
1120
1120
1121
1121
1121
1121
1121
-1
-1
-1
1122
1122
1122
-1
1123
1123
1123
1124
1124
1125
1125
1126
1127
1127
1127
-1
17
17
17
-1
1128
1128
1128
-1
1129
1129
1129
1130
843
843
843
-1
1131
1131
1131
1132
1132
1132
1132
1132
1132
1133
1134
1134
1134
1134
1134
1134
1135
1135
-1
1136
1136
1136
-1
1137
1137
1137
-1
1138
1138
1138
1139
1139
1139
1139
1140
1140
1140
-1
1141
1141
1141
-1
1142
1142
1142
-1
1143
1143
1143
-1
1144
1144
1144
1145
406
212
212
1146
1146
1146
1146
1146
673
673
673
673
1147
1147
1147
1147
1148
1148
1148
1148
1149
1149
1149
1149
1150
1150
1150
1150
1150
1150
1150
1150
1151
1151
1152
1152
1152
1152
1153
1153
1154
1154
1154
1154
1154
1154
1154
1154
1155
1155
1155
1155
1156
1156
1156
1156
1157
1157
1157
1157
1157
1157
1157
1158
1158
1158
1158
1158
1158
1158
1159
1159
1159
1159
1160
1160
1160
1160
1160
1160
1160
1161
702
702
702
1162
1162
1162
1162
1163
1163
1163
1163
-1
-1
-1
-1
-1
1164
1164
1164
1164
1164
1164
1164
1165
1165
1165
1165
1166
1166
302
302
1167
1167
1167
1167
1168
1168
1168
1168
1168
1169
77
77
77
1170
1170
1170
1170
1170
1170
1170
1171
1171
1171
1171
1172
1172
1172
1172
1173
1173
1173
1173
1173
1173
1174
1174
1174
1174
-1
1175
1175
1175
-1
1176
1176
1176
-1
1177
1177
1177
1178
1178
1178
1178
1178
1178
-1
1179
1179
1180
1180
1180
1181
1181
1181
1182
1182
1182
1182
1182
1182
1182
-1
-1
-1
1183
1183
-1
1049
1184
1184
-1
1185
1185
1185
1186
1186
1187
1187
1187
-1
1188
1188
1188
1189
-1
1190
88
1191
-1
1192
1192
-1
1193
1193
1193
1194
1194
1194
1194
1194
1194
1194
1195
1195
1195
1195
1195
-1
-1
1196
1196
1197
1197
-1
1198
1198
1199
1199
1199
1199
1199
1199
-1
-1
-1
1200
1200
-1
1383
1201
1201
-1
-1
1202
1202
-1
-1
1203
1203
-1
-1
1204
1204
-1
1205
1205
1205
-1
-1
1206
1206
1207
1207
1207
1207
-1
1208
1208
1208
-1
1209
1209
1209
1209
1210
1210
1210
1210
-1
1211
1211
1211
1212
1212
1212
1212
1212
1213
1213
1213
1213
1213
1213
1213
1214
1214
1214
1116
1215
1215
1215
1215
1216
1216
1216
1216
1216
1217
1217
1217
260
-1
-1
1218
1218
-1
-1
1219
1219
1220
1220
1220
1220
1220
-1
2015
1221
1221
1222
1222
1222
1222
1222
1223
1223
1223
1223
1223
-1
-1
1224
1224
1225
484
484
484
484
484
484
484
-1
1226
1226
1226
1226
-1
-1
1227
1227
-1
-1
1228
1228
1229
1229
1229
1229
1229
1229
1229
1230
1230
1230
1230
1230
1230
1230
1231
1231
1231
1231
1231
1232
1232
1232
1232
1232
1233
1233
1233
1233
1233
1233
1233
1234
1235
1235
1235
-1
-1
1236
1236
-1
-1
1237
1237
-1
1238
1238
-1
1239
1239
1239
-1
1240
1240
1240
1241
1241
1241
1241
1241
1242
1242
1242
1242
1242
1242
1243
1243
1243
2151
1244
1318
1245
1245
1245
1246
1246
1246
1246
1247
1247
1247
-1
1248
1248
1084
-1
1249
1249
1249
1250
1250
1250
-1
1251
1251
1251
1252
1252
1252
1252
1253
1253
1253
1254
1254
1254
1255
1255
1255
1255
1256
1256
1256
1257
877
877
877
-1
-1
675
2127
-1
1258
1258
1258
-1
1259
1259
1259
-1
1260
1260
1260
-1
1261
1261
1261
1262
1262
1262
1262
1263
1263
1263
1263
1264
1264
1264
1265
1265
1265
1265
-1
1266
1266
1266
-1
1267
1267
949
-1
307
307
307
-1
1268
1268
1268
-1
1269
1269
1269
-1
1270
1270
1270
1271
1271
1271
1271
1272
1272
1272
1273
1273
1273
1273
1273
1273
1273
1274
1274
1274
1274
1274
1274
1275
1275
1275
1275
1275
-1
1276
1276
1276
-1
1277
1277
1277
-1
1278
1278
1278
-1
1279
1279
1279
-1
1280
41
41
1281
1281
1281
1281
1282
1282
1282
1282
1283
1283
1283
1283
-1
1284
1284
1284
-1
1285
1285
1285
1285
1285
1285
1286
1286
1286
-1
1287
1287
1287
1288
1288
1288
1288
1288
1288
1288
1289
1289
1289
1289
1289
1290
1290
1290
1290
1291
1291
1291
1291
1292
1292
1292
1292
1293
1293
1293
1293
1293
1294
1294
1294
1294
1294
1294
1294
1295
1295
1296
1296
1296
1297
1297
1297
1297
1297
1297
1297
1298
1298
1298
1298
-1
1299
862
862
1300
1301
1301
1301
1302
1302
1302
-1
1303
1303
1303
1304
1304
1304
1304
1305
1305
1305
1305
1306
1306
1306
1306
1307
1307
1307
1307
1308
1308
1308
1309
1309
1309
1309
1309
1309
1310
1310
1310
1310
1311
1311
1311
1312
1312
1313
1313
1313
1313
1314
1314
1314
1314
1315
1315
1315
1315
1315
1315
1316
1316
1316
1316
1317
1317
1317
1317
1318
1318
1318
1244
-1
-1
1319
1319
1319
1320
1320
555
555
-1
1321
1321
1321
1322
1322
1322
1322
1323
1323
1261
1261
-1
1324
1324
1324
-1
1325
1325
1325
1326
1326
1326
1326
-1
1327
1327
1327
-1
1328
1328
-1
1329
1329
1329
-1
1330
1330
1330
-1
1331
1331
1331
-1
1332
1332
1332
-1
1333
1333
1333
1334
1334
1334
1335
1335
1335
1335
1335
1335
1335
1336
1336
1336
1337
1337
1337
1337
1338
1338
1338
1338
1338
1338
1338
1339
1339
1339
1339
1339
1339
1339
1340
1340
1340
1340
1340
1340
1340
1341
1341
1341
1341
1341
1341
1342
1342
1342
1342
1342
1342
1343
1343
1343
1343
1343
1343
1344
1344
1344
1344
1344
1344
1345
1345
1345
1345
1345
1345
1346
1346
1346
1347
1347
1347
1347
1348
1348
1348
1348
1349
1349
1349
1349
1349
1349
1349
1350
1350
1350
1350
1350
1350
1350
-1
1351
1351
1351
1352
1352
1352
1352
1353
1353
1353
1353
1353
1354
1354
1354
1354
1354
1354
1354
1355
1355
1355
1355
1356
1356
1356
-1
1357
1357
-1
1358
1358
1358
1359
1359
1359
1359
1360
1360
1360
1360
1361
1361
1361
1361
1361
1361
1361
1362
1362
1363
1363
1363
1363
1364
1364
1364
1364
1364
1365
1365
1366
1366
1366
-1
1367
1367
1367
1368
1368
1368
1368
1369
1369
1369
1369
1369
1369
1370
1370
1370
1370
1371
1371
1371
1371
1372
1372
1372
1373
1373
1373
1373
1374
1374
1374
1374
1374
1374
1375
1375
1375
1375
1376
1376
1376
1376
1376
1376
1376
1377
1377
1377
1377
1377
1377
1378
1378
1378
1378
1378
1379
1379
1379
1380
1380
1380
1380
1381
1381
1381
1381
1382
1382
1382
1382
1383
1384
1384
1201
1385
1385
1385
1385
-1
1386
1386
1386
-1
1387
1387
1387
1388
1388
1388
1388
1388
1388
1388
1389
1389
1389
1390
1390
1390
1391
1391
1391
1391
1391
1392
1392
1393
1393
1393
1393
1393
1394
1394
1394
1394
1395
1395
1395
1395
1396
1396
1396
1396
1397
476
476
476
476
476
476
476
1398
1398
1398
1398
1398
1399
1399
1399
1399
1399
1400
1400
1400
1400
1401
1401
1401
1401
1402
1402
1402
1402
-1
1403
1403
1404
1404
1404
1404
-1
-1
1405
1405
1405
1406
1406
1406
1406
1406
1406
1407
1407
1407
1407
1407
1408
1408
1408
-1
-1
-1
-1
-1
1409
1409
1409
1409
1409
1409
1410
1410
1410
1410
1410
1410
-1
1411
1411
1411
-1
1412
1412
777
1413
1413
1413
1413
1413
1413
1413
1414
1414
1414
1414
1414
1414
1415
1415
1415
1415
1416
1416
1416
1416
1416
-1
1417
1417
1417
1418
1418
1418
1418
1418
1418
1418
-1
1419
1419
1419
-1
1420
-1
1421
1421
1421
1421
1422
1422
1422
1422
1422
1422
1423
1423
1423
1423
1423
1424
1424
1424
1424
1425
1425
1425
1425
1425
1425
1425
-1
1426
1426
1426
1426
1426
1426
1426
1426
-1
1427
1427
1427
1428
1428
1429
1429
1429
1430
1430
1430
1430
1430
-1
1431
1431
1431
1432
1432
1432
1432
1432
1432
1432
1433
1433
1433
1433
1433
1433
1434
1434
1434
1434
1434
1434
1434
1435
1435
1435
1435
1435
1435
1435
-1
1436
1437
1437
-1
-1
1438
1438
-1
2037
1439
1439
-1
1440
1440
1440
-1
1441
1441
1442
1442
1442
1442
1442
1442
1442
-1
1443
1443
1443
1444
1444
1444
1444
1445
1445
-1
1446
1446
1446
-1
-1
1447
1447
-1
1448
1448
1448
-1
-1
1449
1449
-1
-1
1450
1131
-1
1451
1451
1451
1452
1452
1452
1452
1452
1452
-1
1453
1453
1453
-1
1454
1454
1454
-1
1455
1455
1455
-1
1005
1005
1005
1456
1456
1456
1456
1456
1456
1456
1457
1457
1457
1457
1457
1457
1457
-1
1458
1459
1459
1459
-1
1460
1460
1460
-1
1461
813
813
-1
1462
1462
1462
-1
1463
1463
1463
-1
1464
1464
1464
1465
1465
1465
1465
1465
1465
1465
1466
-1
1467
1467
1467
-1
1468
1468
1468
1469
1469
1469
1469
1469
1469
1469
1470
1470
1470
1470
1470
1470
1470
-1
983
983
983
1471
-1
1472
1472
-1
-1
1473
1473
-1
-1
-1
1474
1474
1474
1475
1475
1475
1475
1475
1475
1476
1476
1476
1476
1476
1476
1476
-1
1477
1477
1477
-1
-1
1478
1478
-1
1479
1479
1479
-1
1480
1480
1480
-1
1567
1481
277
-1
1482
1482
-1
1483
1483
1483
1484
1484
1484
1484
1484
1484
-1
1485
1485
1485
1485
1485
-1
-1
1486
1486
-1
-1
1487
1487
-1
1488
1488
1488
-1
1489
1489
1489
-1
1490
1490
1490
-1
1491
1491
1491
1492
1096
1096
1096
-1
1493
1493
-1
1494
1494
1494
-1
-1
1495
1495
-1
1496
1496
1496
-1
1497
1497
188
1498
1498
1498
1498
1498
1498
1499
1499
1499
1499
1500
1500
1501
1501
1501
1501
1501
1501
1501
1502
1502
1502
1502
1502
1502
1502
1503
1503
1503
1503
1503
1503
1503
-1
-1
1504
1504
1504
-1
1505
1505
1505
-1
-1
1506
1506
1506
1507
1507
1507
1508
1508
1508
1508
1508
1508
1509
1509
1509
1509
1509
1509
1509
1509
1510
1510
1510
1510
1510
1510
1510
1511
1511
1511
1511
1511
1512
-1
-1
1513
1514
1514
1514
-1
1515
1515
1515
-1
-1
1516
1516
1516
1516
1516
1516
-1
-1
-1
-1
-1
-1
-1
-1
-1
-1
-1
-1
-1
-1
-1
-1
-1
-1
-1
-1
-1
1517
1517
1517
1518
1519
1519
1089
-1
1520
1520
1520
1521
1521
1521
1522
1522
1522
1523
1523
1523
1523
1523
1523
1524
1525
1525
1525
1525
1525
-1
1526
1526
1526
1526
1526
1526
-1
1527
1527
1528
1528
1528
1528
1528
1528
1528
-1
1529
1529
1529
1529
1529
-1
-1
-1
-1
-1
-1
1530
1530
1531
-1
-1
-1
-1
-1
-1
1532
1532
1532
1532
1533
1533
1533
1533
1533
1533
-1
1534
1534
1534
-1
1535
1535
1535
1535
-1
-1
-1
-1
-1
-1
1536
1536
-1
1537
1537
1537
1538
1539
1539
1539
-1
-1
1540
626
-1
-1
1541
1541
1542
1542
1542
1542
1542
1542
1542
1543
1543
1543
1543
1543
1543
1543
1543
-1
1544
1544
1544
1544
-1
1545
1545
-1
1546
1546
1546
1546
-1
1538
1538
1538
1538
-1
-1
-1
1547
1547
1547
1548
1548
1548
1548
1548
1548
1549
1549
1549
1549
1549
1549
1550
1550
1550
1550
1550
1550
1551
1551
1551
1551
1551
1551
1551
1552
1552
1552
1552
1552
1552
1552
1552
-1
1553
1553
-1
-1
-1
-1
-1
-1
1554
1554
-1
1555
1555
1555
-1
-1
1556
841
-1
-1
-1
-1
-1
1557
1557
1557
1557
1558
1558
1558
1558
1558
1558
1558
1559
1559
1559
1559
1559
1560
1560
1560
1560
1560
1560
1560
1560
-1
889
889
889
-1
1561
1561
1561
-1
1562
1562
1562
1562
1563
1563
1563
1563
1563
1563
1563
-1
-1
1564
1564
-1
1565
1565
1565
-1
-1
1566
1566
1567
-1
1568
1568
-1
1569
1569
1404
-1
-1
1570
1570
-1
1571
1571
1571
-1
1572
1572
1572
1572
1572
1572
-1
-1
1573
1573
1573
1574
1574
1575
1575
1575
1575
1575
1575
1576
1576
1576
1576
1576
-1
1577
1577
1577
1578
1578
1578
1578
1579
171
171
171
171
171
171
1580
1580
316
316
316
-1
1581
1581
1581
1581
1581
-1
1582
1582
1582
1582
1583
1583
1584
1584
1584
1585
1585
1585
1585
1585
1586
1586
1586
1586
1586
1586
1587
1587
1587
1587
1587
1588
1588
1588
1588
1588
1588
1588
1589
1589
1589
1589
1589
1589
1589
1589
1590
1590
1590
1590
1590
1590
1591
1591
1591
1591
1591
1591
-1
1592
1592
1592
1593
1593
1593
1593
1593
1593
-1
1594
1594
1594
1595
1595
1595
1595
1596
1596
1596
1597
1597
1597
1597
1597
1597
1597
-1
1598
1598
1598
1599
1599
1599
1600
1600
1600
1600
1600
1600
1600
1601
1601
1601
1601
1602
1314
1314
1314
1603
1603
1603
1603
1604
1604
1604
1604
1604
1604
1605
1605
1605
1605
1606
1606
1606
1606
-1
1607
1607
1607
-1
1608
1608
1608
1609
1609
1609
1609
-1
1610
1610
1610
1611
1611
1611
1611
1611
1611
1611
1612
1612
1612
1612
1613
1613
1614
1614
1614
-1
-1
1615
-1
-1
1616
1616
1616
1617
1617
1617
1617
-1
1618
1618
1618
1618
-1
1619
1619
1619
1620
1620
1620
1620
1620
1620
-1
-1
1621
1621
1621
1621
1621
1621
1621
1622
1622
1622
1622
1622
1622
1623
1623
1623
1623
1624
1624
1624
1624
1625
1625
1626
1626
1626
1626
1627
1627
1627
1627
1627
1627
1628
1628
1628
1629
1629
1629
1629
1629
1629
1629
1630
1630
1630
1630
1631
1631
1631
1631
1632
1632
1632
1633
1633
1633
1633
1634
1634
1634
1635
1635
1635
1636
1636
1636
745
-1
1637
1637
1637
1638
1638
1638
1638
1638
1638
-1
1639
1640
1640
-1
1641
1641
1641
-1
1642
1642
1643
1644
228
228
-1
1645
1488
1488
1646
1646
1646
1646
1646
1646
1647
1647
1647
1647
1647
1647
1647
1648
1648
1648
1648
-1
1649
1649
1649
1650
1650
1650
1650
1650
1650
1650
-1
1651
1651
1651
1652
1652
1652
1652
1652
1652
1652
-1
1653
1653
1653
-1
1654
1654
1654
-1
1655
1655
1655
-1
1656
1656
1656
-1
1657
1657
1657
-1
882
882
882
1658
1658
1658
1658
1658
1658
-1
1659
1659
1659
1660
1660
1660
1660
1660
1660
1661
1661
1661
1661
1661
1661
1662
1662
1662
1662
1662
1663
1663
1663
1663
-1
1664
1664
1665
1665
1665
-1
1666
1666
1666
1667
1667
1667
1667
1667
1667
1667
1667
1668
1668
1668
-1
-1
-1
1189
1189
1189
1669
1669
1669
1669
1669
1670
1670
1670
1670
1670
-1
1671
1671
1671
-1
-1
-1
1672
1672
1672
1672
1672
1672
1672
-1
1673
1673
1673
-1
-1
1674
1674
-1
-1
1675
1675
-1
-1
230
230
-1
-1
1676
1676
1677
1677
1677
1677
1677
-1
1678
1678
1678
-1
-1
1679
37
-1
1680
1680
1680
1681
1681
1681
1681
1681
1681
1681
-1
1682
1682
1682
1683
1531
1531
1531
-1
1684
1684
1684
1685
1685
1685
1685
1685
1685
1685
-1
1686
1686
1686
1687
853
853
853
-1
1688
1688
1688
-1
1689
1689
1689
-1
1690
1690
1690
1691
1691
1691
1691
1691
-1
1692
1692
1693
1693
1694
1694
1694
-1
-1
1695
1695
-1
-1
1696
1696
1697
1697
1697
1697
1697
1697
1697
1698
1698
1698
1698
1698
1699
1699
1699
1699
1700
1700
1700
1700
1700
1700
1700
1701
1701
1701
1701
1701
1701
1701
-1
1702
1702
1702
-1
1703
1480
1480
148
148
148
1704
1639
1639
1639
1705
1705
1705
1706
1706
1706
1707
1707
1707
1707
1707
1707
1707
-1
1708
865
865
1709
1709
1709
1709
1709
1709
1709
-1
1710
1710
-1
1711
299
-1
1712
1712
1712
-1
1713
1713
1713
1714
1715
1715
1715
1715
-1
1716
1716
1717
1717
1717
1718
1718
1718
1719
1719
1719
1719
1719
1719
1720
1720
1720
1720
1721
1721
1721
1722
1722
1722
1722
1722
1723
1723
1723
1723
1724
1724
1724
1724
1725
1725
1725
1725
1726
1726
1726
1726
1727
1727
1727
374
1728
1728
1728
1728
-1
1729
1729
1729
1730
1730
1730
1730
1730
1731
1731
1731
1731
-1
1732
1732
1732
-1
1733
1733
1733
-1
1734
1734
1734
-1
1735
24
24
1736
1736
1736
1737
1737
1737
1738
1738
1738
1738
1738
1738
1739
1739
1739
1739
1739
1739
1739
1740
1740
1740
1740
1740
1740
1740
1741
1741
1741
1742
1743
1743
1743
-1
1744
1744
1744
1745
1745
1745
1745
1745
1745
-1
-1
1746
1687
1687
1687
1747
1747
1747
1747
1748
1748
1748
1748
1749
1749
1749
1749
1749
1749
1749
1750
1750
1750
-1
-1
-1
1751
1751
1751
1751
1752
1752
1752
1752
1753
1753
1753
1753
1753
1753
1754
1754
1754
1754
1755
1755
1755
1755
1756
1756
1756
1756
1757
1757
1757
1758
1758
1759
1759
1759
1759
1760
1760
1760
1760
1761
1761
1761
1761
1762
1762
1762
1762
1763
1763
1763
1763
1763
1764
1764
1764
1764
1764
1764
1765
1765
1765
1765
1765
1765
1766
1766
1766
1766
1766
1767
1767
1767
1767
1768
1768
1768
1768
1768
1768
1768
1769
1769
1769
1769
1770
77
77
77
1771
1771
1771
1771
1772
1772
1772
1772
1772
1772
1773
1773
1773
1773
1774
1774
1774
1774
1775
1775
1775
1775
1775
1775
1776
1776
1776
1776
1776
1776
1776
1777
1777
1777
1778
1778
1778
1778
1779
1779
1779
1779
1780
1780
1780
1780
1781
1781
1781
1781
1782
1782
1782
1783
1783
1783
1783
1783
1783
1784
1784
1784
1784
1785
1786
1786
1786
1786
-1
1787
1787
1787
1788
1788
1788
1789
1789
1790
1790
1790
1790
1790
1790
1790
1791
1791
1791
1791
1791
1791
-1
1792
1792
1792
-1
1793
1793
1794
1794
1794
1794
1794
1794
1794
1795
1795
1795
1795
1796
1796
1796
1796
1796
1796
1797
1798
1798
1798
1799
1799
1799
1799
1800
1800
1800
1800
1800
1800
-1
1801
1801
1802
1802
1803
1803
1803
1803
1803
-1
1804
1804
1804
-1
1805
1805
1805
-1
1806
1806
1806
-1
1807
1807
1807
1808
1808
1808
1808
1808
1808
1808
1808
1809
1810
1810
1811
1811
-1
1812
1812
1812
-1
1813
839
839
1814
1814
1814
1814
1814
1814
1815
1815
1815
1815
1816
1816
1816
1816
-1
1817
1817
1817
1818
1818
1818
1818
1819
1819
1819
1819
1819
1820
1820
1820
1820
1820
1820
1820
-1
1821
1821
1821
-1
1822
1822
1822
1823
1823
1823
1823
1823
1824
1824
1824
1824
-1
1825
1825
1825
-1
1826
1826
1827
1827
1827
1827
1828
1828
1828
1829
1829
1829
1829
1830
1830
1830
1830
-1
776
776
776
1831
1831
1831
1831
1831
1832
1832
1832
1832
1832
1832
-1
1833
1833
1833
1834
1834
1834
1834
1835
1835
1835
1835
-1
1836
1836
1836
-1
1837
1463
1463
1838
1838
1838
1838
1839
1839
1839
1840
1840
1840
1840
1841
1842
1842
1842
-1
1843
853
853
1844
1844
1844
1844
1844
1845
1845
1845
1846
1846
1846
1846
1846
1846
1846
-1
1847
1847
1847
1847
1848
1848
1848
1848
1848
1848
1848
1849
1849
1849
1849
1849
1849
1850
1850
1850
1850
1850
1850
1850
1851
1851
1851
1851
1851
1851
1851
1852
1852
1852
1852
1853
1853
1853
1853
1854
1854
1854
1854
1855
1855
1855
1855
1856
1856
1856
1856
1856
1857
1857
1857
1857
1858
1858
1858
1858
1858
1858
1858
1859
1859
1859
1859
1860
1860
1860
1860
1861
1861
1861
1861
1862
1862
1862
1862
1863
1863
1863
1863
1864
1864
1864
1864
1865
1471
1471
1471
1866
1866
1866
1866
1867
1867
1867
1867
1868
1868
1868
1869
1869
1869
1869
1870
1870
1870
1870
1871
1871
1871
1871
1871
1871
1871
1872
1872
1873
1873
1873
1873
1873
1873
1873
1874
1874
1874
1874
1874
1874
1874
1875
1875
1875
1875
1875
1876
1876
1876
1876
-1
1877
1877
1877
1877
1877
1878
1878
1878
1878
1879
1879
1879
1879
1880
1880
1880
1880
1881
1881
1881
1882
1882
1883
1883
1883
1883
1884
1884
1884
1884
1884
1884
1884
1884
1885
1885
1886
1886
1886
1886
1886
1886
1886
1887
1887
1887
1887
1887
-1
1888
1888
1888
1888
1888
1888
1888
1889
1889
1889
1889
1890
1890
1890
1890
1890
1890
1890
1890
1891
1891
1891
1891
1892
1892
1892
1892
1893
1893
1893
1893
1894
1894
1894
1894
1895
1895
1895
1895
1895
1895
1895
1895
1896
1896
1896
1896
1897
1897
1897
1897
1898
1898
1898
614
1899
1899
1899
1899
1900
1900
1900
1900
1901
1901
1901
1901
1902
1902
1902
1902
1903
1903
1903
1903
1904
1904
1904
1904
1905
1905
1905
1906
1906
1906
1906
1906
1906
1906
1907
1907
1907
1907
1907
1907
1907
1907
1908
1908
1908
1908
1909
1909
1910
1910
1910
1910
1910
1910
1910
1910
1911
1911
1911
1911
1911
1912
1912
1912
1912
1912
1912
1912
-1
1913
1913
1913
1913
1913
1914
1914
1914
1914
1914
1914
1914
1915
1915
1915
1915
1916
1916
1917
1917
1917
1917
1918
1918
1918
1918
1919
1919
785
1920
1920
1920
1920
1921
1921
1921
1921
1921
1921
1922
1922
1922
1922
1922
1922
1922
1923
1923
1923
1923
1923
1924
1924
1924
1924
1924
1924
1924
1925
1925
1925
1925
1925
1925
1926
1926
1926
1926
1926
1926
1926
1927
1927
1927
1927
1927
1927
1928
1928
1928
1928
1929
1929
1929
-1
1930
1930
1930
1930
1930
1930
1930
1931
1931
1931
1931
1932
-1
-1
-1
1933
1933
1933
1933
1934
1934
1935
1934
1936
1936
1936
1936
1936
1936
1937
1937
1938
1938
1938
1938
1938
1939
1939
1939
1939
1940
1940
1940
1940
-1
1941
1941
1941
-1
1942
1942
1942
-1
1943
1943
1943
-1
1944
1944
1944
1944
-1
1945
1136
1136
1946
1946
1946
1946
1946
1946
1946
1947
1947
1947
1947
1947
1948
1948
1948
1948
1948
1948
-1
-1
1949
1949
1950
1950
1950
1950
1950
-1
-1
1951
1596
-1
1952
1952
1952
1952
1952
1952
1953
1953
1953
1953
1954
1954
1954
1954
1954
1954
1955
1955
1955
1955
1955
1956
1304
1304
1304
1304
1957
1957
1957
1957
1958
1958
1958
1958
1959
1959
1959
1959
1959
1959
1960
1960
1960
1960
-1
1961
1961
1961
1962
1962
1962
1962
1962
1962
1963
1963
1963
1963
1963
1963
1963
1964
1964
1964
1964
1965
1965
1965
1965
1965
1965
1965
1966
935
935
935
1967
1643
1643
1643
-1
1968
1968
1968
1969
1970
1970
1970
1971
1971
1971
1971
1972
1972
1972
1972
1972
1972
1972
1973
1973
1973
1973
1973
1973
1973
1974
1974
1974
1974
1975
1975
1975
1975
1975
1975
1975
1976
1976
1976
1976
1976
1976
1976
1977
1977
1977
1977
-1
1978
1978
1978
-1
1979
1979
1979
-1
1980
78
78
1981
1981
1981
-1
1982
1982
1982
1983
1983
1983
1983
1983
1984
1984
1984
1984
1984
1984
1984
1985
1985
1985
-1
1986
1986
1986
-1
1987
1987
1987
1988
1988
432
432
432
432
-1
-1
522
1989
-1
-1
1990
1990
1990
1991
1991
1991
-1
1992
1992
1992
-1
1993
1993
1993
1994
1139
1139
1139
1995
1995
1995
1996
1996
1996
1996
1996
1996
1996
-1
1997
1997
1997
-1
1998
1998
1998
-1
1999
1999
1203
-1
2000
2000
2000
-1
2001
2001
2001
-1
2002
2002
2002
-1
2003
2003
2003
2004
2004
2004
2004
2004
2004
2004
-1
2005
2005
2005
-1
2006
2006
2006
-1
2007
2007
2007
-1
2008
2008
2008
-1
2009
2009
2009
-1
2010
2010
2010
2011
2012
2012
2012
-1
2013
2013
2013
-1
2014
2000
2000
2015
2016
2016
2016
2017
2017
2017
2017
2017
2017
2017
2018
2018
2018
2018
2018
2018
2018
2019
2019
2019
2019
2019
2019
2019
2020
2020
2020
2020
2020
2021
2021
2021
-1
2022
2022
2023
2023
2023
2024
2024
2024
2024
2024
2024
-1
2025
2025
2025
-1
2026
2026
2026
-1
2027
2027
2027
2028
105
105
2029
2029
2029
2029
2029
2029
2029
2030
2030
2030
2030
-1
2031
2031
2031
2032
2032
2032
2032
2032
2032
2032
2033
2033
2033
2033
2033
2033
2034
2034
2034
2034
-1
2035
2035
2035
-1
2036
2036
2036
2037
2038
2038
2038
2039
2039
2039
2039
2040
2040
2040
2040
2040
2040
2040
2041
2041
2041
2041
2041
2041
2041
2042
2042
2042
2042
2043
2043
2043
2043
2044
2044
2044
2044
2044
2044
2045
2045
2045
2045
2045
2045
2046
2046
2046
2047
2047
2047
2047
2047
2047
2047
2047
2048
2048
2048
2048
2048
2049
2049
2049
2049
-1
2050
1133
1133
1133
1133
1133
1133
1133
2051
2051
2051
2051
2051
-1
2052
2052
2052
2053
2053
2054
2054
2054
2054
2054
2054
-1
2055
2055
2055
-1
2056
2056
2056
2057
2057
2057
2057
2057
2058
1714
1714
1714
2059
2059
2059
2059
2059
2059
2060
2060
2060
2060
2061
2061
2061
2061
2061
2061
2061
2061
-1
2062
2062
2062
-1
2063
2063
2063
-1
2064
2064
2064
2065
2065
2065
2065
2065
2065
2065
2066
2066
2066
2066
2067
2067
2067
2067
2068
2068
2068
2068
2069
2069
2069
2069
-1
2070
2070
2070
-1
2071
2071
2071
2072
2072
2072
2072
2073
2073
2073
2073
2073
2073
2073
2074
2074
2075
2075
2075
2076
2076
2076
2076
2077
2077
2077
-1
2078
2078
2078
-1
2079
2079
2079
2080
2080
2080
2080
2080
2080
2081
2081
2081
2081
2081
2081
2081
2082
2082
2082
1298
2083
2083
2083
2083
2083
2083
2084
2084
2084
2084
2084
2084
2084
2085
2085
2085
2085
2085
2085
2085
2085
2086
2086
2086
2086
2087
2087
2087
2087
2088
2088
2088
2088
2088
2088
2088
2089
2089
2089
2089
2089
2089
2089
2090
2090
2090
2090
2090
2090
2091
2091
2091
2091
2092
2092
2092
2092
2093
2093
1131
1131
2094
2094
2094
1131
2095
2095
2095
2095
2096
2096
2096
2096
2096
2096
2097
2097
2097
2097
2097
2097
2098
2098
2098
2098
2099
2099
2099
2099
2099
2100
2100
2100
2100
2100
2100
2100
2101
2101
2101
2101
2101
2101
2102
2102
2103
2103
2103
2103
2103
2103
2103
2104
2104
2104
2104
2104
2104
2104
2105
2105
2105
2105
2105
2105
2106
2106
2106
2106
2106
2106
2106
2107
2107
2108
2108
2108
2109
2109
2109
2109
2109
2109
2110
2110
2110
2111
2111
2111
2111
2112
2112
2112
2112
2113
2113
2113
2113
2113
2114
2114
2114
2114
2114
2114
2114
2115
1045
1045
1045
2116
2116
2116
2116
2117
2117
2117
2117
2118
2118
2118
2118
2119
2119
2119
2119
2119
2119
2119
2119
2120
2120
2120
2120
2120
2120
2121
2121
2121
2121
2121
2121
2122
2122
2122
2122
2122
2122
2123
2123
2123
2123
2123
2123
2123
2124
2124
2125
2125
2125
2125
2126
2126
2126
2126
2127
2127
2127
1167
2128
2128
2128
2128
2129
2129
2129
2129
2130
2130
2130
2130
2131
2131
2131
2131
2131
2131
2131
2132
794
794
794
2133
2133
2133
2133
2133
2134
2134
2134
2134
2135
2135
2135
2135
2136
2136
2136
2136
2136
2136
2136
2137
2137
2137
2137
2138
2138
2138
2138
2138
2138
2138
2138
2139
2139
2139
556
2140
2140
2140
2140
2141
2141
2141
2141
2142
2142
2142
2142
2143
2143
2143
2143
2144
2144
2144
2144
2144
2145
2145
2145
2145
2145
2145
2146
2146
2146
2146
2146
2147
2147
2147
2147
2147
2147
2148
2148
2148
2148
2148
2148
2148
2149
2149
2149
2149
2149
2149
2150
2150
2150
2150
2150
2150
2150
2151
2151
2151
2151
2152
2152
2152
2152
2153
2153
2153
2153
2154
2154
2154
2154
2155
2155
2155
2155
2156
2156
2156
2156
2156
2156
2156
2157
2157
2157
2157
2157
2158
2158
2158
2158
2158
2158
2158
2159
2159
2159
2159
2159
2159
2160
2160
2160
2160
2160
2160
2161
2161
2161
2161
2162
2162
2162
2162
2163
2163
2163
2163
2163
2163
2163
2163
-1
2164
2164
2164
2164
-1
2165
1742
1307
-1
2166
2166
2166
2166
2166
2167
2167
2167
2167
2167
2167
2168
2168
2168
2168
2168
2168
2168
2169
2170
2170
2171
2171
2171
2171
2171
2172
2172
2172
2172
2172
2172
2172
2173
2173
2173
2173
2173
-1
2174
2174
2174
2174
2174
2174
2174
2175
2175
2175
2175
2175
2175
2175
2176
2176
2176
2176
2176
2177
2177
2177
2177
2177
2177
2177
2178
2179
2179
2179
2180
2180
2180
2180
2180
-1
2181
2181
2181
-1
2182
2182
2182
-1
-1
-1
2183
2183
2183
2183
2183
2183
2184
2184
2184
2184
2184
2184
2184
2185
2185
2185
2185
2185
2185
2185
2186
2186
2186
2186
2186
1354
1354
2187
2187
2187
2188
2188
2188
-1
2189
2189
2189
-1
2190
2190
2190
-1
2191
2191
2191
-1
2192
2192
2192
-1
2193
2193
2193
-1
-1
2194
2194
2195
2195
2195
2195
2195
2196
2196
2196
2196
2196
-1
-1
2197
2197
2197
-1
2198
2198
2198
-1
-1
2199
2199
2200
2200
2200
2200
2200
2200
2200
-1
2201
2201
2201
-1
2202
2202
612
-1
-1
2203
2203
-1
2204
2204
2204
2205
2205
2205
2205
2205
-1
2206
2206
2206
2206
2206
2206
2206
2207
739
739
739
739
739
739
739
2208
2208
2208
2208
2208
2208
2209
2209
2209
2209
2209
2209
2209
2210
2210
2210
2210
2210
2210
2211
2211
2211
2211
2211
2211
2211
2212
2212
2212
2212
2212
2212
2212
2213
2213
2213
2213
2213
2213
2213
-1
2214
1634
2215
2216
2216
2216
-1
2217
2217
-1
-1
2218
2218
-1
2219
737
737
-1
2220
839
275
-1
-1
2221
2221
2222
2222
2222
2222
2223
2223
2223
2223
2223
2224
2224
2224
2224
2224
-1
1262
1262
1262
-1
2225
2225
2225
2226
2227
609
-1
2228
2228
2228
-1
2229
2229
2229
-1
1725
-1
1841
2230
2230
2231
2232
2232
2232
-1
2233
2233
2233
-1
2234
2234
2234
-1
2235
2235
2235
2236
2236
2236
2236
2236
2236
2236
2237
2237
2237
2237
2237
2237
2237
2238
2238
2238
2238
2238
2238
2238
-1
2239
2239
-1
-1
2240
2240
-1
1932
1932
1932
-1
2241
2241
2241
-1
-1
2242
2242
-1
-1
2243
2243
-1
2244
2244
2244
2245
2245
2245
2245
2245
865
589
-1
-1
2246
2246
2246
2247
2247
2247
2247
2247
2247
2247
2248
2248
2248
2248
2248
2248
2248
2249
2249
2249
2249
2249
2250
2250
2250
2250
2250
2251
2251
2251
2251
2252
2252
2252
2252
2253
2253
2253
2253
2254
2254
2254
2254
2255
2255
2255
2255
2255
2255
2256
2256
2256
2256
2257
2257
2257
2257
2257
2258
2258
2258
2258
2258
2258
2258
2259
2259
2259
2259
2260
1720
2261
2261
2261
2261
2261
-1
2262
2262
2262
2262
2263
2263
2263
230
2264
2264
2264
2264
2265
2265
2265
2265
2266
2266
2266
2267
2267
474
474
2268
2268
2269
2269
2269
2269
2269
2270
2270
2270
2270
2271
2271
2271
2271
2272
2272
2272
2273
2273
2273
2273
2273
2273
2273
2274
2274
2274
2274
2274
-1
2275
2275
2275
2275
2276
2276
2276
2276
2276
2276
2276
2277
2277
2277
2277
2278
2278
2278
2278
2279
946
946
946
946
2280
1298
1298
2281
2281
2281
2281
2281
2282
2282
2282
2282
2282
2283
2283
2283
2283
2283
2283
2283
-1
2284
2284
2284
2285
2285
2285
2285
2285
2285
-1
2286
2286
2286
2287
2287
2287
2288
2288
2288
2288
2288
2288
2288
2289
2289
2289
898
2290
2290
2290
2290
2290
-1
2291
2291
2291
-1
2292
2292
2292
2293
2293
2293
2294
2294
2294
2294
2294
2294
2294
2295
2295
2295
2295
2295
2295
2296
2296
2296
2296
-1
2297
2297
2297
-1
2298
2298
2298
2299
2299
2299
2299
2299
2299
2299
-1
2300
2300
1268
2301
2301
2301
2301
2301
2301
2301
2302
-1
-1
-1
-1
2303
2303
1331
2304
2304
2304
2304
2304
2304
2304
2305
2305
2305
2305
2305
2306
2306
2306
2306
2307
1742
1742
1742
2308
2308
2308
2308
2308
2308
2309
2309
2309
2309
2309
2309
2309
2310
2310
2310
2310
2310
2310
2310
