-1
0
0
0
1
1
1
1
1
1
1
2
2
2
2
2
-1
3
3
3
4
5
5
5
-1
6
4
4
-1
4
4
4
-1
7
7
7
-1
8
8
8
9
9
9
9
9
-1
10
10
10
11
11
11
11
11
12
12
12
12
12
-1
13
13
13
-1
14
14
14
15
16
16
16
-1
17
17
17
18
18
18
18
-1
19
19
19
-1
20
20
20
-1
21
21
21
-1
22
22
22
23
23
23
-1
24
24
24
25
26
26
26
-1
27
27
27
-1
28
28
28
29
29
29
-1
-1
-1
30
30
30
-1
31
31
31
-1
32
32
32
-1
33
33
33
-1
34
34
34
-1
35
35
35
-1
36
36
36
37
38
38
38
-1
39
39
39
-1
40
40
40
-1
41
41
31
-1
42
42
42
-1
43
43
43
44
45
45
45
46
46
46
46
46
-1
47
47
47
48
48
48
48
48
48
48
49
49
49
49
49
49
49
49
-1
50
50
50
51
51
51
51
51
51
52
52
52
-1
53
53
53
-1
54
54
54
-1
55
55
55
56
56
-1
57
57
57
58
58
58
58
-1
59
59
59
60
60
60
60
61
61
61
61
61
61
61
62
62
62
62
62
62
63
63
63
63
63
63
63
64
64
64
64
64
-1
65
65
65
66
67
67
67
-1
68
68
68
69
69
69
70
70
70
70
70
70
70
71
71
71
71
71
71
71
72
72
72
72
72
72
72
73
73
73
73
73
73
73
-1
74
74
74
-1
75
75
75
-1
76
76
76
77
77
77
77
77
77
77
77
78
78
78
79
79
79
79
79
79
79
79
80
80
80
80
80
80
80
81
81
81
81
81
81
81
81
82
82
82
82
82
-1
83
83
83
-1
84
84
84
85
85
85
85
86
86
-1
87
87
87
88
88
88
88
89
90
90
90
91
91
91
92
92
92
92
92
92
92
-1
93
93
93
94
94
94
94
94
95
95
95
95
95
96
96
96
96
97
97
-1
98
98
98
98
98
98
98
98
-1
99
99
99
-1
100
100
100
-1
101
101
101
-1
102
102
102
103
103
103
103
103
-1
104
104
104
105
105
105
105
106
106
106
-1
107
107
107
107
107
108
108
108
108
108
109
109
109
109
109
110
110
110
110
110
111
111
111
111
112
112
112
112
112
113
113
113
113
113
113
113
114
114
114
114
115
115
115
115
116
116
116
116
117
117
117
117
118
118
118
118
118
118
118
118
119
119
119
119
120
120
120
120
120
-1
121
121
121
122
123
123
-1
124
124
124
125
125
125
125
126
126
126
126
126
127
127
127
127
127
127
-1
128
128
128
128
128
128
129
129
129
129
129
129
129
129
130
130
130
130
130
130
131
131
131
131
131
131
-1
132
132
132
133
134
132
132
135
135
135
135
-1
136
136
136
136
136
136
137
137
137
137
138
138
138
138
138
138
138
138
-1
139
139
139
-1
-1
140
140
-1
141
141
141
-1
142
142
142
143
143
143
143
143
-1
144
144
144
145
145
145
145
145
145
145
146
-1
-1
147
147
-1
-1
148
148
149
149
149
149
149
149
149
150
150
150
150
150
150
150
151
151
151
151
151
151
151
-1
152
152
152
-1
153
153
153
-1
154
154
154
155
155
155
155
155
156
156
156
156
157
157
157
157
157
157
157
158
158
158
158
159
159
159
159
159
159
160
160
160
160
-1
161
161
161
-1
162
162
162
163
163
163
163
163
163
163
164
164
164
164
165
165
165
165
166
166
166
166
166
167
167
167
167
168
168
168
168
169
169
169
169
169
169
169
170
170
170
170
170
170
170
171
171
171
171
172
172
172
172
173
173
173
173
174
174
174
174
-1
175
175
175
176
176
176
176
177
177
177
177
177
178
178
178
178
179
179
179
179
180
180
180
180
181
181
181
181
182
182
182
182
183
183
183
183
184
184
184
184
185
185
185
185
186
186
186
186
187
187
187
187
-1
188
188
188
-1
189
189
189
-1
190
190
190
191
191
191
191
191
-1
192
192
192
-1
193
193
193
-1
194
194
-1
195
195
195
196
196
196
196
196
196
196
197
197
197
197
197
197
197
198
198
198
198
198
198
198
-1
199
199
199
200
200
200
200
200
-1
-1
-1
-1
-1
201
201
201
202
202
202
202
202
202
-1
203
203
203
-1
204
204
204
-1
205
205
205
-1
206
206
206
-1
207
207
207
207
207
207
207
208
208
208
208
208
208
-1
209
209
209
-1
210
210
210
-1
211
211
211
-1
212
212
212
-1
213
213
213
-1
214
214
214
215
215
215
215
215
215
215
-1
-1
216
216
-1
217
217
217
218
218
218
218
219
219
219
219
219
219
219
219
220
220
220
220
221
221
221
221
222
222
222
222
223
223
223
223
223
223
223
224
224
224
224
224
224
225
225
225
225
225
225
226
226
226
226
227
227
227
227
228
228
228
228
229
229
229
229
-1
230
203
203
231
231
231
231
232
232
232
232
233
233
233
233
-1
-1
-1
-1
-1
234
234
234
234
235
235
235
235
236
236
236
237
237
237
238
238
238
238
238
239
239
239
239
239
239
239
240
240
240
240
240
240
-1
241
241
241
241
241
241
241
242
242
242
242
242
-1
243
243
243
243
243
243
244
244
244
244
245
245
245
245
245
245
245
246
246
246
246
246
246
246
-1
247
247
247
248
248
248
248
248
248
249
249
249
249
250
250
250
250
250
-1
251
251
251
252
252
252
252
252
252
252
-1
253
253
-1
254
254
255
255
-1
256
256
256
257
257
257
257
257
257
258
258
258
258
258
258
259
259
259
259
259
260
260
260
260
260
260
260
-1
261
261
261
-1
262
262
262
-1
263
263
263
-1
264
264
264
265
265
265
265
265
265
265
-1
266
266
-1
267
267
267
268
268
268
268
268
268
269
269
269
269
269
269
269
270
270
270
270
270
270
270
271
271
271
271
271
271
271
-1
272
272
272
-1
273
273
273
-1
274
274
274
-1
275
275
275
275
276
276
276
276
276
276
277
277
277
277
277
277
278
278
278
278
278
278
278
-1
-1
279
279
-1
280
280
280
-1
281
281
281
-1
282
282
282
-1
-1
283
283
284
284
284
284
284
284
-1
285
285
285
286
286
286
286
286
286
286
-1
287
287
287
-1
288
288
288
288
288
289
289
289
289
289
289
290
290
290
291
291
-1
292
292
292
293
293
293
293
293
294
294
294
294
294
294
294
295
295
295
295
295
295
296
297
297
297
297
297
297
298
298
298
298
299
299
299
299
299
300
300
300
300
300
-1
301
23
23
-1
302
302
302
-1
303
303
303
-1
304
304
304
-1
305
305
305
306
306
306
306
-1
307
307
307
-1
308
308
308
-1
309
309
309
310
310
310
310
311
311
311
311
311
311
-1
312
312
312
313
313
313
313
313
313
313
-1
314
314
314
315
315
315
315
316
316
316
66
317
317
317
318
318
318
318
318
319
319
319
320
320
321
321
-1
322
322
322
323
323
323
323
323
323
323
324
324
325
325
325
325
325
325
325
325
326
326
326
326
326
-1
327
327
327
328
328
328
328
329
329
329
329
-1
330
330
330
331
331
331
331
331
331
331
332
332
332
332
332
332
332
333
333
333
333
334
334
334
334
335
335
335
335
336
336
336
336
337
337
337
337
337
338
338
338
338
338
338
338
-1
339
339
339
340
329
329
329
-1
341
341
341
342
342
342
342
343
343
343
343
343
343
343
344
344
344
344
345
345
345
346
346
346
347
347
347
347
348
348
348
348
348
349
349
-1
350
350
350
-1
351
351
351
352
352
352
352
352
352
352
-1
353
353
353
354
354
354
354
354
354
-1
355
355
355
-1
356
356
356
357
357
357
357
357
357
358
358
358
358
358
359
359
359
359
359
359
360
360
361
361
361
-1
362
362
362
363
363
363
363
363
363
363
363
364
364
364
-1
365
365
365
366
366
366
366
366
366
366
367
367
367
368
368
368
368
368
368
368
369
369
369
369
369
369
370
370
370
370
370
370
370
-1
371
371
371
-1
-1
372
372
372
372
372
372
372
373
373
373
373
373
373
373
374
357
357
357
357
357
-1
375
375
375
375
375
375
375
376
376
376
377
377
377
377
378
378
378
379
379
379
379
380
380
380
380
380
380
380
381
382
382
382
382
383
383
383
383
383
383
384
384
384
384
385
385
385
386
386
387
387
387
387
388
388
389
389
389
390
390
390
391
391
391
392
392
392
392
393
393
393
393
394
394
394
394
394
394
394
395
395
395
395
-1
396
396
396
396
397
397
397
397
398
398
398
398
398
399
399
399
399
399
399
399
400
400
400
400
401
401
401
401
402
402
402
402
403
403
403
403
403
404
404
404
404
404
404
404
405
405
405
405
406
406
406
406
406
406
406
407
407
-1
-1
408
408
408
408
408
409
409
409
409
409
409
409
410
410
410
410
-1
411
411
132
-1
412
412
412
413
413
413
413
413
413
413
414
414
414
415
415
415
415
-1
-1
-1
-1
-1
416
416
416
416
416
416
417
417
417
417
418
418
418
419
419
419
419
419
419
420
420
420
420
420
420
421
421
421
421
421
422
422
422
422
423
423
423
423
424
424
424
424
424
424
424
424
-1
-1
425
425
425
426
426
426
426
426
426
426
427
427
427
427
427
427
427
428
428
428
428
428
429
429
429
429
429
429
429
-1
430
430
430
-1
431
431
431
-1
432
432
432
-1
433
433
-1
434
434
435
435
435
435
435
435
435
-1
-1
436
436
436
-1
437
437
437
438
438
438
438
438
438
439
439
439
439
439
439
440
440
440
-1
-1
-1
-1
441
441
441
442
442
442
442
443
443
443
443
443
444
444
444
444
444
444
444
445
445
445
445
445
445
445
446
446
446
446
446
446
446
447
447
447
447
447
447
447
448
448
448
448
448
448
448
449
449
449
449
449
449
449
449
-1
450
450
450
450
450
450
450
451
451
451
451
451
452
452
452
452
452
452
452
453
453
453
453
453
453
453
454
454
454
454
454
455
455
455
455
455
456
456
456
456
456
456
457
457
457
457
458
377
377
377
459
459
459
459
-1
460
460
460
-1
461
461
461
-1
462
462
462
-1
463
463
463
464
464
464
465
465
465
466
466
466
466
-1
467
467
467
468
468
468
468
468
468
468
-1
-1
-1
469
469
469
469
470
470
470
471
471
471
471
471
471
471
472
472
472
472
472
472
472
-1
473
473
473
-1
474
422
422
-1
475
475
475
476
476
476
476
476
476
476
-1
477
477
477
-1
478
478
478
479
479
479
479
479
480
480
480
480
480
-1
481
481
481
481
481
482
482
482
482
482
482
483
483
483
483
483
483
483
-1
-1
-1
484
484
484
-1
485
485
485
486
486
486
486
487
487
487
487
487
-1
488
488
488
489
489
489
489
490
490
490
490
490
490
491
491
491
491
491
491
491
492
492
492
492
493
493
493
494
494
494
494
494
494
494
-1
495
495
495
496
496
496
496
496
497
497
497
497
497
497
497
498
498
498
498
499
499
499
499
500
500
500
500
-1
501
501
501
502
502
502
503
503
503
504
504
504
504
504
504
505
505
505
505
506
506
506
506
506
506
506
507
507
507
507
507
508
508
508
509
509
509
509
509
509
509
510
510
510
510
510
510
510
-1
511
511
511
-1
-1
-1
512
512
512
-1
513
513
513
514
514
514
515
515
515
515
515
516
516
516
516
517
517
517
517
518
518
518
518
518
519
519
519
519
519
519
519
520
520
520
520
521
521
521
521
521
521
521
521
522
522
522
522
522
522
522
523
523
523
523
523
523
523
523
524
524
524
524
524
524
524
525
171
171
171
526
526
526
526
526
527
527
527
527
527
-1
528
528
528
-1
-1
529
529
211
-1
-1
530
531
531
-1
-1
532
532
-1
-1
533
533
-1
534
534
534
-1
-1
535
535
536
536
536
536
536
536
536
537
537
537
537
537
537
537
538
538
538
538
538
538
538
-1
539
540
540
-1
-1
541
35
-1
-1
-1
-1
-1
542
542
-1
543
543
543
543
544
544
544
544
544
544
544
545
545
545
545
545
545
545
-1
-1
546
546
-1
-1
547
547
-1
-1
548
548
549
549
549
549
549
549
549
549
-1
550
550
551
551
551
551
551
-1
552
552
552
552
552
552
-1
1615
-1
553
553
553
-1
-1
554
554
-1
-1
555
555
-1
556
556
-1
557
557
557
557
558
558
558
558
558
558
558
-1
559
559
559
559
559
560
560
560
560
560
561
561
561
561
561
-1
-1
562
562
-1
563
563
563
-1
-1
564
564
-1
565
565
566
566
566
566
566
566
566
567
567
567
567
567
568
568
568
568
568
568
569
569
569
570
570
570
-1
571
571
571
571
572
572
572
572
572
573
573
573
573
573
573
573
574
574
574
-1
575
575
575
575
575
575
575
-1
576
576
576
577
577
577
577
577
577
577
577
-1
578
578
578
578
579
579
579
579
579
579
579
579
580
580
580
580
580
580
580
580
-1
581
581
581
-1
582
582
582
-1
583
583
583
583
583
583
583
584
584
584
584
585
585
585
585
586
586
586
586
587
587
587
587
588
588
588
588
588
588
588
589
589
589
589
590
590
590
590
591
591
591
591
591
592
592
592
592
592
592
592
592
593
593
593
593
594
594
594
594
595
595
595
595
596
596
596
596
597
597
597
597
597
597
597
598
598
598
599
599
599
599
599
599
599
600
600
600
600
600
600
601
601
601
601
601
601
-1
602
602
602
602
602
603
603
603
603
604
604
604
604
604
604
604
605
605
605
605
605
606
606
606
606
606
606
606
607
607
607
607
607
607
608
608
608
608
608
608
608
-1
609
609
609
609
609
610
610
610
610
611
611
611
611
612
612
612
612
613
613
613
613
614
614
614
614
614
614
614
614
615
615
615
615
615
615
615
616
616
616
616
616
616
616
616
617
617
617
617
617
617
618
618
619
619
619
619
620
620
620
-1
621
621
621
621
-1
622
622
623
623
623
623
624
624
624
624
625
625
625
625
626
296
627
627
627
627
628
628
628
629
629
629
630
630
630
630
630
630
631
631
631
631
631
631
-1
632
632
632
633
633
633
633
634
634
634
635
635
635
635
636
636
636
636
636
637
637
637
637
637
637
637
638
638
638
638
639
639
639
640
640
640
640
640
641
641
641
641
642
642
642
642
643
643
643
643
644
644
644
644
645
645
645
645
646
646
646
646
647
647
647
648
648
648
648
649
649
649
649
649
649
650
650
650
650
650
650
650
651
651
651
651
652
652
652
652
653
653
653
653
654
654
654
654
654
654
654
655
655
655
655
655
655
655
-1
-1
-1
-1
656
656
-1
657
657
657
658
658
658
658
658
-1
659
659
659
-1
660
660
660
-1
661
661
662
662
662
662
662
662
663
663
663
663
663
-1
664
664
664
-1
665
665
665
-1
666
666
666
667
-1
668
668
669
669
669
669
669
669
669
670
671
671
671
672
673
673
673
674
674
674
674
674
-1
675
675
675
675
675
675
675
676
676
676
676
676
676
676
-1
677
677
677
-1
-1
678
678
-1
679
679
679
680
680
681
681
681
681
681
681
681
682
682
682
682
682
682
682
683
683
683
683
-1
-1
684
684
-1
685
686
686
687
688
688
688
689
689
689
689
689
689
689
690
690
690
690
690
690
691
691
691
691
691
692
692
692
692
692
692
693
693
693
693
694
694
695
695
695
695
695
695
695
696
696
696
696
696
696
696
-1
-1
697
697
697
-1
698
698
698
-1
699
699
699
-1
700
700
700
-1
701
701
701
702
702
702
702
702
703
703
703
703
703
704
704
704
704
704
705
705
705
705
705
706
706
706
706
707
707
707
707
707
707
707
-1
708
708
708
-1
709
709
709
-1
710
710
710
711
306
306
306
-1
712
712
712
713
713
713
713
713
713
-1
714
714
-1
715
715
715
715
715
715
715
716
716
716
716
716
716
716
717
717
717
717
717
717
717
718
718
718
718
718
718
718
719
719
273
273
-1
720
720
720
-1
721
721
721
-1
722
722
722
-1
723
723
723
-1
724
724
724
725
725
725
-1
726
726
726
727
727
727
727
728
728
728
728
728
728
-1
729
729
729
729
730
730
730
730
730
730
730
730
731
731
731
732
732
732
732
732
732
733
733
733
733
733
733
733
734
734
734
734
734
734
734
735
735
735
735
735
735
736
736
736
736
736
736
-1
737
737
737
738
738
738
738
739
739
739
739
-1
740
740
740
741
741
741
741
741
742
742
742
742
742
742
743
743
743
743
743
744
745
745
745
746
706
706
-1
747
747
747
748
748
748
748
749
749
749
749
749
-1
750
750
750
751
751
751
751
751
751
751
752
752
753
753
753
753
753
753
753
754
754
754
754
-1
755
755
755
-1
756
756
756
-1
757
757
757
758
758
758
758
759
759
759
444
444
760
760
760
760
760
760
760
761
761
761
761
-1
762
762
762
763
763
763
763
764
764
764
764
764
764
765
765
765
766
766
766
766
767
767
767
767
768
768
768
768
768
768
769
769
769
769
769
769
769
769
770
770
770
770
771
771
771
771
-1
772
772
772
772
772
772
773
773
773
773
773
774
774
774
775
775
775
775
776
776
776
776
776
777
777
777
777
-1
778
778
778
779
779
779
779
780
780
780
780
780
781
781
781
781
-1
-1
782
782
-1
783
783
-1
1190
-1
-1
784
784
784
-1
785
786
786
-1
787
787
787
-1
-1
-1
788
788
-1
789
790
790
-1
791
792
792
-1
-1
-1
-1
793
793
793
794
794
794
794
795
795
795
-1
796
796
796
-1
797
797
797
798
798
798
798
799
799
799
799
799
799
799
800
800
800
800
-1
801
801
801
801
801
801
801
-1
802
802
802
803
803
803
803
804
804
804
804
804
804
805
805
805
805
805
805
805
805
806
806
806
806
806
806
806
807
807
807
807
808
808
808
808
809
809
809
810
810
810
810
810
811
811
811
811
811
811
811
812
812
812
812
812
812
812
813
813
813
813
814
814
814
814
814
814
815
815
815
815
815
815
815
816
816
816
816
816
816
816
817
817
817
817
817
817
818
818
818
818
818
818
818
819
819
819
820
820
820
820
821
821
821
821
821
821
821
822
822
822
822
822
822
823
823
823
823
824
-1
825
825
-1
-1
826
826
827
827
827
827
827
827
827
-1
828
828
828
829
829
829
829
829
829
829
-1
830
830
830
831
831
831
831
831
832
832
832
832
833
833
833
833
834
834
834
834
834
834
834
834
835
835
835
835
835
835
835
836
836
836
836
837
837
837
837
837
837
837
837
838
838
838
839
839
839
839
839
839
839
839
840
840
840
840
841
841
841
841
842
842
843
843
843
843
843
843
843
844
844
844
844
845
845
845
845
846
846
846
847
847
847
847
847
848
848
848
848
-1
849
849
850
850
850
851
851
851
851
851
851
851
852
852
852
852
852
852
852
-1
853
853
853
854
854
854
854
855
855
855
855
856
856
856
856
856
856
856
857
857
857
857
857
858
858
858
858
859
859
859
859
859
859
859
860
860
860
860
-1
-1
861
861
861
861
862
862
862
862
862
862
862
862
863
863
863
863
864
864
864
864
865
865
865
865
866
866
866
866
866
866
866
867
867
867
-1
-1
868
868
-1
869
869
-1
-1
870
870
871
871
871
871
871
871
871
872
-1
873
873
-1
874
874
874
-1
-1
875
875
-1
-1
-1
876
876
-1
-1
877
877
878
878
878
878
878
878
878
-1
-1
-1
879
879
879
880
880
881
881
-1
15
15
15
-1
882
882
882
-1
883
883
883
884
670
670
670
885
885
885
885
885
885
-1
886
886
886
886
886
886
-1
887
887
887
-1
888
888
888
-1
889
889
889
-1
890
890
890
-1
891
891
891
892
892
892
892
893
893
893
893
894
894
894
894
895
895
895
895
895
895
895
895
896
896
897
897
898
898
898
898
899
899
899
899
899
899
899
900
900
900
900
900
900
900
901
901
901
901
901
901
901
902
902
902
902
903
903
903
903
904
904
904
904
-1
-1
-1
-1
-1
905
905
905
905
906
906
906
906
907
907
907
907
908
66
66
66
909
909
909
909
910
910
910
910
911
911
911
911
911
911
912
912
912
912
-1
913
913
913
-1
914
914
914
-1
915
915
915
916
916
916
916
916
916
-1
917
917
918
918
918
919
919
919
920
920
920
920
920
920
920
-1
-1
-1
921
921
-1
824
922
922
-1
923
923
923
924
-1
925
925
-1
-1
926
926
927
927
927
927
927
927
927
-1
-1
928
928
929
929
-1
930
930
931
931
931
931
931
931
-1
932
-1
933
933
-1
1088
934
934
-1
-1
935
935
-1
-1
936
936
-1
-1
937
937
-1
938
938
938
-1
-1
939
939
940
940
940
940
-1
941
941
941
941
942
942
942
942
-1
943
943
943
944
944
944
944
944
944
944
945
945
945
875
946
946
946
946
-1
-1
947
947
948
948
948
948
948
-1
-1
949
949
950
950
950
950
950
951
951
951
951
951
952
952
952
952
952
952
952
952
-1
953
953
953
953
-1
-1
954
954
-1
-1
955
955
956
956
956
956
956
957
957
957
957
957
957
957
-1
-1
958
958
-1
959
959
-1
960
960
960
961
961
961
961
961
962
962
962
962
962
962
963
963
963
1692
964
964
965
965
965
966
966
966
966
967
967
967
-1
968
968
849
969
969
969
-1
970
970
970
971
971
971
971
972
972
972
973
973
973
974
457
457
457
975
975
975
976
976
976
976
-1
-1
530
-1
-1
977
977
977
-1
978
978
978
-1
979
979
979
-1
980
980
980
981
981
981
981
982
982
982
982
983
983
983
-1
984
984
984
-1
985
985
752
-1
986
986
986
-1
987
987
987
-1
988
988
988
989
989
989
989
990
990
990
991
991
991
991
991
991
991
992
992
992
992
992
992
993
993
993
993
993
-1
994
994
994
-1
995
995
995
-1
996
996
996
-1
997
997
997
998
998
998
998
999
999
999
999
1000
1000
1000
1000
-1
1001
1001
1001
-1
1002
1002
1002
1002
1002
1002
1003
1003
1003
-1
1004
1004
1004
1005
1005
1005
1005
1005
1006
1006
1006
1006
1007
1007
1007
1007
1008
1008
1008
1008
1009
1009
1009
1009
1009
1010
1010
1010
1010
1010
1010
1010
1011
1011
1012
1012
1012
-1
1013
685
685
1014
1015
1015
1015
1016
1016
1016
1016
1017
1017
1017
1017
1018
1018
1018
1018
1019
1019
1019
1020
1020
1020
1020
1020
1020
1021
1021
1021
1021
1022
1022
1022
1023
1023
1024
1024
1024
1024
1025
1025
1025
1025
1026
1026
1026
1026
1026
1026
1027
1027
1027
1027
1028
1028
1028
1028
1029
1029
1029
964
-1
-1
1030
1030
1030
1031
1031
434
434
-1
1032
1032
1032
1033
1033
1033
1033
1034
1034
1034
1034
-1
1035
1035
1035
1036
1036
1036
1036
-1
1037
1037
1037
-1
1038
1038
-1
1039
1039
1039
-1
1040
1040
1040
-1
1041
1041
1041
-1
1042
1042
1042
-1
1043
1043
1043
1044
1044
1044
1045
1045
1045
1045
1045
1045
1045
1046
1046
1046
1047
1047
1047
1047
1048
1048
1048
1048
1048
1048
1048
1049
1049
1049
1049
1049
1049
1049
1050
1050
1050
1050
1050
1050
1051
1051
1051
1051
1051
1051
1052
1052
1052
1052
1052
1052
1053
1053
1053
1053
1053
1053
1054
1054
1054
1054
1054
1054
1055
1055
1055
1056
1056
1056
1056
1057
1057
1057
1057
1058
1058
1058
1058
1058
1058
1058
1059
1059
1059
1059
1059
1059
1059
-1
1060
1060
1060
1061
1061
1061
1061
1062
1062
1062
1062
1062
1063
1063
1063
1063
1063
1063
1063
1064
1064
1064
-1
1065
1065
-1
1066
1066
1066
1067
1067
1067
1067
1068
1068
1068
1068
1069
1069
1069
1069
1069
1069
1069
1070
1070
1071
1071
1071
1071
1072
1072
1072
1072
1072
-1
1073
1073
1073
1074
1074
1074
1074
1075
1075
1075
1075
1075
1075
1076
672
672
672
1077
1077
1077
1077
1078
1078
1078
1079
1079
1079
1079
1079
1079
1080
1080
1080
1080
1081
1081
1081
1081
1081
1081
1081
1082
1082
1082
1082
1082
1082
1083
1083
1083
1083
1083
1084
1084
1084
1085
1085
1085
1085
1086
1086
1086
1086
1087
1087
1087
1087
1088
1089
1089
1089
1090
1090
1090
1090
-1
1091
1091
1091
-1
1092
1092
1092
1093
1093
1093
1093
1093
1093
1093
1094
1094
1094
1095
1095
1095
1096
1096
1096
1096
1096
1097
1097
1098
1098
1098
1098
1098
1099
1099
1099
1099
1100
1100
1100
1100
1101
1101
1101
1101
1102
381
381
381
381
381
381
381
1103
1103
1103
1103
1103
1104
1104
1104
1104
1104
1105
1105
1105
1105
1106
1106
1106
1106
1107
1107
1107
1107
-1
1108
1108
1109
1109
1109
1109
-1
1110
1110
1110
1110
1110
1110
1111
1111
1111
1111
1111
1112
1112
1112
-1
-1
-1
-1
-1
1113
1113
1113
1113
1113
1113
-1
1114
1114
1114
-1
1115
1115
612
1116
1116
1116
1116
1116
1116
1116
1117
1117
1117
1117
1117
1117
-1
1118
1118
1118
-1
1119
1119
1119
-1
1120
-1
1121
1121
1121
1121
1122
1122
1122
1122
1122
1123
1123
1123
1123
-1
1124
1124
1124
1124
1124
1124
1124
1124
-1
1125
1125
1125
1126
1126
1126
1126
1126
1126
1126
1127
1127
1127
1127
1127
1127
-1
-1
1128
1128
-1
-1
1129
1129
-1
1598
1130
1130
-1
1131
1131
1132
1132
1132
1132
1132
1132
1132
-1
1133
1133
1133
1134
1134
1134
1134
1135
1135
-1
1136
1136
1136
-1
1137
1137
1137
1138
1138
1138
1138
1138
1138
-1
1139
1139
1139
-1
1140
1140
1140
-1
1141
1141
1141
-1
1142
1142
1142
1143
1143
1143
1143
1143
1143
1143
-1
-1
1144
1144
1144
-1
1145
1145
1145
-1
1146
1146
1146
-1
1147
1147
1147
-1
1148
1148
1148
1149
1149
1149
1149
1149
1149
1149
-1
-1
1150
1150
1150
-1
1151
1151
1151
1152
1152
1152
1152
1152
1152
1152
1153
1153
1153
1153
1153
1153
1153
-1
1154
1154
779
-1
-1
1155
1155
-1
-1
1156
1156
-1
-1
-1
1157
1157
1157
1158
1158
1158
1158
1158
1158
1159
1159
1159
1159
1159
1159
1159
-1
1160
1160
1160
-1
-1
1161
1161
-1
1162
1162
1162
-1
1229
1163
228
-1
1164
1164
-1
1165
1165
1165
1166
1166
1166
1166
1166
1166
1167
1167
1167
1167
1167
-1
89
1168
1168
-1
-1
1169
1169
-1
1170
1170
1170
-1
1171
1171
1171
1172
857
857
857
-1
1173
1173
-1
1174
1174
1174
-1
-1
1175
1175
-1
1176
1176
1176
-1
1177
1177
1177
1178
1178
1178
1178
1178
1178
1179
1179
1179
1179
1179
1179
1179
1180
1180
1180
1180
1180
1180
1180
-1
-1
1181
1181
1181
-1
1182
1182
1182
1183
1183
1183
1183
1183
1183
1184
1184
1184
1184
1184
1184
1184
1184
1185
1185
1185
1185
1185
1185
1185
1186
1186
1186
1186
1186
-1
1187
1187
1187
-1
-1
1188
1188
1188
1188
1188
1188
-1
-1
-1
-1
-1
-1
-1
-1
-1
-1
-1
-1
-1
1189
1189
1189
1190
860
860
860
-1
1191
1191
1191
1192
1192
1192
1193
1193
1193
1194
1195
1195
1195
1195
1195
-1
1196
1196
-1
-1
-1
-1
-1
-1
1197
1197
-1
-1
-1
-1
-1
-1
-1
1198
1198
1198
1198
-1
1199
1199
1199
-1
1200
1200
1200
1200
-1
-1
1201
1201
-1
1202
1202
1202
1203
1204
1204
1204
-1
-1
1205
488
-1
-1
1206
1206
1207
1207
1207
1207
1207
1207
1207
1208
1209
1209
1209
1209
-1
1210
1210
-1
1203
1203
1203
1203
-1
-1
-1
1211
1211
1211
1212
1212
1212
1212
1212
1212
1213
1213
1213
1213
1213
1213
1214
1214
1214
1214
1214
1214
1215
1215
1215
1215
1215
1215
1215
1215
-1
1216
1216
-1
-1
1217
1217
-1
-1
1218
668
-1
-1
-1
-1
-1
1219
1219
1219
1219
1220
1220
1220
1220
1220
1220
1220
1221
1221
1221
1221
1221
1222
1222
1222
1222
1222
1222
1222
1222
-1
706
706
706
-1
1223
1223
1223
-1
1224
1224
1224
1224
1225
1225
1225
1225
1225
1225
1225
-1
-1
1226
1226
-1
1227
1227
1227
-1
-1
1228
1228
1229
-1
1230
1230
-1
1231
1231
1109
-1
-1
1232
1232
-1
1233
1233
1233
-1
1234
1234
1234
1234
1234
1234
-1
-1
1235
1235
1235
1236
1236
1237
1237
1237
1237
1237
-1
1238
1238
1238
1239
1239
1239
1239
1240
146
146
146
146
146
146
1241
1241
1241
1241
1241
1242
1243
1243
1243
1243
1243
-1
1244
1244
1244
1244
1245
1245
1246
1246
1246
1247
1247
1247
1247
1247
1248
1248
1248
1248
1248
1248
1249
1249
1249
1249
1249
1250
1250
1250
1250
1250
1250
1250
1251
1251
1251
1251
1251
1251
1252
1252
1252
1252
1252
1252
-1
1253
1253
1253
1254
1254
1254
1254
1255
1255
1255
1256
1256
1256
1256
1256
1256
1256
-1
1257
1257
1257
1258
1258
1258
1259
1259
1259
1259
1260
1025
1025
1025
1261
1261
1261
1261
1262
1262
1262
1262
1262
1262
1263
1263
1263
1263
-1
1264
1264
1264
1265
1265
1265
1265
1266
1266
1267
1267
1267
-1
1268
1268
1268
-1
1269
1269
1269
1269
-1
1270
1270
1270
-1
-1
1271
1271
1271
1271
1271
1271
1271
1272
1272
1272
1272
1272
1272
1273
1273
1273
1273
1274
1274
1274
1274
1275
1275
1276
1276
1276
1276
1277
1277
1277
1278
1278
1278
1278
1278
1278
1278
1279
1279
1279
1279
1280
1280
1280
1280
1281
1281
1281
1282
1282
1282
1283
1283
1283
1283
-1
1284
1284
1284
1285
1285
1285
1285
1285
1285
-1
1286
1287
1287
-1
1288
1288
1288
-1
1289
1289
-1
1290
1290
1290
1291
1291
1291
1291
1291
1291
1292
1292
1292
1292
1292
1292
1292
-1
1293
1293
1293
-1
1294
1294
1294
1295
1295
1295
1295
1295
1295
1295
-1
1296
1296
1296
-1
1297
1297
1297
-1
1298
1298
1298
1299
1299
1299
1299
1299
1299
1300
1300
1300
1300
1300
1300
1301
1301
1301
1301
1301
-1
1302
1302
1303
1303
1303
-1
1304
1304
1304
1305
1305
1305
1305
1305
1305
1305
1305
1306
1306
1306
-1
-1
-1
924
924
924
1307
1307
1307
1307
1307
1308
1308
1308
1308
1308
-1
1309
1309
1309
-1
-1
-1
-1
1310
1310
1310
-1
1311
1312
1312
-1
-1
1313
1313
-1
-1
194
194
-1
1314
1314
1314
-1
-1
1315
34
-1
1316
1316
1316
1317
1317
1317
1317
1317
1317
1317
-1
1318
1318
1318
1319
1320
1320
1320
-1
1321
1321
1321
1322
1322
1322
1322
1322
1322
1322
1323
1324
1324
1324
-1
1325
1325
1325
-1
1326
1326
1326
-1
1327
1327
1327
1328
1328
1328
1328
1328
1329
1329
1330
1330
1330
-1
-1
1331
1331
-1
-1
1332
1332
1333
1333
1333
1333
1333
1333
1333
1334
1334
1334
1334
1334
1335
1335
1335
1335
1336
1336
1336
1336
1336
1336
1336
-1
1337
1337
1337
125
125
125
-1
1286
1286
1286
1338
1338
1338
1339
1339
1339
1340
1340
1340
1340
1340
1340
1340
-1
1341
687
687
-1
1342
247
-1
1343
1311
1311
-1
1344
1344
1344
-1
1345
1345
1345
1345
-1
1346
1346
1347
1347
1347
1348
1348
1348
1349
1349
1349
1349
1349
1349
1350
1350
1350
1350
1351
1351
1351
1352
1352
1352
1352
1353
1353
1353
1353
1354
1354
1354
1354
-1
1355
1355
1355
1356
1356
1356
1356
1356
1357
1357
1357
1357
-1
1358
1358
1358
-1
1359
1359
1359
-1
1360
1360
1360
1361
1361
1361
1362
1362
1362
1363
1363
1363
1363
1363
1363
1363
1364
1364
1364
1364
1364
1364
1364
1365
1365
1365
1366
1367
1367
1367
-1
1368
1368
1368
1369
1369
1369
1369
1369
1369
-1
-1
1370
1323
1323
1323
1371
1371
1371
1371
1372
1372
1372
1372
1372
1372
1372
1373
1373
1373
1374
1374
1374
1374
1375
1375
1375
1375
1376
1376
1376
1377
1377
1377
1377
1378
1378
1378
1378
1379
1379
1379
1379
1379
1379
1380
1380
1380
1380
1380
1380
1380
1381
1381
1381
1381
1382
66
66
66
1383
1383
1383
1383
1384
1384
1384
1384
1385
1385
1385
1385
1385
1385
1386
1386
1386
1386
1386
1386
1386
1387
1387
1387
1387
1388
1388
1388
1388
1389
1389
1389
1389
1390
1390
1390
1391
1391
1391
1391
1391
1391
1392
1392
1392
1392
1393
1394
1394
1394
1395
1395
1396
1396
1396
1396
1396
1396
1396
1397
1397
1397
1397
1397
1397
-1
1398
1398
1398
-1
1399
1399
1400
1400
1400
1400
1400
1400
1400
1401
1401
1401
1401
1401
1401
-1
1402
1402
1402
-1
1403
1403
1404
1404
1405
1405
1405
1405
1405
-1
1406
1406
1406
-1
1407
1407
1407
-1
1408
1408
1408
-1
1409
1409
1409
1410
1410
1410
1410
1410
1410
1410
1410
-1
1411
1411
1412
1412
-1
1413
1413
1413
-1
1414
1414
1414
1415
1415
1415
1415
1416
1416
1416
1416
1417
1417
1417
1417
1417
1417
1417
-1
1418
1418
1418
1419
1419
1419
1419
1419
1420
1420
1420
1420
-1
1421
1421
1421
-1
1422
1422
1423
1423
1423
1423
-1
1424
1424
1424
1425
1425
1425
1425
1425
1425
-1
1426
1426
1426
1427
1427
1427
1427
1428
1428
1428
1428
-1
1429
1429
1429
-1
667
667
667
1430
1430
1430
1430
1431
1431
1431
1432
1432
1432
1432
1433
1434
1434
1434
1435
1435
1435
1435
1435
1436
1436
1436
1437
1437
1437
1437
1437
1437
1437
-1
1438
1438
1438
1438
1439
1439
1439
1439
1439
1439
1439
1440
1440
1440
1440
1440
1440
1441
1441
1441
1441
1441
1441
1441
1442
1442
1442
1442
1442
1442
1442
1443
1443
1443
1443
1444
1444
1444
1444
1445
1445
1445
1445
1446
1446
1446
1446
1447
1447
1447
1447
1447
1448
1448
1448
1448
1449
1449
1449
1449
1449
1449
1449
1450
1450
1450
1450
1451
1451
1451
1451
1452
1452
1452
1452
1453
1453
1453
1453
1454
1454
1454
1454
1455
1455
1455
1455
1456
1456
1456
1456
1457
1457
1457
1457
1458
1458
1458
1459
1459
1459
1459
1460
1460
1460
1460
1461
1461
1461
1461
1461
1461
1461
1462
1462
1463
1463
1463
1463
1463
1463
1463
1464
1464
1464
1464
1464
1464
1464
1465
1465
1465
1465
1465
1466
1466
1466
1466
-1
1467
1467
1467
1467
1467
1468
1468
1468
1468
1469
1469
1469
1469
1470
1470
1470
1470
1471
1471
1471
1472
1472
1473
1473
1473
1473
1474
1474
1474
1474
1474
1474
1474
1474
1475
1475
1476
1476
1476
1476
1476
1476
1476
1477
1477
1477
1477
1477
-1
1478
1478
1478
1478
1478
1478
1478
1479
1479
1479
1479
1480
1480
1480
1480
1480
1480
1480
1480
1481
1481
1481
1481
1482
1482
1482
1482
1483
1483
1483
1483
1484
1484
1484
1484
1485
1485
1485
1485
1485
1485
1485
1485
1486
1486
1486
1486
1487
1487
1487
1487
1488
1488
1488
478
1489
1489
1489
1489
1490
1490
1490
1490
1491
1491
1491
1491
1492
1492
1068
1068
1493
1493
1493
1493
1494
1494
1494
1495
1495
1495
1495
1495
1495
1495
1496
1496
1496
1496
1496
1496
1496
1496
1497
1497
1497
1497
1498
1498
1499
1499
1499
1499
1499
1499
1499
1499
1500
1500
1500
1500
1500
1501
1501
1501
1501
1501
1501
1501
-1
1502
1502
1502
1502
1502
1503
1503
1503
1503
1503
1503
1503
1504
1504
1504
1504
1505
1505
1506
1506
1506
1506
1507
1507
1507
1507
1508
1508
618
1509
1509
1509
1509
1510
1510
1510
1510
1510
1510
1511
1511
1511
1511
1511
1512
1512
1512
1512
1512
1512
1512
1513
1513
1513
1513
1513
1513
1514
1514
1514
1514
1514
1514
1514
1515
1515
1515
1515
1515
1515
1516
1516
1516
-1
1517
1517
1517
1517
1517
1517
1517
1518
1518
1518
1518
1519
1519
1520
1520
1520
1520
1520
1520
1521
1521
1522
1522
1522
1522
-1
1523
1523
1523
-1
1524
1524
1524
1525
1525
1525
1525
1526
1526
1526
1526
1526
1526
1526
1527
1527
1527
1527
1527
1528
1528
1528
1528
1528
1528
-1
-1
1529
1529
1530
1530
1530
1530
1530
-1
-1
1255
1255
-1
1531
1531
1531
1531
1531
1531
1532
1532
1532
1532
1533
1533
1533
1533
1533
1533
1534
1534
1534
1534
1534
1535
1016
1016
1016
1016
1536
1536
1536
1536
1537
1537
1537
1537
1537
1537
1538
1538
1538
1538
-1
1539
1539
1539
1540
1540
1540
1540
1540
1540
1541
1541
1541
1541
1541
1541
1541
1542
1542
1542
1542
1543
1543
1543
1543
1543
1543
1543
1544
1544
1544
1544
1545
1546
1546
1546
1547
1547
1547
1547
1548
1548
1548
1548
1548
1548
1548
1549
1549
1549
1549
1549
1549
1549
1550
1550
1550
1550
1551
1551
1551
1551
1551
1551
1551
1552
1552
1552
1552
-1
1553
1553
1553
-1
1554
67
67
-1
1555
1555
1555
1556
1556
1556
1556
1556
1557
1557
1557
1557
1557
1557
1557
1558
1558
1558
-1
1559
1559
1559
-1
1560
1560
1560
-1
-1
-1
1561
-1
-1
1562
1562
1562
1563
1563
1563
-1
1564
1564
1564
-1
1565
1565
1565
1566
1566
1566
1566
1567
1567
1567
1568
1568
1568
1568
1568
1568
1568
-1
1569
1569
1569
-1
1570
1570
1570
-1
1571
1571
936
-1
1572
1572
1572
-1
1573
1573
1573
-1
1574
1574
1574
-1
1575
1575
1575
-1
1576
1576
1576
-1
1577
1577
1577
-1
1578
1578
1578
-1
1579
1579
1579
-1
1580
1572
1572
-1
1581
1581
1581
1582
1582
1582
1582
1582
1582
1582
1583
1583
1583
1583
1583
1583
1583
1584
1584
1584
1584
1584
1585
1585
1585
-1
1586
1586
1587
1587
1587
1588
1588
1588
1588
1588
1588
-1
1589
1589
1589
-1
1590
1590
1590
1591
91
91
1592
1592
1592
1592
1592
1592
1592
1593
1593
1593
1593
-1
1594
1594
1594
1595
1595
1595
1595
1595
1595
1595
1596
1596
1596
1596
-1
1597
1597
1597
1598
1599
1599
1599
1600
1600
1600
1600
1600
1600
1600
1601
1601
1601
1601
1601
1601
1601
1602
1602
1602
1602
1603
1603
1603
1603
1604
1604
1604
1604
1604
1604
1605
1605
1605
1606
1606
1606
1606
1606
1607
1607
1607
1607
-1
1608
1608
1608
1608
1608
1609
1609
1610
1610
1610
1610
1610
1610
-1
1611
1611
1611
-1
1612
1612
1612
1613
1613
1613
1613
1613
1614
1614
1614
1614
1614
1614
1615
1615
1615
1615
1616
1616
1616
1616
1616
1616
1616
1616
-1
1617
1617
1617
-1
1618
1618
1618
1619
1619
1619
1619
1619
1619
1619
1620
1620
1620
1620
1621
1621
1621
1621
1622
1622
1622
1622
1623
1623
1623
1623
-1
1624
1624
1624
1625
1625
1625
1625
1626
1626
1626
1626
1626
1626
1626
1627
1627
1628
1628
1628
1629
1629
1629
1629
1630
1630
1630
-1
1631
1631
1631
-1
1632
1632
1632
1633
1633
1633
1633
1633
1633
1633
1634
1634
1634
1634
1635
1635
1635
1635
1635
1635
1636
1636
1636
1636
1636
1636
1636
1636
1637
1637
1637
1637
1638
1638
1638
1638
1638
1638
1638
1639
1639
1639
1639
1639
1639
1639
1640
1640
1640
1640
1641
1641
1641
1641
1642
1642
1642
1642
1643
1643
1643
1643
1644
1644
1644
1644
1645
1645
1645
1645
1645
1645
1646
1646
1646
1646
1646
1646
1647
1647
1647
1647
1647
1648
1648
1648
1648
1648
1648
1648
1649
1649
1649
1649
1649
1649
1650
1650
1651
1651
1651
1651
1651
1651
1652
1652
1652
1652
1652
1652
1652
1653
1653
1654
1654
1654
1655
1655
1655
1655
1655
1655
1656
1656
1656
1657
1657
1657
1657
1658
1658
1658
1658
1659
820
820
820
1660
1660
1660
1660
1661
1661
1661
1661
1662
1662
1662
1662
1663
1663
1663
1663
1663
1663
1663
1663
1664
1664
1664
1664
1664
1664
1665
1665
1665
1665
1665
1665
1666
1666
1666
1666
1666
1666
1667
1667
1667
1667
1667
1667
1667
1668
1668
1669
1669
1669
1669
1670
1670
1670
1670
1671
1671
1671
1671
1672
1672
1672
1672
1673
1673
1673
1673
1674
1674
1674
1674
1675
1675
1675
1675
1675
1675
1675
1676
1676
1676
1676
1676
1677
1677
1677
1677
1678
1678
1678
1678
1679
1679
1679
1679
1679
1679
1679
1680
1680
1680
1680
1681
1681
1681
434
1682
1682
1682
1682
1683
1683
1683
1683
1684
1684
1684
1684
1685
1685
1685
1685
1686
1686
1686
1686
1686
1687
1687
1687
1687
1687
1687
1688
1688
1688
1688
1688
1689
1689
1689
1689
1689
1689
1690
1690
1690
1690
1690
1690
1690
1691
1691
1691
1691
1691
1691
1691
1692
1692
1692
1692
1693
1693
1693
1693
1694
1694
1694
1694
1695
1695
1695
1695
1696
1696
1696
1696
1696
1696
1696
1697
1697
1697
1697
1697
1698
1698
1698
1698
1698
1698
1698
1699
1699
1699
1699
1699
1699
1700
1700
1700
1700
1700
1700
1701
1701
1701
1701
1702
1702
1702
1702
1703
1703
1703
1703
1703
1703
1703
1703
1704
1704
1704
1704
-1
1705
1706
1366
1707
1707
1707
1707
1707
1707
1707
-1
-1
1708
1709
1709
1709
1709
1709
1710
1710
1710
1710
1710
1710
1710
1711
1711
1711
1711
1711
-1
1712
1712
1712
1712
1712
1712
1712
1713
1713
1713
1713
1713
1713
1713
1714
1714
1714
1714
1714
1715
1716
1716
1716
1717
1717
1717
1717
1717
-1
1718
1718
1718
-1
1719
1719
1719
1720
1720
1720
1720
1720
1720
1721
1721
1721
1721
1721
1721
1721
1722
1722
1722
1722
1722
1722
1722
1723
1723
1723
1723
1723
1063
1063
1724
1724
1724
1725
1725
1725
-1
1726
1726
1726
-1
1727
1727
1727
-1
1728
1728
1728
-1
1729
1729
1729
-1
1730
1730
1730
-1
-1
1731
1731
1732
1732
1732
1732
1732
1733
1733
1733
1733
1733
-1
-1
1734
1734
1734
-1
1735
1735
1735
-1
-1
1736
1736
1737
1737
1737
1737
1737
1737
1737
-1
1738
1738
1738
-1
-1
290
290
-1
1739
1739
1739
1740
1740
1740
1740
1740
-1
1741
1741
1741
1741
1741
1741
1741
1742
1742
1742
1742
1742
1742
1742
1742
1743
1743
1743
1743
1743
1743
1744
1744
1744
1744
1744
1744
1744
1745
1745
1745
1745
1745
1745
1746
1746
1746
1746
1746
1746
1746
1747
1747
1747
1747
1747
1747
1747
1748
1748
1748
1748
1748
1748
1748
-1
1749
1282
1750
1751
1751
1751
-1
1752
1752
-1
-1
1753
1753
-1
1754
578
578
-1
1755
665
665
-1
-1
1756
1756
1757
1757
1757
1757
1758
1758
1758
1758
1758
1759
1759
1759
1759
1759
-1
1760
1760
1760
-1
1761
1761
1761
-1
1762
1762
-1
1763
1763
1763
-1
1764
1764
1764
-1
-1
-1
1433
1765
1765
-1
1766
1766
1766
-1
1767
1767
1767
-1
1768
1768
1768
1769
1769
1769
1769
1769
1769
1769
1770
1770
1770
1770
1770
1770
1770
1771
1771
1771
1771
1771
1771
1771
-1
1772
1772
-1
1773
1773
1773
-1
1774
1774
1774
-1
-1
1775
1775
-1
-1
1776
1776
-1
1777
1777
1777
1778
1778
1778
1778
1778
687
791
-1
-1
1779
1779
1779
1780
1780
1780
1780
1780
1780
1780
1781
1781
1781
1781
1781
1782
1782
1782
1782
1783
1783
1783
1783
1783
1784
1784
1784
1784
1784
1784
1784
1785
1785
1785
1785
1786
1350
1787
1787
1787
1787
1787
-1
1788
1788
1788
1788
1789
1789
1789
1789
1790
1790
1790
1790
1791
1791
1791
1792
1792
1792
1792
1793
1793
1794
1794
1794
1794
1794
1795
1795
1795
1795
1796
1796
1796
1796
1797
1797
1797
1797
1797
1797
1797
1798
1798
1798
1798
1798
-1
1799
1799
1799
1799
1800
1800
1800
1800
1800
1800
1800
1801
1801
1801
1801
1802
1802
1802
1802
1803
749
749
749
749
1804
1804
1804
1805
1805
1805
1805
1805
1806
1806
1806
1806
1806
1806
1806
-1
1807
1807
1807
1808
1808
1808
1808
1808
1808
-1
1809
1809
1809
1810
1810
1810
1811
1811
1811
1811
1811
1811
1811
1812
1812
1812
1812
1813
1813
1813
1813
1813
-1
1814
1814
1814
1815
1815
1815
1815
1815
1815
1815
1816
1816
1816
1816
1816
1816
-1
1817
1817
1817
-1
1818
1818
1818
1819
1819
1819
1819
1819
1819
1819
1820
-1
-1
1821
1821
1041
1822
1822
1822
1822
1822
1822
1822
1823
1366
1366
1366
1824
1824
1824
1824
1824
1824
1824
